5.108000000000000318e-01 1.000000000000000000e+01
4.783999999999999919e-01 2.000000000000000000e+01
4.763999999999999901e-01 3.000000000000000000e+01
4.692000000000000060e-01 4.000000000000000000e+01
4.863999999999999990e-01 5.000000000000000000e+01
4.768000000000000016e-01 6.000000000000000000e+01
4.792000000000000148e-01 7.000000000000000000e+01
4.799999999999999822e-01 8.000000000000000000e+01
4.788000000000000034e-01 9.000000000000000000e+01
4.776000000000000245e-01 1.000000000000000000e+02
5.056000000000000494e-01 1.100000000000000000e+02
4.815999999999999726e-01 1.200000000000000000e+02
4.968000000000000194e-01 1.300000000000000000e+02
5.131999999999999895e-01 1.400000000000000000e+02
4.716000000000000192e-01 1.500000000000000000e+02
4.895999999999999797e-01 1.600000000000000000e+02
4.672000000000000042e-01 1.700000000000000000e+02
4.908000000000000140e-01 1.800000000000000000e+02
4.368000000000000216e-01 1.900000000000000000e+02
4.832000000000000184e-01 2.000000000000000000e+02
4.879999999999999893e-01 2.100000000000000000e+02
4.843999999999999972e-01 2.200000000000000000e+02
4.583999999999999742e-01 2.300000000000000000e+02
4.888000000000000123e-01 2.400000000000000000e+02
4.663999999999999813e-01 2.500000000000000000e+02
5.028000000000000247e-01 2.600000000000000000e+02
4.819999999999999840e-01 2.700000000000000000e+02
4.835999999999999743e-01 2.800000000000000000e+02
4.899999999999999911e-01 2.900000000000000000e+02
4.667999999999999927e-01 3.000000000000000000e+02
5.020000000000000018e-01 3.100000000000000000e+02
4.680000000000000271e-01 3.200000000000000000e+02
4.884000000000000008e-01 3.300000000000000000e+02
4.640000000000000235e-01 3.400000000000000000e+02
4.723999999999999866e-01 3.500000000000000000e+02
4.699999999999999734e-01 3.600000000000000000e+02
4.815999999999999726e-01 3.700000000000000000e+02
4.984000000000000097e-01 3.800000000000000000e+02
4.955999999999999850e-01 3.900000000000000000e+02
5.028000000000000247e-01 4.000000000000000000e+02
5.063999999999999613e-01 4.100000000000000000e+02
4.739999999999999769e-01 4.200000000000000000e+02
4.712000000000000077e-01 4.300000000000000000e+02
4.948000000000000176e-01 4.400000000000000000e+02
4.948000000000000176e-01 4.500000000000000000e+02
4.743999999999999884e-01 4.600000000000000000e+02
4.663999999999999813e-01 4.700000000000000000e+02
4.643999999999999795e-01 4.800000000000000000e+02
4.779999999999999805e-01 4.900000000000000000e+02
4.683999999999999830e-01 5.000000000000000000e+02
4.723999999999999866e-01 5.100000000000000000e+02
4.727999999999999980e-01 5.200000000000000000e+02
4.712000000000000077e-01 5.300000000000000000e+02
4.855999999999999761e-01 5.400000000000000000e+02
4.879999999999999893e-01 5.500000000000000000e+02
4.819999999999999840e-01 5.600000000000000000e+02
4.879999999999999893e-01 5.700000000000000000e+02
5.080000000000000071e-01 5.800000000000000000e+02
4.783999999999999919e-01 5.900000000000000000e+02
4.971999999999999753e-01 6.000000000000000000e+02
4.803999999999999937e-01 6.100000000000000000e+02
4.779999999999999805e-01 6.200000000000000000e+02
4.680000000000000271e-01 6.300000000000000000e+02
4.895999999999999797e-01 6.400000000000000000e+02
4.524000000000000243e-01 6.500000000000000000e+02
4.424000000000000155e-01 6.600000000000000000e+02
4.672000000000000042e-01 6.700000000000000000e+02
4.852000000000000202e-01 6.800000000000000000e+02
4.859999999999999876e-01 6.900000000000000000e+02
4.732000000000000095e-01 7.000000000000000000e+02
4.540000000000000147e-01 7.100000000000000000e+02
4.471999999999999864e-01 7.200000000000000000e+02
4.536000000000000032e-01 7.300000000000000000e+02
4.672000000000000042e-01 7.400000000000000000e+02
4.636000000000000121e-01 7.500000000000000000e+02
4.687999999999999945e-01 7.600000000000000000e+02
4.551999999999999935e-01 7.700000000000000000e+02
4.531999999999999917e-01 7.800000000000000000e+02
4.823999999999999955e-01 7.900000000000000000e+02
4.879999999999999893e-01 8.000000000000000000e+02
4.504000000000000226e-01 8.100000000000000000e+02
4.603999999999999759e-01 8.200000000000000000e+02
4.687999999999999945e-01 8.300000000000000000e+02
4.763999999999999901e-01 8.400000000000000000e+02
4.763999999999999901e-01 8.500000000000000000e+02
4.799999999999999822e-01 8.600000000000000000e+02
4.839999999999999858e-01 8.700000000000000000e+02
4.776000000000000245e-01 8.800000000000000000e+02
4.832000000000000184e-01 8.900000000000000000e+02
4.803999999999999937e-01 9.000000000000000000e+02
4.747999999999999998e-01 9.100000000000000000e+02
4.759999999999999787e-01 9.200000000000000000e+02
4.892000000000000237e-01 9.300000000000000000e+02
4.732000000000000095e-01 9.400000000000000000e+02
4.712000000000000077e-01 9.500000000000000000e+02
4.859999999999999876e-01 9.600000000000000000e+02
4.620000000000000218e-01 9.700000000000000000e+02
4.440000000000000058e-01 9.800000000000000000e+02
4.872000000000000219e-01 9.900000000000000000e+02
4.899999999999999911e-01 1.000000000000000000e+03
