7.299999999999999822e-01
3.099999999999999978e-01
2.399999999999999911e-01
2.200000000000000011e-01
1.600000000000000033e-01
1.300000000000000044e-01
1.199999999999999956e-01
1.100000000000000006e-01
1.100000000000000006e-01
1.100000000000000006e-01
1.000000000000000056e-01
1.000000000000000056e-01
7.000000000000000666e-02
7.000000000000000666e-02
7.000000000000000666e-02
5.999999999999999778e-02
5.999999999999999778e-02
5.000000000000000278e-02
4.000000000000000083e-02
2.999999999999999889e-02
2.999999999999999889e-02
2.000000000000000042e-02
1.000000000000000021e-02
1.000000000000000021e-02
0.000000000000000000e+00
0.000000000000000000e+00
0.000000000000000000e+00
0.000000000000000000e+00
0.000000000000000000e+00
0.000000000000000000e+00
