6.800000000000000488e-01
2.300000000000000100e-01
1.600000000000000033e-01
8.000000000000000167e-02
4.000000000000000083e-02
4.000000000000000083e-02
4.000000000000000083e-02
2.999999999999999889e-02
2.000000000000000042e-02
2.000000000000000042e-02
1.000000000000000021e-02
1.000000000000000021e-02
1.000000000000000021e-02
1.000000000000000021e-02
1.000000000000000021e-02
1.000000000000000021e-02
0.000000000000000000e+00
0.000000000000000000e+00
0.000000000000000000e+00
0.000000000000000000e+00
0.000000000000000000e+00
0.000000000000000000e+00
0.000000000000000000e+00
0.000000000000000000e+00
0.000000000000000000e+00
0.000000000000000000e+00
0.000000000000000000e+00
0.000000000000000000e+00
0.000000000000000000e+00
0.000000000000000000e+00
