0.00000e+00 7.44000e+02
1.00000e+01 4.93000e+02
2.00000e+01 3.68000e+02
3.00000e+01 3.69000e+02
4.00000e+01 3.41000e+02
5.00000e+01 2.31000e+02
6.00000e+01 2.61000e+02
7.00000e+01 3.10000e+02
8.00000e+01 2.91000e+02
9.00000e+01 2.39000e+02
1.00000e+02 1.96000e+02
1.10000e+02 1.60000e+02
1.20000e+02 1.67000e+02
1.30000e+02 1.64000e+02
1.40000e+02 1.82000e+02
1.50000e+02 1.64000e+02
1.60000e+02 1.44000e+02
1.70000e+02 1.19000e+02
1.80000e+02 1.12000e+02
1.90000e+02 9.80000e+01
2.00000e+02 1.21000e+02
2.10000e+02 1.22000e+02
2.20000e+02 1.15000e+02
2.30000e+02 9.70000e+01
2.40000e+02 1.16000e+02
2.50000e+02 8.80000e+01
2.60000e+02 9.00000e+01
2.70000e+02 6.00000e+01
2.80000e+02 6.90000e+01
2.90000e+02 4.70000e+01
3.00000e+02 5.30000e+01
3.10000e+02 5.70000e+01
3.20000e+02 7.30000e+01
3.30000e+02 7.30000e+01
3.40000e+02 8.50000e+01
3.50000e+02 7.60000e+01
3.60000e+02 5.60000e+01
3.70000e+02 5.50000e+01
3.80000e+02 5.40000e+01
3.90000e+02 5.60000e+01
4.00000e+02 5.70000e+01
4.10000e+02 5.80000e+01
4.20000e+02 6.00000e+01
4.30000e+02 7.90000e+01
4.40000e+02 8.80000e+01
4.50000e+02 1.05000e+02
4.60000e+02 1.13000e+02
4.70000e+02 9.20000e+01
4.80000e+02 1.00000e+02
4.90000e+02 1.10000e+02
5.00000e+02 1.37000e+02
5.10000e+02 1.37000e+02
5.20000e+02 1.41000e+02
5.30000e+02 1.09000e+02
5.40000e+02 1.12000e+02
5.50000e+02 1.15000e+02
5.60000e+02 1.17000e+02
5.70000e+02 1.11000e+02
5.80000e+02 9.70000e+01
5.90000e+02 9.90000e+01
6.00000e+02 1.18000e+02
6.10000e+02 1.07000e+02
6.20000e+02 1.13000e+02
6.30000e+02 1.22000e+02
6.40000e+02 1.26000e+02
6.50000e+02 1.28000e+02
6.60000e+02 1.40000e+02
6.70000e+02 1.44000e+02
6.80000e+02 1.02000e+02
6.90000e+02 1.17000e+02
7.00000e+02 1.42000e+02
7.10000e+02 7.40000e+01
7.20000e+02 9.20000e+01
7.30000e+02 1.07000e+02
7.40000e+02 1.16000e+02
7.50000e+02 1.07000e+02
7.60000e+02 1.07000e+02
7.70000e+02 1.08000e+02
7.80000e+02 1.16000e+02
7.90000e+02 8.90000e+01
8.00000e+02 1.01000e+02
8.10000e+02 1.07000e+02
8.20000e+02 8.30000e+01
8.30000e+02 1.14000e+02
8.40000e+02 8.10000e+01
8.50000e+02 8.40000e+01
8.60000e+02 1.07000e+02
8.70000e+02 1.14000e+02
8.80000e+02 1.24000e+02
8.90000e+02 1.09000e+02
9.00000e+02 9.60000e+01
9.10000e+02 6.90000e+01
9.20000e+02 9.30000e+01
9.30000e+02 8.20000e+01
9.40000e+02 7.60000e+01
9.50000e+02 6.70000e+01
9.60000e+02 7.80000e+01
9.70000e+02 7.80000e+01
9.80000e+02 1.06000e+02
9.90000e+02 9.10000e+01
1.00000e+03 9.00000e+01
1.01000e+03 1.22000e+02
1.02000e+03 7.80000e+01
1.03000e+03 7.60000e+01
1.04000e+03 9.10000e+01
1.05000e+03 8.10000e+01
1.06000e+03 6.70000e+01
1.07000e+03 7.30000e+01
1.08000e+03 9.80000e+01
1.09000e+03 1.21000e+02
1.10000e+03 9.10000e+01
1.11000e+03 1.18000e+02
1.12000e+03 1.23000e+02
1.13000e+03 8.00000e+01
1.14000e+03 7.60000e+01
1.15000e+03 6.80000e+01
1.16000e+03 5.30000e+01
1.17000e+03 6.70000e+01
1.18000e+03 6.50000e+01
1.19000e+03 8.40000e+01
1.20000e+03 7.00000e+01
1.21000e+03 8.70000e+01
1.22000e+03 7.50000e+01
1.23000e+03 9.00000e+01
1.24000e+03 5.90000e+01
1.25000e+03 5.60000e+01
1.26000e+03 5.60000e+01
