0.00000e+00 6.87000e+02
1.00000e+01 4.65000e+02
2.00000e+01 3.87000e+02
3.00000e+01 3.38000e+02
4.00000e+01 3.60000e+02
5.00000e+01 3.12000e+02
6.00000e+01 3.52000e+02
7.00000e+01 2.77000e+02
8.00000e+01 2.85000e+02
9.00000e+01 3.29000e+02
1.00000e+02 2.57000e+02
1.10000e+02 2.88000e+02
1.20000e+02 2.75000e+02
1.30000e+02 3.14000e+02
1.40000e+02 2.74000e+02
1.50000e+02 2.74000e+02
1.60000e+02 3.00000e+02
1.70000e+02 3.42000e+02
1.80000e+02 3.61000e+02
1.90000e+02 2.91000e+02
2.00000e+02 2.72000e+02
2.10000e+02 2.14000e+02
2.20000e+02 2.03000e+02
2.30000e+02 1.59000e+02
2.40000e+02 1.58000e+02
2.50000e+02 1.73000e+02
2.60000e+02 1.96000e+02
2.70000e+02 1.91000e+02
2.80000e+02 2.35000e+02
2.90000e+02 2.45000e+02
3.00000e+02 2.42000e+02
3.10000e+02 2.42000e+02
3.20000e+02 2.02000e+02
3.30000e+02 1.88000e+02
3.40000e+02 1.92000e+02
3.50000e+02 1.96000e+02
3.60000e+02 1.71000e+02
3.70000e+02 1.94000e+02
3.80000e+02 1.98000e+02
3.90000e+02 2.35000e+02
4.00000e+02 2.30000e+02
4.10000e+02 1.93000e+02
4.20000e+02 1.45000e+02
4.30000e+02 2.08000e+02
4.40000e+02 2.39000e+02
4.50000e+02 2.58000e+02
4.60000e+02 2.91000e+02
4.70000e+02 3.06000e+02
4.80000e+02 3.07000e+02
4.90000e+02 2.83000e+02
5.00000e+02 3.16000e+02
5.10000e+02 3.27000e+02
5.20000e+02 2.71000e+02
5.30000e+02 2.34000e+02
5.40000e+02 2.45000e+02
5.50000e+02 1.86000e+02
5.60000e+02 1.78000e+02
5.70000e+02 1.49000e+02
5.80000e+02 1.46000e+02
5.90000e+02 1.46000e+02
6.00000e+02 1.54000e+02
6.10000e+02 1.60000e+02
6.20000e+02 1.02000e+02
6.30000e+02 9.70000e+01
6.40000e+02 7.50000e+01
6.50000e+02 1.01000e+02
6.60000e+02 1.05000e+02
6.70000e+02 1.05000e+02
6.80000e+02 1.06000e+02
6.90000e+02 1.25000e+02
7.00000e+02 9.90000e+01
7.10000e+02 1.18000e+02
7.20000e+02 1.06000e+02
7.30000e+02 1.12000e+02
7.40000e+02 9.60000e+01
7.50000e+02 1.07000e+02
7.60000e+02 5.80000e+01
7.70000e+02 5.60000e+01
7.80000e+02 5.60000e+01
7.90000e+02 4.70000e+01
8.00000e+02 4.70000e+01
