2.02150e-02 6.40000e+02
2.14285e-01 4.41000e+02
4.08346e-01 3.20000e+02
6.01909e-01 2.34000e+02
7.93788e-01 2.95000e+02
9.84608e-01 2.28000e+02
1.17606e+00 1.91000e+02
1.36628e+00 1.66000e+02
1.56885e+00 2.08000e+02
1.75845e+00 1.58000e+02
1.95024e+00 1.78000e+02
2.13917e+00 1.73000e+02
2.33089e+00 1.51000e+02
2.52170e+00 1.78000e+02
2.71317e+00 1.42000e+02
2.90245e+00 1.93000e+02
3.09370e+00 2.04000e+02
3.28281e+00 2.31000e+02
3.47754e+00 2.49000e+02
3.66801e+00 2.10000e+02
3.85918e+00 2.20000e+02
4.04772e+00 2.15000e+02
4.23865e+00 1.95000e+02
4.42829e+00 1.51000e+02
4.62094e+00 1.47000e+02
4.81089e+00 1.35000e+02
5.00233e+00 1.40000e+02
5.20569e+00 1.53000e+02
5.39727e+00 1.63000e+02
5.59160e+00 1.63000e+02
5.77976e+00 1.82000e+02
5.97513e+00 1.50000e+02
6.16894e+00 1.27000e+02
6.35663e+00 1.27000e+02
6.55024e+00 1.71000e+02
6.74036e+00 1.68000e+02
6.92851e+00 2.12000e+02
7.11659e+00 1.83000e+02
7.30652e+00 2.28000e+02
7.49888e+00 2.23000e+02
7.68869e+00 2.52000e+02
7.87928e+00 2.67000e+02
8.06869e+00 2.63000e+02
8.25832e+00 2.42000e+02
8.45031e+00 1.97000e+02
8.63962e+00 2.23000e+02
8.82829e+00 2.26000e+02
9.01864e+00 2.46000e+02
9.20797e+00 2.21000e+02
9.39670e+00 2.65000e+02
9.59050e+00 2.43000e+02
9.78119e+00 2.57000e+02
9.97211e+00 2.13000e+02
1.01620e+01 2.39000e+02
1.03525e+01 1.81000e+02
1.05452e+01 1.54000e+02
1.07353e+01 1.61000e+02
1.09241e+01 1.77000e+02
1.11123e+01 1.35000e+02
1.13030e+01 1.41000e+02
1.14951e+01 1.61000e+02
1.16857e+01 1.40000e+02
1.18764e+01 9.30000e+01
1.20659e+01 8.90000e+01
1.22549e+01 9.70000e+01
1.24461e+01 9.70000e+01
1.26375e+01 1.02000e+02
1.28268e+01 1.04000e+02
1.30168e+01 1.01000e+02
1.32048e+01 9.70000e+01
1.33943e+01 9.00000e+01
1.35865e+01 8.50000e+01
1.37756e+01 7.50000e+01
1.39641e+01 8.00000e+01
1.41534e+01 1.06000e+02
1.43422e+01 1.37000e+02
1.45339e+01 1.77000e+02
1.47239e+01 1.39000e+02
1.49133e+01 1.94000e+02
1.51020e+01 1.48000e+02
1.52903e+01 1.67000e+02
1.54816e+01 1.14000e+02
1.56711e+01 1.09000e+02
1.58602e+01 1.29000e+02
1.60474e+01 1.34000e+02
1.62360e+01 1.13000e+02
1.64301e+01 1.05000e+02
1.66397e+01 7.80000e+01
1.68317e+01 9.30000e+01
1.70216e+01 9.00000e+01
1.72109e+01 8.50000e+01
1.73995e+01 9.50000e+01
1.75929e+01 1.31000e+02
1.77822e+01 1.67000e+02
1.79715e+01 1.80000e+02
1.81603e+01 2.05000e+02
1.83494e+01 1.93000e+02
1.85419e+01 2.21000e+02
1.87317e+01 2.09000e+02
1.89205e+01 2.03000e+02
1.91092e+01 1.89000e+02
1.93003e+01 2.03000e+02
1.94918e+01 2.08000e+02
1.96806e+01 2.30000e+02
1.98725e+01 2.10000e+02
2.00633e+01 1.67000e+02
2.02525e+01 2.10000e+02
2.04430e+01 2.04000e+02
2.06345e+01 2.06000e+02
2.08244e+01 2.41000e+02
2.10149e+01 2.17000e+02
2.12050e+01 1.88000e+02
2.13943e+01 1.51000e+02
2.15867e+01 1.68000e+02
2.17760e+01 1.69000e+02
2.19642e+01 1.82000e+02
2.21545e+01 1.58000e+02
2.23436e+01 1.90000e+02
2.25355e+01 2.06000e+02
2.27261e+01 2.16000e+02
2.29152e+01 1.99000e+02
2.31039e+01 1.71000e+02
2.32937e+01 1.41000e+02
2.34842e+01 1.13000e+02
2.36742e+01 1.56000e+02
2.38646e+01 1.11000e+02
2.40522e+01 1.21000e+02
2.42408e+01 1.29000e+02
2.44309e+01 1.62000e+02
2.46223e+01 1.64000e+02
2.48124e+01 1.86000e+02
2.50027e+01 1.79000e+02
2.51920e+01 1.80000e+02
2.53813e+01 1.89000e+02
2.55734e+01 1.97000e+02
2.57622e+01 1.46000e+02
2.59504e+01 1.64000e+02
2.61397e+01 1.75000e+02
2.63297e+01 2.00000e+02
2.65224e+01 1.91000e+02
2.67142e+01 2.06000e+02
2.69032e+01 2.17000e+02
2.70931e+01 2.46000e+02
2.72838e+01 2.08000e+02
2.74762e+01 2.24000e+02
2.76676e+01 2.40000e+02
2.78573e+01 2.35000e+02
2.80470e+01 2.16000e+02
2.82358e+01 2.57000e+02
2.84273e+01 2.17000e+02
2.86185e+01 1.81000e+02
2.88084e+01 1.72000e+02
2.89994e+01 2.17000e+02
2.91893e+01 2.39000e+02
2.93802e+01 2.18000e+02
2.95741e+01 2.67000e+02
2.97648e+01 3.03000e+02
2.99557e+01 2.44000e+02
3.01459e+01 2.28000e+02
3.03371e+01 2.36000e+02
3.05307e+01 2.50000e+02
3.07220e+01 2.38000e+02
3.09128e+01 2.29000e+02
3.11007e+01 2.27000e+02
3.12907e+01 2.08000e+02
3.14978e+01 1.87000e+02
3.17040e+01 2.44000e+02
3.18968e+01 2.10000e+02
3.20872e+01 1.75000e+02
3.22763e+01 1.61000e+02
3.24655e+01 1.75000e+02
3.26576e+01 1.69000e+02
3.28469e+01 1.88000e+02
3.30367e+01 1.95000e+02
3.32243e+01 1.83000e+02
3.34140e+01 2.02000e+02
3.36082e+01 1.64000e+02
3.37959e+01 1.31000e+02
3.39840e+01 1.21000e+02
3.41729e+01 1.27000e+02
3.43609e+01 9.80000e+01
3.45517e+01 1.27000e+02
3.47413e+01 1.39000e+02
3.49289e+01 1.59000e+02
3.51177e+01 1.42000e+02
3.53057e+01 1.46000e+02
3.54964e+01 1.20000e+02
3.56854e+01 1.09000e+02
3.58751e+01 1.08000e+02
3.60660e+01 1.11000e+02
3.62668e+01 1.23000e+02
3.64553e+01 8.00000e+01
3.66473e+01 1.01000e+02
3.68370e+01 9.10000e+01
3.70267e+01 9.30000e+01
3.72157e+01 8.40000e+01
3.74044e+01 9.20000e+01
3.75980e+01 1.13000e+02
3.77873e+01 1.17000e+02
3.79767e+01 1.26000e+02
3.81659e+01 1.31000e+02
3.83561e+01 1.27000e+02
3.85504e+01 1.47000e+02
3.87394e+01 1.25000e+02
3.89273e+01 1.24000e+02
3.91146e+01 1.28000e+02
3.93042e+01 1.45000e+02
3.94944e+01 1.80000e+02
3.96855e+01 1.67000e+02
3.98753e+01 1.90000e+02
4.00640e+01 1.99000e+02
4.02521e+01 1.96000e+02
4.04420e+01 1.84000e+02
4.06353e+01 1.85000e+02
4.08247e+01 1.92000e+02
4.10153e+01 2.16000e+02
4.12049e+01 1.93000e+02
4.13945e+01 1.63000e+02
4.15896e+01 1.24000e+02
4.17785e+01 1.66000e+02
4.19684e+01 1.96000e+02
4.21589e+01 2.18000e+02
4.23490e+01 2.15000e+02
4.25421e+01 2.23000e+02
4.27309e+01 1.92000e+02
4.29209e+01 1.84000e+02
4.31094e+01 1.23000e+02
4.32990e+01 1.08000e+02
4.34898e+01 8.70000e+01
4.36848e+01 1.01000e+02
4.38748e+01 1.52000e+02
4.40649e+01 1.13000e+02
4.42543e+01 1.07000e+02
4.44448e+01 1.18000e+02
4.46384e+01 1.12000e+02
4.48269e+01 1.19000e+02
4.50165e+01 1.32000e+02
4.52049e+01 1.77000e+02
4.53950e+01 1.96000e+02
4.55879e+01 2.23000e+02
4.57787e+01 2.31000e+02
4.59683e+01 2.25000e+02
4.61581e+01 1.95000e+02
4.63474e+01 1.96000e+02
4.65580e+01 1.71000e+02
4.67528e+01 1.94000e+02
4.69428e+01 1.84000e+02
4.71317e+01 2.11000e+02
4.73218e+01 2.17000e+02
4.75135e+01 1.54000e+02
4.77023e+01 1.02000e+02
4.78938e+01 1.08000e+02
4.80837e+01 8.30000e+01
4.82721e+01 8.30000e+01
4.84623e+01 9.10000e+01
4.86552e+01 8.10000e+01
4.88449e+01 8.00000e+01
4.90339e+01 9.20000e+01
4.92226e+01 9.00000e+01
4.94113e+01 9.50000e+01
4.96036e+01 1.05000e+02
4.97933e+01 9.60000e+01
4.99829e+01 9.00000e+01
5.01713e+01 8.50000e+01
5.03602e+01 7.90000e+01
5.05518e+01 8.80000e+01
5.07418e+01 1.02000e+02
5.09342e+01 1.16000e+02
5.11312e+01 1.08000e+02
5.13219e+01 1.15000e+02
5.15122e+01 9.90000e+01
5.17031e+01 1.08000e+02
5.18935e+01 1.38000e+02
5.20831e+01 1.28000e+02
5.22710e+01 9.20000e+01
5.24597e+01 9.80000e+01
5.26507e+01 7.40000e+01
5.28393e+01 8.10000e+01
5.30284e+01 1.11000e+02
5.32170e+01 7.50000e+01
5.34057e+01 7.40000e+01
5.35991e+01 6.00000e+01
5.37883e+01 6.00000e+01
5.39767e+01 6.00000e+01
5.41664e+01 6.00000e+01
5.43538e+01 6.00000e+01
5.45444e+01 6.00000e+01
5.47340e+01 6.00000e+01
5.49229e+01 6.00000e+01
5.51128e+01 6.00000e+01
5.53010e+01 6.00000e+01
5.54888e+01 6.00000e+01
5.56803e+01 6.00000e+01
5.58708e+01 6.00000e+01
5.60586e+01 6.00000e+01
5.62463e+01 6.00000e+01
5.64354e+01 6.00000e+01
5.66263e+01 6.00000e+01
5.68145e+01 6.00000e+01
5.70043e+01 6.00000e+01
5.71926e+01 6.00000e+01
5.73810e+01 6.00000e+01
5.75744e+01 6.00000e+01
5.77632e+01 6.00000e+01
5.79520e+01 6.00000e+01
5.81416e+01 6.00000e+01
5.83304e+01 6.00000e+01
5.85211e+01 6.00000e+01
5.87122e+01 6.00000e+01
5.89021e+01 6.00000e+01
5.90911e+01 6.00000e+01
5.92810e+01 6.00000e+01
5.94696e+01 6.00000e+01
5.96607e+01 6.00000e+01
5.98509e+01 6.00000e+01
6.00404e+01 6.00000e+01
6.02280e+01 6.00000e+01
6.04189e+01 6.00000e+01
6.06112e+01 6.00000e+01
6.08019e+01 6.00000e+01
6.09937e+01 6.00000e+01
6.11844e+01 6.00000e+01
6.13738e+01 6.00000e+01
6.15873e+01 6.00000e+01
6.17787e+01 6.00000e+01
6.19691e+01 6.00000e+01
6.21578e+01 6.00000e+01
6.23471e+01 6.00000e+01
6.25383e+01 6.00000e+01
6.27278e+01 6.00000e+01
6.29166e+01 6.00000e+01
6.31044e+01 6.00000e+01
6.32932e+01 6.00000e+01
6.34823e+01 6.00000e+01
6.36748e+01 6.00000e+01
6.38640e+01 6.00000e+01
6.40520e+01 6.00000e+01
6.42399e+01 6.00000e+01
6.44299e+01 6.00000e+01
6.46215e+01 6.00000e+01
6.48111e+01 6.00000e+01
6.50003e+01 6.00000e+01
6.51885e+01 6.00000e+01
6.53773e+01 6.00000e+01
6.55706e+01 6.00000e+01
6.57596e+01 6.00000e+01
6.59532e+01 6.00000e+01
6.61510e+01 6.00000e+01
6.63387e+01 6.00000e+01
6.65286e+01 6.00000e+01
6.67195e+01 6.00000e+01
6.69091e+01 6.00000e+01
6.70998e+01 6.00000e+01
6.72900e+01 6.00000e+01
6.74784e+01 6.00000e+01
6.76689e+01 6.00000e+01
6.78590e+01 6.00000e+01
6.80473e+01 6.00000e+01
6.82359e+01 6.00000e+01
6.84262e+01 6.00000e+01
6.86188e+01 6.00000e+01
6.88076e+01 6.00000e+01
6.89962e+01 6.00000e+01
6.91835e+01 6.00000e+01
6.93717e+01 6.00000e+01
6.95645e+01 6.00000e+01
6.97539e+01 6.00000e+01
6.99440e+01 6.00000e+01
7.01335e+01 6.00000e+01
7.03231e+01 6.00000e+01
7.05128e+01 6.00000e+01
7.07059e+01 6.00000e+01
7.08953e+01 6.00000e+01
7.10837e+01 6.00000e+01
7.12730e+01 6.00000e+01
7.14619e+01 6.00000e+01
7.16546e+01 6.00000e+01
7.18430e+01 6.00000e+01
7.20317e+01 6.00000e+01
7.22199e+01 6.00000e+01
7.24081e+01 6.00000e+01
7.26000e+01 6.00000e+01
7.27893e+01 6.00000e+01
7.29797e+01 6.00000e+01
7.31679e+01 6.00000e+01
7.33561e+01 6.00000e+01
7.35465e+01 6.00000e+01
7.37351e+01 6.00000e+01
7.39233e+01 6.00000e+01
7.41124e+01 6.00000e+01
7.43001e+01 6.00000e+01
7.44896e+01 6.00000e+01
7.46832e+01 6.00000e+01
7.48734e+01 6.00000e+01
7.50630e+01 6.00000e+01
7.52525e+01 6.00000e+01
7.54423e+01 6.00000e+01
7.56346e+01 6.00000e+01
7.58243e+01 6.00000e+01
7.60138e+01 6.00000e+01
7.62025e+01 6.00000e+01
7.63923e+01 6.00000e+01
7.66078e+01 6.00000e+01
7.68111e+01 6.00000e+01
7.70004e+01 6.00000e+01
7.71898e+01 6.00000e+01
7.73787e+01 6.00000e+01
7.75710e+01 6.00000e+01
7.77607e+01 6.00000e+01
7.79511e+01 6.00000e+01
7.81420e+01 6.00000e+01
7.83308e+01 6.00000e+01
7.85215e+01 6.00000e+01
7.87157e+01 6.00000e+01
7.89060e+01 6.00000e+01
7.90955e+01 6.00000e+01
7.92854e+01 6.00000e+01
7.94753e+01 6.00000e+01
7.96686e+01 6.00000e+01
7.98581e+01 6.00000e+01
8.00483e+01 6.00000e+01
8.02373e+01 6.00000e+01
8.04274e+01 6.00000e+01
8.06193e+01 6.00000e+01
8.08086e+01 6.00000e+01
8.09996e+01 6.00000e+01
8.11889e+01 6.00000e+01
8.13776e+01 6.00000e+01
8.15704e+01 6.00000e+01
8.17601e+01 6.00000e+01
8.19493e+01 6.00000e+01
8.21384e+01 6.00000e+01
8.23279e+01 6.00000e+01
8.25192e+01 6.00000e+01
8.27125e+01 6.00000e+01
8.29014e+01 6.00000e+01
8.30924e+01 6.00000e+01
8.32819e+01 6.00000e+01
8.34716e+01 6.00000e+01
8.36646e+01 6.00000e+01
8.38556e+01 6.00000e+01
8.40446e+01 6.00000e+01
8.42347e+01 6.00000e+01
8.44251e+01 6.00000e+01
8.46199e+01 6.00000e+01
8.48106e+01 6.00000e+01
8.50025e+01 6.00000e+01
8.51929e+01 6.00000e+01
8.53843e+01 6.00000e+01
8.55781e+01 6.00000e+01
8.57675e+01 6.00000e+01
8.59568e+01 6.00000e+01
8.61480e+01 6.00000e+01
8.63370e+01 6.00000e+01
8.65261e+01 6.00000e+01
8.67200e+01 6.00000e+01
8.69081e+01 6.00000e+01
8.70973e+01 6.00000e+01
8.72866e+01 6.00000e+01
8.74756e+01 6.00000e+01
8.76679e+01 6.00000e+01
8.78581e+01 6.00000e+01
8.80487e+01 6.00000e+01
8.82381e+01 6.00000e+01
8.84282e+01 6.00000e+01
8.86198e+01 6.00000e+01
8.88103e+01 6.00000e+01
8.90012e+01 6.00000e+01
8.91915e+01 6.00000e+01
8.93825e+01 6.00000e+01
8.95759e+01 6.00000e+01
8.97662e+01 6.00000e+01
8.99566e+01 6.00000e+01
9.01470e+01 6.00000e+01
9.03355e+01 6.00000e+01
9.05255e+01 6.00000e+01
9.07206e+01 6.00000e+01
9.09104e+01 6.00000e+01
9.10998e+01 6.00000e+01
9.12899e+01 6.00000e+01
9.14939e+01 6.00000e+01
9.17026e+01 6.00000e+01
9.18933e+01 6.00000e+01
9.20837e+01 6.00000e+01
9.22734e+01 6.00000e+01
9.24614e+01 6.00000e+01
9.26531e+01 6.00000e+01
9.28416e+01 6.00000e+01
9.30310e+01 6.00000e+01
9.32199e+01 6.00000e+01
9.34078e+01 6.00000e+01
9.36012e+01 6.00000e+01
9.37917e+01 6.00000e+01
9.39829e+01 6.00000e+01
9.41725e+01 6.00000e+01
9.43629e+01 6.00000e+01
9.45523e+01 6.00000e+01
9.47451e+01 6.00000e+01
9.49337e+01 6.00000e+01
9.51231e+01 6.00000e+01
9.53121e+01 6.00000e+01
9.55010e+01 6.00000e+01
9.56939e+01 6.00000e+01
9.58832e+01 6.00000e+01
9.60731e+01 6.00000e+01
9.62621e+01 6.00000e+01
9.64517e+01 6.00000e+01
9.66441e+01 6.00000e+01
9.68336e+01 6.00000e+01
9.70227e+01 6.00000e+01
9.72116e+01 6.00000e+01
9.74003e+01 6.00000e+01
9.75943e+01 6.00000e+01
9.77838e+01 6.00000e+01
9.79723e+01 6.00000e+01
9.81612e+01 6.00000e+01
9.83496e+01 6.00000e+01
9.85396e+01 6.00000e+01
9.87322e+01 6.00000e+01
9.89220e+01 6.00000e+01
9.91117e+01 6.00000e+01
9.93015e+01 6.00000e+01
9.94902e+01 6.00000e+01
9.96810e+01 6.00000e+01
9.98719e+01 6.00000e+01
1.00062e+02 6.00000e+01
1.00251e+02 6.00000e+01
1.00442e+02 6.00000e+01
1.00635e+02 6.00000e+01
1.00825e+02 6.00000e+01
1.01016e+02 6.00000e+01
1.01205e+02 6.00000e+01
1.01394e+02 6.00000e+01
1.01587e+02 6.00000e+01
1.01778e+02 6.00000e+01
1.01966e+02 6.00000e+01
1.02155e+02 6.00000e+01
1.02343e+02 6.00000e+01
1.02532e+02 6.00000e+01
1.02725e+02 6.00000e+01
1.02914e+02 6.00000e+01
1.03102e+02 6.00000e+01
1.03292e+02 6.00000e+01
1.03481e+02 6.00000e+01
1.03678e+02 6.00000e+01
1.03869e+02 6.00000e+01
1.04060e+02 6.00000e+01
1.04248e+02 6.00000e+01
1.04436e+02 6.00000e+01
1.04628e+02 6.00000e+01
1.04818e+02 6.00000e+01
1.05007e+02 6.00000e+01
1.05197e+02 6.00000e+01
1.05385e+02 6.00000e+01
1.05574e+02 6.00000e+01
1.05765e+02 6.00000e+01
1.05954e+02 6.00000e+01
1.06141e+02 6.00000e+01
1.06329e+02 6.00000e+01
1.06536e+02 6.00000e+01
1.06741e+02 6.00000e+01
1.06930e+02 6.00000e+01
1.07119e+02 6.00000e+01
1.07309e+02 6.00000e+01
1.07496e+02 6.00000e+01
1.07688e+02 6.00000e+01
1.07877e+02 6.00000e+01
1.08066e+02 6.00000e+01
1.08254e+02 6.00000e+01
1.08442e+02 6.00000e+01
1.08633e+02 6.00000e+01
1.08820e+02 6.00000e+01
1.09009e+02 6.00000e+01
1.09197e+02 6.00000e+01
1.09385e+02 6.00000e+01
1.09574e+02 6.00000e+01
1.09766e+02 6.00000e+01
1.09955e+02 6.00000e+01
1.10145e+02 6.00000e+01
1.10331e+02 6.00000e+01
1.10517e+02 6.00000e+01
1.10709e+02 6.00000e+01
1.10895e+02 6.00000e+01
1.11085e+02 6.00000e+01
1.11274e+02 6.00000e+01
1.11462e+02 6.00000e+01
1.11654e+02 6.00000e+01
1.11844e+02 6.00000e+01
1.12033e+02 6.00000e+01
1.12221e+02 6.00000e+01
1.12410e+02 6.00000e+01
1.12600e+02 6.00000e+01
1.12788e+02 6.00000e+01
1.12977e+02 6.00000e+01
1.13165e+02 6.00000e+01
1.13353e+02 6.00000e+01
1.13541e+02 6.00000e+01
1.13732e+02 6.00000e+01
1.13920e+02 6.00000e+01
1.14109e+02 6.00000e+01
1.14298e+02 6.00000e+01
1.14486e+02 6.00000e+01
1.14681e+02 6.00000e+01
1.14868e+02 6.00000e+01
1.15056e+02 6.00000e+01
1.15244e+02 6.00000e+01
1.15433e+02 6.00000e+01
1.15623e+02 6.00000e+01
1.15813e+02 6.00000e+01
1.16002e+02 6.00000e+01
1.16192e+02 6.00000e+01
1.16382e+02 6.00000e+01
1.16571e+02 6.00000e+01
1.16764e+02 6.00000e+01
1.16952e+02 6.00000e+01
1.17141e+02 6.00000e+01
1.17329e+02 6.00000e+01
1.17519e+02 6.00000e+01
1.17710e+02 6.00000e+01
1.17897e+02 6.00000e+01
1.18087e+02 6.00000e+01
1.18275e+02 6.00000e+01
1.18463e+02 6.00000e+01
1.18655e+02 6.00000e+01
1.18842e+02 6.00000e+01
1.19033e+02 6.00000e+01
1.19221e+02 6.00000e+01
1.19409e+02 6.00000e+01
1.19598e+02 6.00000e+01
1.19791e+02 6.00000e+01
1.19981e+02 6.00000e+01
1.20170e+02 6.00000e+01
1.20360e+02 6.00000e+01
1.20549e+02 6.00000e+01
1.20741e+02 6.00000e+01
1.20932e+02 6.00000e+01
1.21120e+02 6.00000e+01
1.21309e+02 6.00000e+01
1.21517e+02 6.00000e+01
1.21720e+02 6.00000e+01
1.21911e+02 6.00000e+01
1.22102e+02 6.00000e+01
1.22292e+02 6.00000e+01
1.22481e+02 6.00000e+01
1.22675e+02 6.00000e+01
1.22865e+02 6.00000e+01
1.23054e+02 6.00000e+01
1.23244e+02 6.00000e+01
1.23432e+02 6.00000e+01
1.23625e+02 6.00000e+01
1.23815e+02 6.00000e+01
1.24006e+02 6.00000e+01
1.24195e+02 6.00000e+01
1.24384e+02 6.00000e+01
1.24573e+02 6.00000e+01
1.24765e+02 6.00000e+01
1.24955e+02 6.00000e+01
1.25146e+02 6.00000e+01
1.25335e+02 6.00000e+01
1.25525e+02 6.00000e+01
1.25719e+02 6.00000e+01
1.25910e+02 6.00000e+01
1.26117e+02 6.00000e+01
1.26309e+02 6.00000e+01
1.26498e+02 6.00000e+01
1.26694e+02 6.00000e+01
1.26884e+02 6.00000e+01
1.27074e+02 6.00000e+01
1.27265e+02 6.00000e+01
1.27454e+02 6.00000e+01
1.27647e+02 6.00000e+01
1.27838e+02 6.00000e+01
1.28028e+02 6.00000e+01
1.28218e+02 6.00000e+01
1.28408e+02 6.00000e+01
1.28598e+02 6.00000e+01
1.28793e+02 6.00000e+01
1.28982e+02 6.00000e+01
1.29173e+02 6.00000e+01
1.29363e+02 6.00000e+01
1.29553e+02 6.00000e+01
1.29747e+02 6.00000e+01
1.29937e+02 6.00000e+01
1.30129e+02 6.00000e+01
1.30319e+02 6.00000e+01
1.30511e+02 6.00000e+01
1.30706e+02 6.00000e+01
1.30897e+02 6.00000e+01
1.31088e+02 6.00000e+01
1.31280e+02 6.00000e+01
1.31469e+02 6.00000e+01
1.31663e+02 6.00000e+01
1.31855e+02 6.00000e+01
1.32046e+02 6.00000e+01
1.32237e+02 6.00000e+01
1.32426e+02 6.00000e+01
1.32614e+02 6.00000e+01
1.32808e+02 6.00000e+01
1.32998e+02 6.00000e+01
1.33186e+02 6.00000e+01
1.33374e+02 6.00000e+01
1.33563e+02 6.00000e+01
1.33755e+02 6.00000e+01
1.33944e+02 6.00000e+01
1.34134e+02 6.00000e+01
1.34323e+02 6.00000e+01
1.34510e+02 6.00000e+01
1.34703e+02 6.00000e+01
1.34892e+02 6.00000e+01
1.35081e+02 6.00000e+01
1.35270e+02 6.00000e+01
1.35458e+02 6.00000e+01
1.35650e+02 6.00000e+01
1.35840e+02 6.00000e+01
1.36029e+02 6.00000e+01
1.36217e+02 6.00000e+01
1.36406e+02 6.00000e+01
1.36614e+02 6.00000e+01
1.36813e+02 6.00000e+01
1.37001e+02 6.00000e+01
1.37191e+02 6.00000e+01
1.37380e+02 6.00000e+01
1.37571e+02 6.00000e+01
1.37763e+02 6.00000e+01
1.37954e+02 6.00000e+01
1.38143e+02 6.00000e+01
1.38333e+02 6.00000e+01
1.38521e+02 6.00000e+01
1.38714e+02 6.00000e+01
1.38901e+02 6.00000e+01
1.39090e+02 6.00000e+01
1.39279e+02 6.00000e+01
1.39466e+02 6.00000e+01
1.39658e+02 6.00000e+01
1.39847e+02 6.00000e+01
1.40035e+02 6.00000e+01
1.40223e+02 6.00000e+01
1.40412e+02 6.00000e+01
1.40599e+02 6.00000e+01
1.40789e+02 6.00000e+01
1.40979e+02 6.00000e+01
1.41167e+02 6.00000e+01
1.41357e+02 6.00000e+01
1.41547e+02 6.00000e+01
1.41738e+02 6.00000e+01
1.41926e+02 6.00000e+01
1.42116e+02 6.00000e+01
1.42304e+02 6.00000e+01
1.42493e+02 6.00000e+01
1.42686e+02 6.00000e+01
1.42878e+02 6.00000e+01
1.43068e+02 6.00000e+01
1.43259e+02 6.00000e+01
1.43450e+02 6.00000e+01
1.43642e+02 6.00000e+01
1.43834e+02 6.00000e+01
1.44025e+02 6.00000e+01
1.44216e+02 6.00000e+01
1.44407e+02 6.00000e+01
1.44598e+02 6.00000e+01
1.44791e+02 6.00000e+01
1.44981e+02 6.00000e+01
1.45169e+02 6.00000e+01
1.45358e+02 6.00000e+01
1.45547e+02 6.00000e+01
1.45738e+02 6.00000e+01
1.45928e+02 6.00000e+01
1.46116e+02 6.00000e+01
1.46304e+02 6.00000e+01
1.46493e+02 6.00000e+01
1.46687e+02 6.00000e+01
1.46877e+02 6.00000e+01
1.47066e+02 6.00000e+01
1.47257e+02 6.00000e+01
1.47449e+02 6.00000e+01
1.47639e+02 6.00000e+01
1.47831e+02 6.00000e+01
1.48022e+02 6.00000e+01
1.48210e+02 6.00000e+01
1.48400e+02 6.00000e+01
1.48589e+02 6.00000e+01
1.48783e+02 6.00000e+01
1.48972e+02 6.00000e+01
1.49162e+02 6.00000e+01
1.49352e+02 6.00000e+01
1.49541e+02 6.00000e+01
1.49734e+02 6.00000e+01
1.49923e+02 6.00000e+01
1.50113e+02 6.00000e+01
1.50302e+02 6.00000e+01
1.50492e+02 6.00000e+01
1.50686e+02 6.00000e+01
1.50877e+02 6.00000e+01
1.51067e+02 6.00000e+01
1.51260e+02 6.00000e+01
1.51460e+02 6.00000e+01
1.51673e+02 6.00000e+01
1.51865e+02 6.00000e+01
1.52055e+02 6.00000e+01
1.52246e+02 6.00000e+01
1.52437e+02 6.00000e+01
1.52628e+02 6.00000e+01
1.52823e+02 6.00000e+01
1.53014e+02 6.00000e+01
1.53204e+02 6.00000e+01
1.53394e+02 6.00000e+01
1.53583e+02 6.00000e+01
1.53777e+02 6.00000e+01
1.53968e+02 6.00000e+01
1.54158e+02 6.00000e+01
1.54348e+02 6.00000e+01
1.54538e+02 6.00000e+01
1.54732e+02 6.00000e+01
1.54923e+02 6.00000e+01
1.55113e+02 6.00000e+01
1.55304e+02 6.00000e+01
1.55495e+02 6.00000e+01
1.55688e+02 6.00000e+01
1.55880e+02 6.00000e+01
1.56072e+02 6.00000e+01
1.56263e+02 6.00000e+01
1.56454e+02 6.00000e+01
1.56644e+02 6.00000e+01
1.56838e+02 6.00000e+01
1.57029e+02 6.00000e+01
1.57220e+02 6.00000e+01
1.57410e+02 6.00000e+01
1.57602e+02 6.00000e+01
1.57795e+02 6.00000e+01
1.57986e+02 6.00000e+01
1.58177e+02 6.00000e+01
1.58366e+02 6.00000e+01
1.58557e+02 6.00000e+01
1.58752e+02 6.00000e+01
1.58941e+02 6.00000e+01
1.59129e+02 6.00000e+01
1.59320e+02 6.00000e+01
1.59511e+02 6.00000e+01
1.59704e+02 6.00000e+01
1.59896e+02 6.00000e+01
1.60087e+02 6.00000e+01
1.60277e+02 6.00000e+01
1.60468e+02 6.00000e+01
1.60659e+02 6.00000e+01
1.60853e+02 6.00000e+01
1.61044e+02 6.00000e+01
1.61234e+02 6.00000e+01
1.61424e+02 6.00000e+01
1.61614e+02 6.00000e+01
1.61808e+02 6.00000e+01
1.61999e+02 6.00000e+01
1.62190e+02 6.00000e+01
1.62381e+02 6.00000e+01
1.62572e+02 6.00000e+01
1.62771e+02 6.00000e+01
1.62963e+02 6.00000e+01
1.63153e+02 6.00000e+01
1.63343e+02 6.00000e+01
1.63531e+02 6.00000e+01
1.63724e+02 6.00000e+01
1.63916e+02 6.00000e+01
1.64106e+02 6.00000e+01
1.64295e+02 6.00000e+01
1.64486e+02 6.00000e+01
1.64678e+02 6.00000e+01
1.64869e+02 6.00000e+01
1.65058e+02 6.00000e+01
1.65247e+02 6.00000e+01
1.65435e+02 6.00000e+01
1.65622e+02 6.00000e+01
1.65815e+02 6.00000e+01
1.66004e+02 6.00000e+01
1.66193e+02 6.00000e+01
1.66383e+02 6.00000e+01
1.66594e+02 6.00000e+01
1.66796e+02 6.00000e+01
1.66986e+02 6.00000e+01
1.67175e+02 6.00000e+01
1.67365e+02 6.00000e+01
1.67554e+02 6.00000e+01
1.67746e+02 6.00000e+01
1.67937e+02 6.00000e+01
1.68127e+02 6.00000e+01
1.68317e+02 6.00000e+01
1.68508e+02 6.00000e+01
1.68699e+02 6.00000e+01
1.68890e+02 6.00000e+01
1.69081e+02 6.00000e+01
1.69270e+02 6.00000e+01
1.69459e+02 6.00000e+01
1.69649e+02 6.00000e+01
1.69840e+02 6.00000e+01
1.70031e+02 6.00000e+01
1.70221e+02 6.00000e+01
1.70413e+02 6.00000e+01
1.70602e+02 6.00000e+01
1.70795e+02 6.00000e+01
1.70987e+02 6.00000e+01
1.71177e+02 6.00000e+01
1.71368e+02 6.00000e+01
1.71557e+02 6.00000e+01
1.71749e+02 6.00000e+01
1.71940e+02 6.00000e+01
1.72129e+02 6.00000e+01
1.72318e+02 6.00000e+01
1.72509e+02 6.00000e+01
1.72701e+02 6.00000e+01
1.72891e+02 6.00000e+01
1.73081e+02 6.00000e+01
1.73271e+02 6.00000e+01
1.73461e+02 6.00000e+01
1.73650e+02 6.00000e+01
1.73844e+02 6.00000e+01
1.74034e+02 6.00000e+01
1.74225e+02 6.00000e+01
1.74414e+02 6.00000e+01
1.74603e+02 6.00000e+01
1.74797e+02 6.00000e+01
1.74987e+02 6.00000e+01
1.75177e+02 6.00000e+01
1.75368e+02 6.00000e+01
1.75559e+02 6.00000e+01
1.75752e+02 6.00000e+01
1.75943e+02 6.00000e+01
1.76132e+02 6.00000e+01
1.76323e+02 6.00000e+01
1.76512e+02 6.00000e+01
1.76703e+02 6.00000e+01
1.76892e+02 6.00000e+01
1.77081e+02 6.00000e+01
1.77269e+02 6.00000e+01
1.77457e+02 6.00000e+01
1.77646e+02 6.00000e+01
1.77837e+02 6.00000e+01
1.78026e+02 6.00000e+01
1.78215e+02 6.00000e+01
1.78404e+02 6.00000e+01
1.78594e+02 6.00000e+01
1.78786e+02 6.00000e+01
1.78974e+02 6.00000e+01
1.79164e+02 6.00000e+01
1.79354e+02 6.00000e+01
1.79542e+02 6.00000e+01
1.79735e+02 6.00000e+01
1.79927e+02 6.00000e+01
1.80115e+02 6.00000e+01
1.80303e+02 6.00000e+01
1.80492e+02 6.00000e+01
1.80681e+02 6.00000e+01
1.80875e+02 6.00000e+01
1.81065e+02 6.00000e+01
1.81253e+02 6.00000e+01
1.81452e+02 6.00000e+01
1.81658e+02 6.00000e+01
1.81850e+02 6.00000e+01
1.82038e+02 6.00000e+01
1.82228e+02 6.00000e+01
1.82417e+02 6.00000e+01
1.82606e+02 6.00000e+01
1.82800e+02 6.00000e+01
1.82992e+02 6.00000e+01
1.83181e+02 6.00000e+01
1.83372e+02 6.00000e+01
1.83560e+02 6.00000e+01
1.83753e+02 6.00000e+01
1.83944e+02 6.00000e+01
1.84133e+02 6.00000e+01
1.84322e+02 6.00000e+01
1.84512e+02 6.00000e+01
1.84705e+02 6.00000e+01
1.84896e+02 6.00000e+01
1.85087e+02 6.00000e+01
1.85276e+02 6.00000e+01
1.85465e+02 6.00000e+01
1.85655e+02 6.00000e+01
1.85848e+02 6.00000e+01
1.86038e+02 6.00000e+01
1.86228e+02 6.00000e+01
1.86416e+02 6.00000e+01
1.86606e+02 6.00000e+01
1.86799e+02 6.00000e+01
1.86990e+02 6.00000e+01
1.87179e+02 6.00000e+01
1.87370e+02 6.00000e+01
1.87560e+02 6.00000e+01
1.87754e+02 6.00000e+01
1.87946e+02 6.00000e+01
1.88135e+02 6.00000e+01
1.88324e+02 6.00000e+01
1.88513e+02 6.00000e+01
1.88704e+02 6.00000e+01
1.88895e+02 6.00000e+01
1.89086e+02 6.00000e+01
1.89277e+02 6.00000e+01
1.89468e+02 6.00000e+01
1.89657e+02 6.00000e+01
1.89852e+02 6.00000e+01
1.90043e+02 6.00000e+01
1.90232e+02 6.00000e+01
1.90422e+02 6.00000e+01
