2.00350e-02 6.54000e+02
2.15796e-01 4.36000e+02
4.10124e-01 3.92000e+02
6.04626e-01 3.67000e+02
7.96080e-01 3.15000e+02
9.84941e-01 2.89000e+02
1.17554e+00 2.46000e+02
1.36460e+00 2.11000e+02
1.55964e+00 2.38000e+02
1.75001e+00 2.94000e+02
1.94046e+00 2.41000e+02
2.13213e+00 2.37000e+02
2.32389e+00 2.72000e+02
2.51483e+00 2.08000e+02
2.70952e+00 2.32000e+02
2.90221e+00 2.40000e+02
3.09150e+00 2.06000e+02
3.28126e+00 1.45000e+02
3.47191e+00 1.48000e+02
3.66403e+00 1.25000e+02
3.85540e+00 1.73000e+02
4.04355e+00 1.36000e+02
4.23304e+00 1.58000e+02
4.42178e+00 1.17000e+02
4.61390e+00 8.40000e+01
4.80201e+00 7.50000e+01
4.99135e+00 7.50000e+01
5.18034e+00 7.70000e+01
5.36947e+00 8.10000e+01
5.56150e+00 7.40000e+01
5.75059e+00 7.00000e+01
5.93806e+00 7.60000e+01
6.12751e+00 7.60000e+01
6.31511e+00 7.60000e+01
6.50275e+00 7.60000e+01
6.69490e+00 7.60000e+01
6.88335e+00 7.60000e+01
7.07210e+00 7.60000e+01
7.26032e+00 7.60000e+01
7.44884e+00 7.60000e+01
7.63998e+00 7.60000e+01
7.82938e+00 7.60000e+01
8.01755e+00 7.60000e+01
8.20683e+00 7.60000e+01
8.39594e+00 7.60000e+01
8.58904e+00 7.60000e+01
8.77747e+00 7.60000e+01
8.96620e+00 7.60000e+01
9.15358e+00 7.60000e+01
9.34287e+00 7.60000e+01
9.53279e+00 7.60000e+01
9.72413e+00 7.60000e+01
9.91334e+00 7.60000e+01
1.01018e+01 7.60000e+01
1.02918e+01 7.60000e+01
1.04818e+01 7.60000e+01
1.06744e+01 7.60000e+01
1.08614e+01 7.60000e+01
1.10486e+01 7.60000e+01
1.12380e+01 7.60000e+01
1.14276e+01 7.60000e+01
1.16203e+01 7.60000e+01
1.18112e+01 7.60000e+01
1.20012e+01 7.60000e+01
1.22164e+01 7.60000e+01
1.24132e+01 7.60000e+01
1.26059e+01 7.60000e+01
1.27955e+01 7.60000e+01
1.29846e+01 7.60000e+01
1.31737e+01 7.60000e+01
1.33622e+01 7.60000e+01
1.35549e+01 7.60000e+01
1.37455e+01 7.60000e+01
1.39349e+01 7.60000e+01
1.41245e+01 7.60000e+01
1.43133e+01 7.60000e+01
1.45032e+01 7.60000e+01
1.46973e+01 7.60000e+01
1.48865e+01 7.60000e+01
1.50760e+01 7.60000e+01
1.52671e+01 7.60000e+01
1.54581e+01 7.60000e+01
1.56515e+01 7.60000e+01
1.58410e+01 7.60000e+01
1.60307e+01 7.60000e+01
1.62197e+01 7.60000e+01
1.64094e+01 7.60000e+01
1.66031e+01 7.60000e+01
1.67929e+01 7.60000e+01
1.69841e+01 7.60000e+01
1.71719e+01 7.60000e+01
1.73609e+01 7.60000e+01
1.75516e+01 7.60000e+01
1.77428e+01 7.60000e+01
1.79304e+01 7.60000e+01
1.81215e+01 7.60000e+01
1.83098e+01 7.60000e+01
1.84992e+01 7.60000e+01
1.86926e+01 7.60000e+01
1.88827e+01 7.60000e+01
1.90707e+01 7.60000e+01
1.92604e+01 7.60000e+01
1.94485e+01 7.60000e+01
1.96407e+01 7.60000e+01
1.98315e+01 7.60000e+01
2.00211e+01 7.60000e+01
2.02098e+01 7.60000e+01
2.04008e+01 7.60000e+01
2.05942e+01 7.60000e+01
2.07853e+01 7.60000e+01
2.09761e+01 7.60000e+01
2.11678e+01 7.60000e+01
2.13571e+01 7.60000e+01
2.15469e+01 7.60000e+01
2.17406e+01 7.60000e+01
2.19307e+01 7.60000e+01
2.21209e+01 7.60000e+01
2.23107e+01 7.60000e+01
2.24996e+01 7.60000e+01
2.26922e+01 7.60000e+01
2.28808e+01 7.60000e+01
2.30692e+01 7.60000e+01
2.32598e+01 7.60000e+01
2.34490e+01 7.60000e+01
2.36404e+01 7.60000e+01
2.38311e+01 7.60000e+01
2.40194e+01 7.60000e+01
2.42080e+01 7.60000e+01
2.43966e+01 7.60000e+01
2.45865e+01 7.60000e+01
2.47731e+01 7.60000e+01
2.49614e+01 7.60000e+01
2.51499e+01 7.60000e+01
2.53384e+01 7.60000e+01
2.55280e+01 7.60000e+01
2.57194e+01 7.60000e+01
2.59071e+01 7.60000e+01
2.60973e+01 7.60000e+01
2.62861e+01 7.60000e+01
2.64751e+01 7.60000e+01
2.66680e+01 7.60000e+01
2.68567e+01 7.60000e+01
2.70513e+01 7.60000e+01
2.72586e+01 7.60000e+01
2.74468e+01 7.60000e+01
2.76382e+01 7.60000e+01
2.78274e+01 7.60000e+01
2.80145e+01 7.60000e+01
2.82021e+01 7.60000e+01
2.83901e+01 7.60000e+01
2.85815e+01 7.60000e+01
2.87707e+01 7.60000e+01
2.89590e+01 7.60000e+01
2.91473e+01 7.60000e+01
2.93363e+01 7.60000e+01
2.95263e+01 7.60000e+01
2.97177e+01 7.60000e+01
2.99057e+01 7.60000e+01
3.00945e+01 7.60000e+01
3.02827e+01 7.60000e+01
3.04706e+01 7.60000e+01
3.06647e+01 7.60000e+01
3.08536e+01 7.60000e+01
3.10418e+01 7.60000e+01
3.12301e+01 7.60000e+01
3.14197e+01 7.60000e+01
3.16116e+01 7.60000e+01
3.18022e+01 7.60000e+01
3.19913e+01 7.60000e+01
3.21790e+01 7.60000e+01
3.23687e+01 7.60000e+01
3.25587e+01 7.60000e+01
3.27513e+01 7.60000e+01
3.29414e+01 7.60000e+01
3.31287e+01 7.60000e+01
3.33176e+01 7.60000e+01
3.35069e+01 7.60000e+01
3.36989e+01 7.60000e+01
3.38866e+01 7.60000e+01
3.40757e+01 7.60000e+01
3.42632e+01 7.60000e+01
3.44514e+01 7.60000e+01
3.46428e+01 7.60000e+01
3.48320e+01 7.60000e+01
3.50199e+01 7.60000e+01
3.52103e+01 7.60000e+01
3.53994e+01 7.60000e+01
3.55918e+01 7.60000e+01
3.57826e+01 7.60000e+01
3.59722e+01 7.60000e+01
3.61600e+01 7.60000e+01
3.63488e+01 7.60000e+01
3.65359e+01 7.60000e+01
3.67284e+01 7.60000e+01
3.69172e+01 7.60000e+01
3.71058e+01 7.60000e+01
3.72947e+01 7.60000e+01
3.74834e+01 7.60000e+01
3.76727e+01 7.60000e+01
3.78621e+01 7.60000e+01
3.80496e+01 7.60000e+01
3.82382e+01 7.60000e+01
3.84266e+01 7.60000e+01
3.86190e+01 7.60000e+01
3.88095e+01 7.60000e+01
3.89999e+01 7.60000e+01
3.91882e+01 7.60000e+01
3.93784e+01 7.60000e+01
3.95681e+01 7.60000e+01
3.97614e+01 7.60000e+01
3.99504e+01 7.60000e+01
4.01394e+01 7.60000e+01
4.03300e+01 7.60000e+01
4.05182e+01 7.60000e+01
4.07103e+01 7.60000e+01
4.09030e+01 7.60000e+01
4.10929e+01 7.60000e+01
4.12816e+01 7.60000e+01
4.14717e+01 7.60000e+01
4.16627e+01 7.60000e+01
4.18506e+01 7.60000e+01
4.20445e+01 7.60000e+01
4.22519e+01 7.60000e+01
4.24502e+01 7.60000e+01
4.26447e+01 7.60000e+01
4.28340e+01 7.60000e+01
4.30241e+01 7.60000e+01
4.32149e+01 7.60000e+01
4.34056e+01 7.60000e+01
4.35981e+01 7.60000e+01
4.37897e+01 7.60000e+01
4.39801e+01 7.60000e+01
4.41695e+01 7.60000e+01
4.43585e+01 7.60000e+01
4.45468e+01 7.60000e+01
4.47392e+01 7.60000e+01
4.49297e+01 7.60000e+01
4.51191e+01 7.60000e+01
4.53077e+01 7.60000e+01
4.54969e+01 7.60000e+01
4.56911e+01 7.60000e+01
4.58801e+01 7.60000e+01
4.60700e+01 7.60000e+01
4.62602e+01 7.60000e+01
4.64486e+01 7.60000e+01
4.66442e+01 7.60000e+01
4.68338e+01 7.60000e+01
4.70382e+01 7.60000e+01
4.72385e+01 7.60000e+01
4.74285e+01 7.60000e+01
4.76214e+01 7.60000e+01
4.78141e+01 7.60000e+01
4.80038e+01 7.60000e+01
4.81931e+01 7.60000e+01
4.83837e+01 7.60000e+01
4.85746e+01 7.60000e+01
4.87682e+01 7.60000e+01
4.89602e+01 7.60000e+01
4.91501e+01 7.60000e+01
4.93403e+01 7.60000e+01
4.95306e+01 7.60000e+01
4.97247e+01 7.60000e+01
4.99160e+01 7.60000e+01
5.01060e+01 7.60000e+01
5.02964e+01 7.60000e+01
5.04867e+01 7.60000e+01
5.06794e+01 7.60000e+01
5.08700e+01 7.60000e+01
5.10602e+01 7.60000e+01
5.12502e+01 7.60000e+01
5.14387e+01 7.60000e+01
5.16326e+01 7.60000e+01
5.18225e+01 7.60000e+01
5.20114e+01 7.60000e+01
5.21996e+01 7.60000e+01
5.23908e+01 7.60000e+01
5.25815e+01 7.60000e+01
5.27738e+01 7.60000e+01
5.29651e+01 7.60000e+01
5.31554e+01 7.60000e+01
5.33454e+01 7.60000e+01
5.35355e+01 7.60000e+01
5.37321e+01 7.60000e+01
5.39223e+01 7.60000e+01
5.41147e+01 7.60000e+01
5.43051e+01 7.60000e+01
5.44955e+01 7.60000e+01
5.46897e+01 7.60000e+01
5.48791e+01 7.60000e+01
5.50694e+01 7.60000e+01
5.52580e+01 7.60000e+01
5.54471e+01 7.60000e+01
5.56387e+01 7.60000e+01
5.58293e+01 7.60000e+01
5.60180e+01 7.60000e+01
5.62066e+01 7.60000e+01
5.63974e+01 7.60000e+01
5.65876e+01 7.60000e+01
5.67800e+01 7.60000e+01
5.69689e+01 7.60000e+01
5.71768e+01 7.60000e+01
5.73723e+01 7.60000e+01
5.75632e+01 7.60000e+01
5.77558e+01 7.60000e+01
5.79467e+01 7.60000e+01
5.81371e+01 7.60000e+01
5.83257e+01 7.60000e+01
5.85160e+01 7.60000e+01
5.87099e+01 7.60000e+01
5.89002e+01 7.60000e+01
5.90894e+01 7.60000e+01
5.92813e+01 7.60000e+01
5.94722e+01 7.60000e+01
5.96646e+01 7.60000e+01
5.98551e+01 7.60000e+01
6.00457e+01 7.60000e+01
6.02350e+01 7.60000e+01
6.04243e+01 7.60000e+01
6.06129e+01 7.60000e+01
6.08044e+01 7.60000e+01
6.09937e+01 7.60000e+01
6.11821e+01 7.60000e+01
6.13700e+01 7.60000e+01
6.15637e+01 7.60000e+01
6.17649e+01 7.60000e+01
6.19567e+01 7.60000e+01
6.21469e+01 7.60000e+01
6.23370e+01 7.60000e+01
6.25271e+01 7.60000e+01
6.27234e+01 7.60000e+01
6.29120e+01 7.60000e+01
6.31008e+01 7.60000e+01
6.32902e+01 7.60000e+01
6.34785e+01 7.60000e+01
6.36693e+01 7.60000e+01
6.38598e+01 7.60000e+01
6.40477e+01 7.60000e+01
6.42366e+01 7.60000e+01
6.44258e+01 7.60000e+01
6.46141e+01 7.60000e+01
6.48068e+01 7.60000e+01
6.49957e+01 7.60000e+01
6.51842e+01 7.60000e+01
6.53718e+01 7.60000e+01
6.55604e+01 7.60000e+01
6.57539e+01 7.60000e+01
6.59433e+01 7.60000e+01
6.61332e+01 7.60000e+01
6.63228e+01 7.60000e+01
6.65137e+01 7.60000e+01
6.67058e+01 7.60000e+01
6.68953e+01 7.60000e+01
6.70835e+01 7.60000e+01
6.72731e+01 7.60000e+01
6.74631e+01 7.60000e+01
6.76554e+01 7.60000e+01
6.78465e+01 7.60000e+01
6.80369e+01 7.60000e+01
6.82261e+01 7.60000e+01
6.84177e+01 7.60000e+01
6.86070e+01 7.60000e+01
6.88012e+01 7.60000e+01
6.89934e+01 7.60000e+01
6.91826e+01 7.60000e+01
6.93712e+01 7.60000e+01
6.95622e+01 7.60000e+01
6.97547e+01 7.60000e+01
6.99457e+01 7.60000e+01
7.01365e+01 7.60000e+01
7.03270e+01 7.60000e+01
7.05170e+01 7.60000e+01
7.07105e+01 7.60000e+01
7.09014e+01 7.60000e+01
7.10917e+01 7.60000e+01
7.12812e+01 7.60000e+01
7.14707e+01 7.60000e+01
7.16632e+01 7.60000e+01
7.18549e+01 7.60000e+01
7.20518e+01 7.60000e+01
7.22612e+01 7.60000e+01
7.24512e+01 7.60000e+01
7.26428e+01 7.60000e+01
7.28318e+01 7.60000e+01
7.30225e+01 7.60000e+01
7.32107e+01 7.60000e+01
7.34008e+01 7.60000e+01
7.35925e+01 7.60000e+01
7.37867e+01 7.60000e+01
7.39748e+01 7.60000e+01
7.41646e+01 7.60000e+01
7.43531e+01 7.60000e+01
7.45423e+01 7.60000e+01
7.47359e+01 7.60000e+01
7.49272e+01 7.60000e+01
7.51158e+01 7.60000e+01
7.53044e+01 7.60000e+01
7.54939e+01 7.60000e+01
7.56868e+01 7.60000e+01
7.58771e+01 7.60000e+01
7.60675e+01 7.60000e+01
7.62565e+01 7.60000e+01
7.64466e+01 7.60000e+01
7.66426e+01 7.60000e+01
7.68352e+01 7.60000e+01
7.70259e+01 7.60000e+01
7.72166e+01 7.60000e+01
7.74072e+01 7.60000e+01
7.75985e+01 7.60000e+01
7.77926e+01 7.60000e+01
7.79830e+01 7.60000e+01
7.81734e+01 7.60000e+01
7.83645e+01 7.60000e+01
7.85547e+01 7.60000e+01
7.87498e+01 7.60000e+01
7.89397e+01 7.60000e+01
7.91292e+01 7.60000e+01
7.93186e+01 7.60000e+01
7.95085e+01 7.60000e+01
7.97004e+01 7.60000e+01
7.98903e+01 7.60000e+01
8.00817e+01 7.60000e+01
8.02713e+01 7.60000e+01
8.04624e+01 7.60000e+01
8.06551e+01 7.60000e+01
8.08464e+01 7.60000e+01
8.10379e+01 7.60000e+01
8.12271e+01 7.60000e+01
8.14167e+01 7.60000e+01
8.16070e+01 7.60000e+01
8.17995e+01 7.60000e+01
8.19888e+01 7.60000e+01
8.21783e+01 7.60000e+01
8.23671e+01 7.60000e+01
8.25582e+01 7.60000e+01
8.27510e+01 7.60000e+01
8.29413e+01 7.60000e+01
8.31306e+01 7.60000e+01
8.33218e+01 7.60000e+01
8.35116e+01 7.60000e+01
8.37054e+01 7.60000e+01
8.38958e+01 7.60000e+01
8.40849e+01 7.60000e+01
8.42735e+01 7.60000e+01
8.44629e+01 7.60000e+01
8.46533e+01 7.60000e+01
8.48439e+01 7.60000e+01
8.50353e+01 7.60000e+01
8.52254e+01 7.60000e+01
8.54148e+01 7.60000e+01
8.56065e+01 7.60000e+01
8.57981e+01 7.60000e+01
8.59873e+01 7.60000e+01
8.61758e+01 7.60000e+01
8.63658e+01 7.60000e+01
8.65553e+01 7.60000e+01
8.67503e+01 7.60000e+01
8.69399e+01 7.60000e+01
8.71495e+01 7.60000e+01
8.73525e+01 7.60000e+01
8.75436e+01 7.60000e+01
8.77369e+01 7.60000e+01
8.79276e+01 7.60000e+01
8.81165e+01 7.60000e+01
8.83058e+01 7.60000e+01
8.84965e+01 7.60000e+01
8.86895e+01 7.60000e+01
8.88790e+01 7.60000e+01
8.90690e+01 7.60000e+01
8.92590e+01 7.60000e+01
8.94487e+01 7.60000e+01
8.96389e+01 7.60000e+01
8.98313e+01 7.60000e+01
9.00204e+01 7.60000e+01
9.02117e+01 7.60000e+01
9.04008e+01 7.60000e+01
9.05903e+01 7.60000e+01
9.07843e+01 7.60000e+01
9.09761e+01 7.60000e+01
9.11662e+01 7.60000e+01
9.13566e+01 7.60000e+01
9.15463e+01 7.60000e+01
9.17404e+01 7.60000e+01
9.19311e+01 7.60000e+01
9.21218e+01 7.60000e+01
9.23126e+01 7.60000e+01
9.25037e+01 7.60000e+01
9.26967e+01 7.60000e+01
9.28876e+01 7.60000e+01
9.30768e+01 7.60000e+01
9.32653e+01 7.60000e+01
9.34536e+01 7.60000e+01
9.36441e+01 7.60000e+01
9.38364e+01 7.60000e+01
9.40258e+01 7.60000e+01
9.42154e+01 7.60000e+01
9.44059e+01 7.60000e+01
9.45949e+01 7.60000e+01
9.47888e+01 7.60000e+01
9.49785e+01 7.60000e+01
9.51683e+01 7.60000e+01
9.53594e+01 7.60000e+01
9.55503e+01 7.60000e+01
9.57436e+01 7.60000e+01
9.59350e+01 7.60000e+01
9.61237e+01 7.60000e+01
9.63136e+01 7.60000e+01
9.65033e+01 7.60000e+01
9.66953e+01 7.60000e+01
9.68841e+01 7.60000e+01
9.70743e+01 7.60000e+01
9.72636e+01 7.60000e+01
9.74528e+01 7.60000e+01
9.76425e+01 7.60000e+01
9.78346e+01 7.60000e+01
9.80244e+01 7.60000e+01
9.82141e+01 7.60000e+01
9.84036e+01 7.60000e+01
9.85926e+01 7.60000e+01
9.87840e+01 7.60000e+01
9.89740e+01 7.60000e+01
9.91626e+01 7.60000e+01
9.93539e+01 7.60000e+01
9.95433e+01 7.60000e+01
9.97365e+01 7.60000e+01
9.99266e+01 7.60000e+01
1.00116e+02 7.60000e+01
1.00305e+02 7.60000e+01
1.00495e+02 7.60000e+01
1.00687e+02 7.60000e+01
1.00877e+02 7.60000e+01
1.01067e+02 7.60000e+01
1.01256e+02 7.60000e+01
1.01446e+02 7.60000e+01
1.01636e+02 7.60000e+01
1.01829e+02 7.60000e+01
1.02018e+02 7.60000e+01
1.02236e+02 7.60000e+01
1.02427e+02 7.60000e+01
1.02618e+02 7.60000e+01
1.02811e+02 7.60000e+01
1.02999e+02 7.60000e+01
1.03188e+02 7.60000e+01
1.03378e+02 7.60000e+01
1.03570e+02 7.60000e+01
1.03763e+02 7.60000e+01
1.03954e+02 7.60000e+01
1.04143e+02 7.60000e+01
1.04333e+02 7.60000e+01
1.04523e+02 7.60000e+01
1.04716e+02 7.60000e+01
1.04905e+02 7.60000e+01
1.05095e+02 7.60000e+01
1.05283e+02 7.60000e+01
1.05472e+02 7.60000e+01
1.05664e+02 7.60000e+01
1.05857e+02 7.60000e+01
1.06045e+02 7.60000e+01
1.06236e+02 7.60000e+01
1.06423e+02 7.60000e+01
1.06620e+02 7.60000e+01
1.06817e+02 7.60000e+01
1.07005e+02 7.60000e+01
1.07193e+02 7.60000e+01
1.07385e+02 7.60000e+01
1.07576e+02 7.60000e+01
1.07771e+02 7.60000e+01
1.07961e+02 7.60000e+01
1.08153e+02 7.60000e+01
1.08343e+02 7.60000e+01
1.08534e+02 7.60000e+01
1.08729e+02 7.60000e+01
1.08919e+02 7.60000e+01
1.09108e+02 7.60000e+01
1.09299e+02 7.60000e+01
1.09488e+02 7.60000e+01
1.09681e+02 7.60000e+01
1.09874e+02 7.60000e+01
1.10066e+02 7.60000e+01
1.10255e+02 7.60000e+01
1.10445e+02 7.60000e+01
1.10635e+02 7.60000e+01
1.10829e+02 7.60000e+01
1.11019e+02 7.60000e+01
1.11209e+02 7.60000e+01
1.11400e+02 7.60000e+01
1.11590e+02 7.60000e+01
1.11783e+02 7.60000e+01
1.11974e+02 7.60000e+01
1.12165e+02 7.60000e+01
1.12356e+02 7.60000e+01
1.12546e+02 7.60000e+01
1.12742e+02 7.60000e+01
1.12934e+02 7.60000e+01
1.13124e+02 7.60000e+01
1.13313e+02 7.60000e+01
1.13502e+02 7.60000e+01
1.13695e+02 7.60000e+01
1.13894e+02 7.60000e+01
1.14085e+02 7.60000e+01
1.14278e+02 7.60000e+01
1.14467e+02 7.60000e+01
1.14658e+02 7.60000e+01
1.14853e+02 7.60000e+01
1.15044e+02 7.60000e+01
1.15232e+02 7.60000e+01
1.15422e+02 7.60000e+01
1.15611e+02 7.60000e+01
1.15805e+02 7.60000e+01
1.15995e+02 7.60000e+01
1.16183e+02 7.60000e+01
1.16372e+02 7.60000e+01
1.16561e+02 7.60000e+01
1.16752e+02 7.60000e+01
1.16941e+02 7.60000e+01
1.17146e+02 7.60000e+01
1.17348e+02 7.60000e+01
1.17536e+02 7.60000e+01
1.17731e+02 7.60000e+01
1.17921e+02 7.60000e+01
1.18111e+02 7.60000e+01
1.18299e+02 7.60000e+01
1.18489e+02 7.60000e+01
1.18678e+02 7.60000e+01
1.18871e+02 7.60000e+01
1.19058e+02 7.60000e+01
1.19246e+02 7.60000e+01
1.19435e+02 7.60000e+01
1.19624e+02 7.60000e+01
1.19816e+02 7.60000e+01
1.20005e+02 7.60000e+01
1.20194e+02 7.60000e+01
1.20382e+02 7.60000e+01
1.20570e+02 7.60000e+01
1.20762e+02 7.60000e+01
1.20950e+02 7.60000e+01
1.21139e+02 7.60000e+01
1.21329e+02 7.60000e+01
1.21519e+02 7.60000e+01
1.21713e+02 7.60000e+01
1.21903e+02 7.60000e+01
1.22092e+02 7.60000e+01
1.22282e+02 7.60000e+01
1.22470e+02 7.60000e+01
1.22659e+02 7.60000e+01
1.22851e+02 7.60000e+01
1.23040e+02 7.60000e+01
1.23230e+02 7.60000e+01
1.23419e+02 7.60000e+01
1.23608e+02 7.60000e+01
1.23801e+02 7.60000e+01
1.23991e+02 7.60000e+01
1.24181e+02 7.60000e+01
1.24371e+02 7.60000e+01
1.24561e+02 7.60000e+01
1.24754e+02 7.60000e+01
1.24944e+02 7.60000e+01
1.25135e+02 7.60000e+01
1.25324e+02 7.60000e+01
1.25515e+02 7.60000e+01
1.25709e+02 7.60000e+01
1.25900e+02 7.60000e+01
1.26090e+02 7.60000e+01
1.26280e+02 7.60000e+01
1.26471e+02 7.60000e+01
1.26662e+02 7.60000e+01
1.26855e+02 7.60000e+01
1.27045e+02 7.60000e+01
1.27235e+02 7.60000e+01
1.27426e+02 7.60000e+01
1.27616e+02 7.60000e+01
1.27807e+02 7.60000e+01
1.27998e+02 7.60000e+01
1.28188e+02 7.60000e+01
1.28376e+02 7.60000e+01
1.28566e+02 7.60000e+01
1.28759e+02 7.60000e+01
1.28949e+02 7.60000e+01
1.29139e+02 7.60000e+01
1.29328e+02 7.60000e+01
1.29518e+02 7.60000e+01
1.29710e+02 7.60000e+01
1.29901e+02 7.60000e+01
1.30091e+02 7.60000e+01
1.30282e+02 7.60000e+01
1.30472e+02 7.60000e+01
1.30661e+02 7.60000e+01
1.30855e+02 7.60000e+01
1.31046e+02 7.60000e+01
1.31236e+02 7.60000e+01
1.31427e+02 7.60000e+01
1.31617e+02 7.60000e+01
1.31811e+02 7.60000e+01
1.32002e+02 7.60000e+01
1.32215e+02 7.60000e+01
1.32410e+02 7.60000e+01
1.32600e+02 7.60000e+01
1.32794e+02 7.60000e+01
1.32983e+02 7.60000e+01
1.33173e+02 7.60000e+01
1.33364e+02 7.60000e+01
1.33555e+02 7.60000e+01
1.33750e+02 7.60000e+01
1.33939e+02 7.60000e+01
1.34130e+02 7.60000e+01
1.34320e+02 7.60000e+01
1.34508e+02 7.60000e+01
1.34696e+02 7.60000e+01
1.34890e+02 7.60000e+01
1.35080e+02 7.60000e+01
1.35272e+02 7.60000e+01
1.35461e+02 7.60000e+01
1.35651e+02 7.60000e+01
1.35844e+02 7.60000e+01
1.36034e+02 7.60000e+01
1.36223e+02 7.60000e+01
1.36411e+02 7.60000e+01
1.36602e+02 7.60000e+01
1.36796e+02 7.60000e+01
1.36987e+02 7.60000e+01
1.37179e+02 7.60000e+01
1.37369e+02 7.60000e+01
1.37559e+02 7.60000e+01
1.37753e+02 7.60000e+01
1.37944e+02 7.60000e+01
1.38134e+02 7.60000e+01
1.38326e+02 7.60000e+01
1.38515e+02 7.60000e+01
1.38707e+02 7.60000e+01
1.38901e+02 7.60000e+01
1.39091e+02 7.60000e+01
1.39281e+02 7.60000e+01
1.39473e+02 7.60000e+01
1.39663e+02 7.60000e+01
1.39858e+02 7.60000e+01
1.40049e+02 7.60000e+01
1.40239e+02 7.60000e+01
1.40430e+02 7.60000e+01
1.40622e+02 7.60000e+01
1.40816e+02 7.60000e+01
1.41008e+02 7.60000e+01
1.41198e+02 7.60000e+01
1.41390e+02 7.60000e+01
1.41581e+02 7.60000e+01
1.41776e+02 7.60000e+01
1.41968e+02 7.60000e+01
1.42159e+02 7.60000e+01
1.42351e+02 7.60000e+01
1.42542e+02 7.60000e+01
1.42734e+02 7.60000e+01
1.42926e+02 7.60000e+01
1.43116e+02 7.60000e+01
1.43306e+02 7.60000e+01
1.43497e+02 7.60000e+01
1.43689e+02 7.60000e+01
1.43882e+02 7.60000e+01
1.44074e+02 7.60000e+01
1.44264e+02 7.60000e+01
1.44454e+02 7.60000e+01
1.44645e+02 7.60000e+01
1.44840e+02 7.60000e+01
1.45032e+02 7.60000e+01
1.45225e+02 7.60000e+01
1.45417e+02 7.60000e+01
1.45608e+02 7.60000e+01
1.45802e+02 7.60000e+01
1.45994e+02 7.60000e+01
1.46183e+02 7.60000e+01
1.46375e+02 7.60000e+01
1.46565e+02 7.60000e+01
1.46757e+02 7.60000e+01
1.46947e+02 7.60000e+01
1.47159e+02 7.60000e+01
1.47362e+02 7.60000e+01
1.47553e+02 7.60000e+01
1.47745e+02 7.60000e+01
1.47936e+02 7.60000e+01
1.48125e+02 7.60000e+01
1.48314e+02 7.60000e+01
1.48503e+02 7.60000e+01
1.48694e+02 7.60000e+01
1.48887e+02 7.60000e+01
1.49076e+02 7.60000e+01
1.49266e+02 7.60000e+01
1.49456e+02 7.60000e+01
1.49646e+02 7.60000e+01
1.49841e+02 7.60000e+01
1.50031e+02 7.60000e+01
1.50220e+02 7.60000e+01
1.50410e+02 7.60000e+01
1.50601e+02 7.60000e+01
1.50794e+02 7.60000e+01
1.50985e+02 7.60000e+01
1.51173e+02 7.60000e+01
1.51363e+02 7.60000e+01
1.51554e+02 7.60000e+01
1.51747e+02 7.60000e+01
1.51936e+02 7.60000e+01
1.52125e+02 7.60000e+01
1.52315e+02 7.60000e+01
1.52506e+02 7.60000e+01
1.52697e+02 7.60000e+01
1.52889e+02 7.60000e+01
1.53077e+02 7.60000e+01
1.53267e+02 7.60000e+01
1.53456e+02 7.60000e+01
1.53645e+02 7.60000e+01
1.53840e+02 7.60000e+01
1.54029e+02 7.60000e+01
1.54219e+02 7.60000e+01
1.54409e+02 7.60000e+01
1.54598e+02 7.60000e+01
1.54791e+02 7.60000e+01
1.54980e+02 7.60000e+01
1.55169e+02 7.60000e+01
1.55358e+02 7.60000e+01
1.55549e+02 7.60000e+01
1.55739e+02 7.60000e+01
1.55933e+02 7.60000e+01
1.56123e+02 7.60000e+01
1.56313e+02 7.60000e+01
1.56504e+02 7.60000e+01
1.56694e+02 7.60000e+01
1.56886e+02 7.60000e+01
1.57074e+02 7.60000e+01
1.57265e+02 7.60000e+01
1.57455e+02 7.60000e+01
1.57644e+02 7.60000e+01
1.57839e+02 7.60000e+01
1.58028e+02 7.60000e+01
1.58216e+02 7.60000e+01
1.58406e+02 7.60000e+01
1.58596e+02 7.60000e+01
1.58788e+02 7.60000e+01
1.58979e+02 7.60000e+01
1.59169e+02 7.60000e+01
1.59360e+02 7.60000e+01
1.59550e+02 7.60000e+01
1.59742e+02 7.60000e+01
1.59936e+02 7.60000e+01
1.60128e+02 7.60000e+01
1.60317e+02 7.60000e+01
1.60508e+02 7.60000e+01
1.60696e+02 7.60000e+01
1.60890e+02 7.60000e+01
1.61079e+02 7.60000e+01
1.61270e+02 7.60000e+01
1.61460e+02 7.60000e+01
1.61651e+02 7.60000e+01
1.61844e+02 7.60000e+01
1.62038e+02 7.60000e+01
1.62233e+02 7.60000e+01
1.62425e+02 7.60000e+01
1.62627e+02 7.60000e+01
1.62826e+02 7.60000e+01
1.63016e+02 7.60000e+01
1.63205e+02 7.60000e+01
1.63395e+02 7.60000e+01
1.63586e+02 7.60000e+01
1.63780e+02 7.60000e+01
1.63970e+02 7.60000e+01
1.64159e+02 7.60000e+01
1.64348e+02 7.60000e+01
1.64538e+02 7.60000e+01
1.64730e+02 7.60000e+01
1.64923e+02 7.60000e+01
1.65111e+02 7.60000e+01
1.65302e+02 7.60000e+01
1.65491e+02 7.60000e+01
1.65680e+02 7.60000e+01
1.65875e+02 7.60000e+01
1.66064e+02 7.60000e+01
1.66255e+02 7.60000e+01
1.66447e+02 7.60000e+01
1.66638e+02 7.60000e+01
1.66832e+02 7.60000e+01
1.67024e+02 7.60000e+01
1.67215e+02 7.60000e+01
1.67405e+02 7.60000e+01
1.67595e+02 7.60000e+01
1.67788e+02 7.60000e+01
1.67978e+02 7.60000e+01
1.68168e+02 7.60000e+01
1.68359e+02 7.60000e+01
1.68550e+02 7.60000e+01
1.68740e+02 7.60000e+01
1.68932e+02 7.60000e+01
1.69121e+02 7.60000e+01
1.69313e+02 7.60000e+01
1.69502e+02 7.60000e+01
1.69692e+02 7.60000e+01
1.69886e+02 7.60000e+01
1.70076e+02 7.60000e+01
1.70264e+02 7.60000e+01
1.70455e+02 7.60000e+01
1.70645e+02 7.60000e+01
1.70838e+02 7.60000e+01
1.71028e+02 7.60000e+01
1.71218e+02 7.60000e+01
1.71407e+02 7.60000e+01
1.71597e+02 7.60000e+01
1.71789e+02 7.60000e+01
1.71980e+02 7.60000e+01
1.72170e+02 7.60000e+01
1.72359e+02 7.60000e+01
1.72547e+02 7.60000e+01
1.72738e+02 7.60000e+01
1.72931e+02 7.60000e+01
1.73122e+02 7.60000e+01
1.73311e+02 7.60000e+01
1.73501e+02 7.60000e+01
1.73689e+02 7.60000e+01
1.73886e+02 7.60000e+01
1.74076e+02 7.60000e+01
1.74266e+02 7.60000e+01
1.74457e+02 7.60000e+01
1.74648e+02 7.60000e+01
1.74841e+02 7.60000e+01
1.75032e+02 7.60000e+01
1.75222e+02 7.60000e+01
1.75412e+02 7.60000e+01
1.75601e+02 7.60000e+01
1.75794e+02 7.60000e+01
1.75985e+02 7.60000e+01
1.76174e+02 7.60000e+01
1.76367e+02 7.60000e+01
1.76558e+02 7.60000e+01
1.76748e+02 7.60000e+01
1.76942e+02 7.60000e+01
1.77152e+02 7.60000e+01
1.77361e+02 7.60000e+01
1.77554e+02 7.60000e+01
1.77742e+02 7.60000e+01
1.77934e+02 7.60000e+01
1.78124e+02 7.60000e+01
1.78313e+02 7.60000e+01
1.78504e+02 7.60000e+01
1.78694e+02 7.60000e+01
1.78888e+02 7.60000e+01
1.79077e+02 7.60000e+01
1.79265e+02 7.60000e+01
1.79454e+02 7.60000e+01
1.79645e+02 7.60000e+01
1.79837e+02 7.60000e+01
1.80029e+02 7.60000e+01
1.80219e+02 7.60000e+01
1.80409e+02 7.60000e+01
1.80597e+02 7.60000e+01
1.80787e+02 7.60000e+01
1.80979e+02 7.60000e+01
1.81168e+02 7.60000e+01
1.81358e+02 7.60000e+01
1.81549e+02 7.60000e+01
1.81738e+02 7.60000e+01
1.81933e+02 7.60000e+01
1.82122e+02 7.60000e+01
1.82312e+02 7.60000e+01
1.82502e+02 7.60000e+01
1.82693e+02 7.60000e+01
1.82885e+02 7.60000e+01
1.83076e+02 7.60000e+01
1.83266e+02 7.60000e+01
1.83456e+02 7.60000e+01
1.83647e+02 7.60000e+01
1.83839e+02 7.60000e+01
1.84029e+02 7.60000e+01
1.84219e+02 7.60000e+01
1.84408e+02 7.60000e+01
1.84597e+02 7.60000e+01
1.84788e+02 7.60000e+01
1.84982e+02 7.60000e+01
1.85171e+02 7.60000e+01
1.85361e+02 7.60000e+01
1.85550e+02 7.60000e+01
1.85741e+02 7.60000e+01
1.85934e+02 7.60000e+01
1.86124e+02 7.60000e+01
1.86313e+02 7.60000e+01
1.86504e+02 7.60000e+01
1.86693e+02 7.60000e+01
1.86886e+02 7.60000e+01
1.87076e+02 7.60000e+01
1.87267e+02 7.60000e+01
1.87457e+02 7.60000e+01
1.87647e+02 7.60000e+01
1.87840e+02 7.60000e+01
1.88031e+02 7.60000e+01
1.88223e+02 7.60000e+01
1.88414e+02 7.60000e+01
1.88603e+02 7.60000e+01
1.88796e+02 7.60000e+01
1.88989e+02 7.60000e+01
1.89178e+02 7.60000e+01
1.89369e+02 7.60000e+01
1.89559e+02 7.60000e+01
1.89748e+02 7.60000e+01
1.89942e+02 7.60000e+01
1.90131e+02 7.60000e+01
1.90322e+02 7.60000e+01
1.90513e+02 7.60000e+01
1.90702e+02 7.60000e+01
