2.00380e-02 7.41000e+02
2.17577e-01 5.32000e+02
4.14587e-01 4.11000e+02
6.09966e-01 3.23000e+02
8.04593e-01 2.99000e+02
9.99329e-01 3.27000e+02
1.19391e+00 3.70000e+02
1.38611e+00 3.72000e+02
1.57994e+00 3.65000e+02
1.77243e+00 3.44000e+02
1.96833e+00 3.30000e+02
2.16174e+00 2.67000e+02
2.35583e+00 2.00000e+02
2.54784e+00 2.10000e+02
2.73910e+00 2.41000e+02
2.93468e+00 2.07000e+02
3.12818e+00 2.04000e+02
3.32096e+00 2.27000e+02
3.51382e+00 1.52000e+02
3.70569e+00 1.32000e+02
3.90048e+00 1.69000e+02
4.09549e+00 1.78000e+02
4.28699e+00 2.17000e+02
4.47954e+00 2.21000e+02
4.66956e+00 2.20000e+02
4.86243e+00 2.07000e+02
5.05784e+00 2.12000e+02
5.25049e+00 2.50000e+02
5.44076e+00 1.93000e+02
5.63327e+00 1.98000e+02
5.82953e+00 2.00000e+02
6.02649e+00 2.27000e+02
6.21914e+00 1.60000e+02
6.41050e+00 1.45000e+02
6.60143e+00 1.54000e+02
6.79126e+00 1.41000e+02
6.98522e+00 1.91000e+02
7.17511e+00 1.46000e+02
7.36483e+00 1.49000e+02
7.55629e+00 1.50000e+02
7.74778e+00 1.31000e+02
7.94132e+00 1.59000e+02
8.13309e+00 2.04000e+02
8.32442e+00 2.04000e+02
8.51570e+00 1.90000e+02
8.70636e+00 2.13000e+02
8.89980e+00 2.05000e+02
9.11795e+00 1.52000e+02
9.31651e+00 1.83000e+02
9.50816e+00 1.77000e+02
9.69868e+00 1.82000e+02
9.89134e+00 1.68000e+02
1.00836e+01 1.85000e+02
1.02740e+01 1.61000e+02
1.04653e+01 1.50000e+02
1.06557e+01 1.62000e+02
1.08458e+01 1.07000e+02
1.10388e+01 9.80000e+01
1.12283e+01 1.07000e+02
1.14202e+01 1.09000e+02
1.16102e+01 1.11000e+02
1.18005e+01 1.16000e+02
1.19934e+01 8.90000e+01
1.21829e+01 8.90000e+01
1.23717e+01 8.00000e+01
1.25624e+01 8.90000e+01
1.27499e+01 8.60000e+01
1.29404e+01 8.10000e+01
1.31305e+01 8.10000e+01
1.33193e+01 8.60000e+01
1.35104e+01 8.50000e+01
1.37011e+01 7.90000e+01
1.38901e+01 7.90000e+01
1.40820e+01 7.90000e+01
1.42729e+01 7.90000e+01
1.44626e+01 7.90000e+01
1.46520e+01 7.90000e+01
1.48423e+01 7.90000e+01
1.50353e+01 7.90000e+01
1.52258e+01 7.90000e+01
1.54163e+01 7.50000e+01
1.56074e+01 7.50000e+01
1.57960e+01 7.50000e+01
1.59885e+01 7.50000e+01
1.61779e+01 7.50000e+01
1.63668e+01 7.50000e+01
1.65563e+01 7.50000e+01
1.67459e+01 7.50000e+01
1.69359e+01 7.50000e+01
1.71284e+01 7.50000e+01
1.73183e+01 7.50000e+01
1.75070e+01 7.50000e+01
1.76968e+01 7.50000e+01
1.78869e+01 7.50000e+01
1.80776e+01 7.50000e+01
1.82682e+01 7.50000e+01
1.84574e+01 7.50000e+01
1.86468e+01 7.50000e+01
1.88365e+01 7.50000e+01
1.90287e+01 7.50000e+01
1.92187e+01 7.50000e+01
1.94073e+01 7.50000e+01
1.95969e+01 7.50000e+01
1.97865e+01 7.50000e+01
1.99789e+01 7.50000e+01
2.01699e+01 7.50000e+01
2.03578e+01 7.50000e+01
2.05485e+01 7.50000e+01
2.07382e+01 7.50000e+01
2.09280e+01 7.50000e+01
2.11211e+01 7.50000e+01
2.13117e+01 7.50000e+01
2.15022e+01 7.50000e+01
2.16923e+01 7.50000e+01
2.18810e+01 7.50000e+01
2.20725e+01 7.50000e+01
2.22633e+01 7.50000e+01
2.24527e+01 7.50000e+01
2.26416e+01 7.50000e+01
2.28325e+01 7.50000e+01
2.30238e+01 7.50000e+01
2.32147e+01 7.50000e+01
2.34032e+01 7.50000e+01
2.35937e+01 7.50000e+01
2.37830e+01 7.50000e+01
2.39910e+01 7.50000e+01
2.42007e+01 7.50000e+01
2.43931e+01 7.50000e+01
2.45834e+01 7.50000e+01
2.47742e+01 7.50000e+01
2.49651e+01 7.50000e+01
2.51565e+01 7.50000e+01
2.53467e+01 7.50000e+01
2.55364e+01 7.50000e+01
2.57269e+01 7.50000e+01
2.59181e+01 7.50000e+01
2.61102e+01 7.50000e+01
2.63013e+01 7.50000e+01
2.64906e+01 7.50000e+01
2.66810e+01 7.50000e+01
2.68713e+01 7.50000e+01
2.70638e+01 7.50000e+01
2.72535e+01 7.50000e+01
2.74431e+01 7.50000e+01
2.76326e+01 7.50000e+01
2.78222e+01 7.50000e+01
2.80155e+01 7.50000e+01
2.82056e+01 7.50000e+01
2.83942e+01 7.50000e+01
2.85842e+01 7.50000e+01
2.87721e+01 7.50000e+01
2.89624e+01 7.50000e+01
2.91544e+01 7.50000e+01
2.93440e+01 7.50000e+01
2.95332e+01 7.50000e+01
2.97235e+01 7.50000e+01
2.99121e+01 7.50000e+01
3.01044e+01 7.50000e+01
3.02951e+01 7.50000e+01
3.04858e+01 7.50000e+01
3.06747e+01 7.50000e+01
3.08643e+01 7.50000e+01
3.10554e+01 7.50000e+01
3.12445e+01 7.50000e+01
3.14338e+01 7.50000e+01
3.16222e+01 7.50000e+01
3.18115e+01 7.50000e+01
3.20050e+01 7.50000e+01
3.21946e+01 7.50000e+01
3.23843e+01 7.50000e+01
3.25737e+01 7.50000e+01
3.27633e+01 7.50000e+01
3.29517e+01 7.50000e+01
3.31451e+01 7.50000e+01
3.33351e+01 7.50000e+01
3.35251e+01 7.50000e+01
3.37153e+01 7.50000e+01
3.39054e+01 7.50000e+01
3.40970e+01 7.50000e+01
3.42869e+01 7.50000e+01
3.44763e+01 7.50000e+01
3.46648e+01 7.50000e+01
3.48546e+01 7.50000e+01
3.50473e+01 7.50000e+01
3.52365e+01 7.50000e+01
3.54244e+01 7.50000e+01
3.56139e+01 7.50000e+01
3.58040e+01 7.50000e+01
3.59974e+01 7.50000e+01
3.61869e+01 7.50000e+01
3.63769e+01 7.50000e+01
3.65683e+01 7.50000e+01
3.67578e+01 7.50000e+01
3.69476e+01 7.50000e+01
3.71387e+01 7.50000e+01
3.73283e+01 7.50000e+01
3.75183e+01 7.50000e+01
3.77084e+01 7.50000e+01
3.78971e+01 7.50000e+01
3.80886e+01 7.50000e+01
3.82768e+01 7.50000e+01
3.84664e+01 7.50000e+01
3.86536e+01 7.50000e+01
3.88420e+01 7.50000e+01
3.90559e+01 7.50000e+01
3.92619e+01 7.50000e+01
3.94535e+01 7.50000e+01
3.96435e+01 7.50000e+01
3.98322e+01 7.50000e+01
4.00253e+01 7.50000e+01
4.02151e+01 7.50000e+01
4.04050e+01 7.50000e+01
4.05960e+01 7.50000e+01
4.07853e+01 7.50000e+01
4.09730e+01 7.50000e+01
4.11651e+01 7.50000e+01
4.13547e+01 7.50000e+01
4.15452e+01 7.50000e+01
4.17357e+01 7.50000e+01
4.19253e+01 7.50000e+01
4.21174e+01 7.50000e+01
4.23070e+01 7.50000e+01
4.24980e+01 7.50000e+01
4.26873e+01 7.50000e+01
4.28766e+01 7.50000e+01
4.30683e+01 7.50000e+01
4.32589e+01 7.50000e+01
4.34561e+01 7.50000e+01
4.36472e+01 7.50000e+01
4.38379e+01 7.50000e+01
4.40312e+01 7.50000e+01
4.42214e+01 7.50000e+01
4.44103e+01 7.50000e+01
4.46003e+01 7.50000e+01
4.47890e+01 7.50000e+01
4.49796e+01 7.50000e+01
4.51709e+01 7.50000e+01
4.53606e+01 7.50000e+01
4.55497e+01 7.50000e+01
4.57405e+01 7.50000e+01
4.59296e+01 7.50000e+01
4.61222e+01 7.50000e+01
4.63121e+01 7.50000e+01
4.65014e+01 7.50000e+01
4.66906e+01 7.50000e+01
4.68807e+01 7.50000e+01
4.70726e+01 7.50000e+01
4.72642e+01 7.50000e+01
4.74537e+01 7.50000e+01
4.76438e+01 7.50000e+01
4.78324e+01 7.50000e+01
4.80250e+01 7.50000e+01
4.82158e+01 7.50000e+01
4.84051e+01 7.50000e+01
4.85952e+01 7.50000e+01
4.87850e+01 7.50000e+01
4.89741e+01 7.50000e+01
4.91668e+01 7.50000e+01
4.93558e+01 7.50000e+01
4.95451e+01 7.50000e+01
4.97343e+01 7.50000e+01
4.99248e+01 7.50000e+01
5.01171e+01 7.50000e+01
5.03071e+01 7.50000e+01
5.04953e+01 7.50000e+01
5.06846e+01 7.50000e+01
5.08753e+01 7.50000e+01
5.10678e+01 7.50000e+01
5.12578e+01 7.50000e+01
5.14487e+01 7.50000e+01
5.16374e+01 7.50000e+01
5.18277e+01 7.50000e+01
5.20202e+01 7.50000e+01
5.22103e+01 7.50000e+01
5.23995e+01 7.50000e+01
5.25896e+01 7.50000e+01
5.27784e+01 7.50000e+01
5.29663e+01 7.50000e+01
5.31579e+01 7.50000e+01
5.33480e+01 7.50000e+01
5.35378e+01 7.50000e+01
5.37276e+01 7.50000e+01
5.39256e+01 7.50000e+01
5.41307e+01 7.50000e+01
5.43341e+01 7.50000e+01
5.45240e+01 7.50000e+01
5.47132e+01 7.50000e+01
5.49026e+01 7.50000e+01
5.50946e+01 7.50000e+01
5.52845e+01 7.50000e+01
5.54740e+01 7.50000e+01
5.56631e+01 7.50000e+01
5.58499e+01 7.50000e+01
5.60424e+01 7.50000e+01
5.62322e+01 7.50000e+01
5.64207e+01 7.50000e+01
5.66108e+01 7.50000e+01
5.68010e+01 7.50000e+01
5.69887e+01 7.50000e+01
5.71823e+01 7.50000e+01
5.73720e+01 7.50000e+01
5.75627e+01 7.50000e+01
5.77525e+01 7.50000e+01
5.79423e+01 7.50000e+01
5.81343e+01 7.50000e+01
5.83262e+01 7.50000e+01
5.85294e+01 7.50000e+01
5.87189e+01 7.50000e+01
5.89091e+01 7.50000e+01
5.91034e+01 7.50000e+01
5.92937e+01 7.50000e+01
5.94837e+01 7.50000e+01
5.96753e+01 7.50000e+01
5.98658e+01 7.50000e+01
6.00586e+01 7.50000e+01
6.02485e+01 7.50000e+01
6.04387e+01 7.50000e+01
6.06305e+01 7.50000e+01
6.08219e+01 7.50000e+01
6.10160e+01 7.50000e+01
6.12072e+01 7.50000e+01
6.13973e+01 7.50000e+01
6.15849e+01 7.50000e+01
6.17748e+01 7.50000e+01
6.19648e+01 7.50000e+01
6.21565e+01 7.50000e+01
6.23468e+01 7.50000e+01
6.25372e+01 7.50000e+01
6.27275e+01 7.50000e+01
6.29175e+01 7.50000e+01
6.31085e+01 7.50000e+01
6.32997e+01 7.50000e+01
6.34900e+01 7.50000e+01
6.36793e+01 7.50000e+01
6.38689e+01 7.50000e+01
6.40614e+01 7.50000e+01
6.42511e+01 7.50000e+01
6.44396e+01 7.50000e+01
6.46294e+01 7.50000e+01
6.48200e+01 7.50000e+01
6.50105e+01 7.50000e+01
6.52029e+01 7.50000e+01
6.53925e+01 7.50000e+01
6.55813e+01 7.50000e+01
6.57706e+01 7.50000e+01
6.59660e+01 7.50000e+01
6.61597e+01 7.50000e+01
6.63506e+01 7.50000e+01
6.65411e+01 7.50000e+01
6.67316e+01 7.50000e+01
6.69214e+01 7.50000e+01
6.71130e+01 7.50000e+01
6.73041e+01 7.50000e+01
6.74958e+01 7.50000e+01
6.76853e+01 7.50000e+01
6.78767e+01 7.50000e+01
6.80692e+01 7.50000e+01
6.82618e+01 7.50000e+01
6.84527e+01 7.50000e+01
6.86447e+01 7.50000e+01
6.88347e+01 7.50000e+01
6.90442e+01 7.50000e+01
6.92427e+01 7.50000e+01
6.94329e+01 7.50000e+01
6.96224e+01 7.50000e+01
6.98126e+01 7.50000e+01
7.00017e+01 7.50000e+01
7.01942e+01 7.50000e+01
7.03860e+01 7.50000e+01
7.05768e+01 7.50000e+01
7.07663e+01 7.50000e+01
7.09559e+01 7.50000e+01
7.11475e+01 7.50000e+01
7.13382e+01 7.50000e+01
7.15290e+01 7.50000e+01
7.17188e+01 7.50000e+01
7.19077e+01 7.50000e+01
7.21009e+01 7.50000e+01
7.22902e+01 7.50000e+01
7.24801e+01 7.50000e+01
7.26692e+01 7.50000e+01
7.28593e+01 7.50000e+01
7.30514e+01 7.50000e+01
7.32414e+01 7.50000e+01
7.34323e+01 7.50000e+01
7.36221e+01 7.50000e+01
7.38113e+01 7.50000e+01
7.40020e+01 7.50000e+01
7.41951e+01 7.50000e+01
7.43864e+01 7.50000e+01
7.45760e+01 7.50000e+01
7.47666e+01 7.50000e+01
7.49573e+01 7.50000e+01
7.51509e+01 7.50000e+01
7.53413e+01 7.50000e+01
7.55332e+01 7.50000e+01
7.57240e+01 7.50000e+01
7.59160e+01 7.50000e+01
7.61095e+01 7.50000e+01
7.63011e+01 7.50000e+01
7.64907e+01 7.50000e+01
7.66809e+01 7.50000e+01
7.68714e+01 7.50000e+01
7.70643e+01 7.50000e+01
7.72555e+01 7.50000e+01
7.74465e+01 7.50000e+01
7.76361e+01 7.50000e+01
7.78272e+01 7.50000e+01
7.80160e+01 7.50000e+01
7.82104e+01 7.50000e+01
7.84015e+01 7.50000e+01
7.85926e+01 7.50000e+01
7.87821e+01 7.50000e+01
7.89729e+01 7.50000e+01
7.91663e+01 7.50000e+01
7.93556e+01 7.50000e+01
7.95456e+01 7.50000e+01
7.97353e+01 7.50000e+01
7.99245e+01 7.50000e+01
8.01165e+01 7.50000e+01
8.03069e+01 7.50000e+01
8.04971e+01 7.50000e+01
8.06867e+01 7.50000e+01
8.08765e+01 7.50000e+01
8.10680e+01 7.50000e+01
8.12570e+01 7.50000e+01
8.14462e+01 7.50000e+01
8.16362e+01 7.50000e+01
8.18258e+01 7.50000e+01
8.20154e+01 7.50000e+01
8.22077e+01 7.50000e+01
8.23990e+01 7.50000e+01
8.25873e+01 7.50000e+01
8.27781e+01 7.50000e+01
8.29687e+01 7.50000e+01
8.31608e+01 7.50000e+01
8.33502e+01 7.50000e+01
8.35402e+01 7.50000e+01
8.37289e+01 7.50000e+01
8.39270e+01 7.50000e+01
8.41363e+01 7.50000e+01
8.43291e+01 7.50000e+01
8.45191e+01 7.50000e+01
8.47101e+01 7.50000e+01
8.48985e+01 7.50000e+01
8.50887e+01 7.50000e+01
8.52791e+01 7.50000e+01
8.54694e+01 7.50000e+01
8.56585e+01 7.50000e+01
8.58480e+01 7.50000e+01
8.60383e+01 7.50000e+01
8.62299e+01 7.50000e+01
8.64200e+01 7.50000e+01
8.66116e+01 7.50000e+01
8.68008e+01 7.50000e+01
8.69906e+01 7.50000e+01
8.71832e+01 7.50000e+01
8.73735e+01 7.50000e+01
8.75642e+01 7.50000e+01
8.77544e+01 7.50000e+01
8.79436e+01 7.50000e+01
8.81386e+01 7.50000e+01
8.83292e+01 7.50000e+01
8.85210e+01 7.50000e+01
8.87106e+01 7.50000e+01
8.88995e+01 7.50000e+01
8.90912e+01 7.50000e+01
8.92814e+01 7.50000e+01
8.94710e+01 7.50000e+01
8.96638e+01 7.50000e+01
8.98541e+01 7.50000e+01
9.00458e+01 7.50000e+01
9.02378e+01 7.50000e+01
9.04295e+01 7.50000e+01
9.06192e+01 7.50000e+01
9.08086e+01 7.50000e+01
9.09985e+01 7.50000e+01
9.11936e+01 7.50000e+01
9.13841e+01 7.50000e+01
9.15742e+01 7.50000e+01
9.17628e+01 7.50000e+01
9.19529e+01 7.50000e+01
9.21449e+01 7.50000e+01
9.23362e+01 7.50000e+01
9.25246e+01 7.50000e+01
9.27147e+01 7.50000e+01
9.29052e+01 7.50000e+01
9.30968e+01 7.50000e+01
9.32865e+01 7.50000e+01
9.34762e+01 7.50000e+01
9.36647e+01 7.50000e+01
9.38559e+01 7.50000e+01
9.40459e+01 7.50000e+01
9.42389e+01 7.50000e+01
9.44289e+01 7.50000e+01
9.46192e+01 7.50000e+01
9.48088e+01 7.50000e+01
9.49994e+01 7.50000e+01
9.51925e+01 7.50000e+01
9.53836e+01 7.50000e+01
9.55725e+01 7.50000e+01
9.57617e+01 7.50000e+01
9.59522e+01 7.50000e+01
9.61452e+01 7.50000e+01
9.63345e+01 7.50000e+01
9.65250e+01 7.50000e+01
9.67137e+01 7.50000e+01
9.69036e+01 7.50000e+01
9.70955e+01 7.50000e+01
9.72858e+01 7.50000e+01
9.74757e+01 7.50000e+01
9.76645e+01 7.50000e+01
9.78546e+01 7.50000e+01
9.80447e+01 7.50000e+01
9.82376e+01 7.50000e+01
9.84287e+01 7.50000e+01
9.86174e+01 7.50000e+01
9.88067e+01 7.50000e+01
9.90156e+01 7.50000e+01
9.92260e+01 7.50000e+01
9.94159e+01 7.50000e+01
9.96067e+01 7.50000e+01
9.97971e+01 7.50000e+01
9.99877e+01 7.50000e+01
1.00180e+02 7.50000e+01
1.00371e+02 7.50000e+01
1.00560e+02 7.50000e+01
1.00751e+02 7.50000e+01
1.00940e+02 7.50000e+01
1.01133e+02 7.50000e+01
1.01324e+02 7.50000e+01
1.01515e+02 7.50000e+01
1.01702e+02 7.50000e+01
1.01893e+02 7.50000e+01
1.02085e+02 7.50000e+01
1.02276e+02 7.50000e+01
1.02468e+02 7.50000e+01
1.02659e+02 7.50000e+01
1.02847e+02 7.50000e+01
1.03036e+02 7.50000e+01
1.03228e+02 7.50000e+01
1.03419e+02 7.50000e+01
1.03609e+02 7.50000e+01
1.03797e+02 7.50000e+01
1.03986e+02 7.50000e+01
1.04181e+02 7.50000e+01
1.04373e+02 7.50000e+01
1.04562e+02 7.50000e+01
1.04751e+02 7.50000e+01
1.04941e+02 7.50000e+01
1.05134e+02 7.50000e+01
1.05325e+02 7.50000e+01
1.05516e+02 7.50000e+01
1.05707e+02 7.50000e+01
1.05894e+02 7.50000e+01
1.06087e+02 7.50000e+01
1.06277e+02 7.50000e+01
1.06467e+02 7.50000e+01
1.06658e+02 7.50000e+01
1.06846e+02 7.50000e+01
1.07036e+02 7.50000e+01
1.07229e+02 7.50000e+01
1.07420e+02 7.50000e+01
1.07610e+02 7.50000e+01
1.07800e+02 7.50000e+01
1.07991e+02 7.50000e+01
1.08184e+02 7.50000e+01
1.08375e+02 7.50000e+01
1.08565e+02 7.50000e+01
1.08756e+02 7.50000e+01
1.08945e+02 7.50000e+01
1.09140e+02 7.50000e+01
1.09331e+02 7.50000e+01
1.09521e+02 7.50000e+01
1.09711e+02 7.50000e+01
1.09901e+02 7.50000e+01
1.10093e+02 7.50000e+01
1.10283e+02 7.50000e+01
1.10474e+02 7.50000e+01
1.10664e+02 7.50000e+01
1.10854e+02 7.50000e+01
1.11044e+02 7.50000e+01
1.11239e+02 7.50000e+01
1.11428e+02 7.50000e+01
1.11617e+02 7.50000e+01
1.11807e+02 7.50000e+01
1.11996e+02 7.50000e+01
1.12190e+02 7.50000e+01
1.12381e+02 7.50000e+01
1.12571e+02 7.50000e+01
1.12760e+02 7.50000e+01
1.12950e+02 7.50000e+01
1.13141e+02 7.50000e+01
1.13331e+02 7.50000e+01
1.13521e+02 7.50000e+01
1.13710e+02 7.50000e+01
1.13903e+02 7.50000e+01
1.14114e+02 7.50000e+01
1.14305e+02 7.50000e+01
1.14496e+02 7.50000e+01
1.14686e+02 7.50000e+01
1.14876e+02 7.50000e+01
1.15068e+02 7.50000e+01
1.15263e+02 7.50000e+01
1.15455e+02 7.50000e+01
1.15646e+02 7.50000e+01
1.15835e+02 7.50000e+01
1.16025e+02 7.50000e+01
1.16218e+02 7.50000e+01
1.16409e+02 7.50000e+01
1.16600e+02 7.50000e+01
1.16789e+02 7.50000e+01
1.16980e+02 7.50000e+01
1.17175e+02 7.50000e+01
1.17365e+02 7.50000e+01
1.17556e+02 7.50000e+01
1.17745e+02 7.50000e+01
1.17936e+02 7.50000e+01
1.18128e+02 7.50000e+01
1.18318e+02 7.50000e+01
1.18511e+02 7.50000e+01
1.18702e+02 7.50000e+01
1.18892e+02 7.50000e+01
1.19083e+02 7.50000e+01
1.19275e+02 7.50000e+01
1.19467e+02 7.50000e+01
1.19657e+02 7.50000e+01
1.19848e+02 7.50000e+01
1.20039e+02 7.50000e+01
1.20232e+02 7.50000e+01
1.20422e+02 7.50000e+01
1.20613e+02 7.50000e+01
1.20800e+02 7.50000e+01
1.20991e+02 7.50000e+01
1.21184e+02 7.50000e+01
1.21375e+02 7.50000e+01
1.21565e+02 7.50000e+01
1.21755e+02 7.50000e+01
1.21944e+02 7.50000e+01
1.22137e+02 7.50000e+01
1.22327e+02 7.50000e+01
1.22517e+02 7.50000e+01
1.22708e+02 7.50000e+01
1.22899e+02 7.50000e+01
1.23090e+02 7.50000e+01
1.23284e+02 7.50000e+01
1.23474e+02 7.50000e+01
1.23664e+02 7.50000e+01
1.23854e+02 7.50000e+01
1.24045e+02 7.50000e+01
1.24238e+02 7.50000e+01
1.24429e+02 7.50000e+01
1.24619e+02 7.50000e+01
1.24810e+02 7.50000e+01
1.25001e+02 7.50000e+01
1.25194e+02 7.50000e+01
1.25385e+02 7.50000e+01
1.25576e+02 7.50000e+01
1.25765e+02 7.50000e+01
1.25956e+02 7.50000e+01
1.26153e+02 7.50000e+01
1.26344e+02 7.50000e+01
1.26535e+02 7.50000e+01
1.26725e+02 7.50000e+01
1.26914e+02 7.50000e+01
1.27108e+02 7.50000e+01
1.27299e+02 7.50000e+01
1.27488e+02 7.50000e+01
1.27677e+02 7.50000e+01
1.27868e+02 7.50000e+01
1.28057e+02 7.50000e+01
1.28250e+02 7.50000e+01
1.28441e+02 7.50000e+01
1.28630e+02 7.50000e+01
1.28819e+02 7.50000e+01
1.29028e+02 7.50000e+01
1.29231e+02 7.50000e+01
1.29421e+02 7.50000e+01
1.29610e+02 7.50000e+01
1.29799e+02 7.50000e+01
1.29989e+02 7.50000e+01
1.30181e+02 7.50000e+01
1.30371e+02 7.50000e+01
1.30563e+02 7.50000e+01
1.30753e+02 7.50000e+01
1.30943e+02 7.50000e+01
1.31137e+02 7.50000e+01
1.31328e+02 7.50000e+01
1.31518e+02 7.50000e+01
1.31708e+02 7.50000e+01
1.31898e+02 7.50000e+01
1.32088e+02 7.50000e+01
1.32283e+02 7.50000e+01
1.32475e+02 7.50000e+01
1.32666e+02 7.50000e+01
1.32857e+02 7.50000e+01
1.33046e+02 7.50000e+01
1.33241e+02 7.50000e+01
1.33433e+02 7.50000e+01
1.33625e+02 7.50000e+01
1.33814e+02 7.50000e+01
1.34003e+02 7.50000e+01
1.34197e+02 7.50000e+01
1.34388e+02 7.50000e+01
1.34580e+02 7.50000e+01
1.34769e+02 7.50000e+01
1.34959e+02 7.50000e+01
1.35153e+02 7.50000e+01
1.35345e+02 7.50000e+01
1.35536e+02 7.50000e+01
1.35726e+02 7.50000e+01
1.35917e+02 7.50000e+01
1.36108e+02 7.50000e+01
1.36300e+02 7.50000e+01
1.36489e+02 7.50000e+01
1.36680e+02 7.50000e+01
1.36870e+02 7.50000e+01
1.37060e+02 7.50000e+01
1.37254e+02 7.50000e+01
1.37445e+02 7.50000e+01
1.37637e+02 7.50000e+01
1.37826e+02 7.50000e+01
1.38016e+02 7.50000e+01
1.38210e+02 7.50000e+01
1.38400e+02 7.50000e+01
1.38591e+02 7.50000e+01
1.38781e+02 7.50000e+01
1.38972e+02 7.50000e+01
1.39167e+02 7.50000e+01
1.39355e+02 7.50000e+01
1.39545e+02 7.50000e+01
1.39734e+02 7.50000e+01
1.39924e+02 7.50000e+01
1.40113e+02 7.50000e+01
1.40307e+02 7.50000e+01
1.40498e+02 7.50000e+01
1.40686e+02 7.50000e+01
1.40876e+02 7.50000e+01
1.41066e+02 7.50000e+01
1.41259e+02 7.50000e+01
1.41448e+02 7.50000e+01
1.41637e+02 7.50000e+01
1.41827e+02 7.50000e+01
1.42018e+02 7.50000e+01
1.42209e+02 7.50000e+01
1.42401e+02 7.50000e+01
1.42591e+02 7.50000e+01
1.42782e+02 7.50000e+01
1.42971e+02 7.50000e+01
1.43164e+02 7.50000e+01
1.43355e+02 7.50000e+01
1.43546e+02 7.50000e+01
1.43737e+02 7.50000e+01
1.43936e+02 7.50000e+01
1.44149e+02 7.50000e+01
1.44343e+02 7.50000e+01
1.44533e+02 7.50000e+01
1.44724e+02 7.50000e+01
1.44915e+02 7.50000e+01
1.45105e+02 7.50000e+01
1.45297e+02 7.50000e+01
1.45487e+02 7.50000e+01
1.45678e+02 7.50000e+01
1.45866e+02 7.50000e+01
1.46057e+02 7.50000e+01
1.46251e+02 7.50000e+01
1.46442e+02 7.50000e+01
1.46632e+02 7.50000e+01
1.46821e+02 7.50000e+01
1.47009e+02 7.50000e+01
1.47202e+02 7.50000e+01
1.47393e+02 7.50000e+01
1.47584e+02 7.50000e+01
1.47775e+02 7.50000e+01
1.47963e+02 7.50000e+01
1.48156e+02 7.50000e+01
1.48345e+02 7.50000e+01
1.48537e+02 7.50000e+01
1.48727e+02 7.50000e+01
1.48916e+02 7.50000e+01
1.49105e+02 7.50000e+01
1.49298e+02 7.50000e+01
1.49487e+02 7.50000e+01
1.49677e+02 7.50000e+01
1.49866e+02 7.50000e+01
1.50056e+02 7.50000e+01
1.50249e+02 7.50000e+01
1.50439e+02 7.50000e+01
1.50629e+02 7.50000e+01
1.50818e+02 7.50000e+01
1.51007e+02 7.50000e+01
1.51201e+02 7.50000e+01
1.51391e+02 7.50000e+01
1.51583e+02 7.50000e+01
1.51773e+02 7.50000e+01
1.51962e+02 7.50000e+01
1.52155e+02 7.50000e+01
1.52345e+02 7.50000e+01
1.52536e+02 7.50000e+01
1.52725e+02 7.50000e+01
1.52916e+02 7.50000e+01
1.53106e+02 7.50000e+01
1.53298e+02 7.50000e+01
1.53488e+02 7.50000e+01
1.53675e+02 7.50000e+01
1.53866e+02 7.50000e+01
1.54054e+02 7.50000e+01
1.54248e+02 7.50000e+01
1.54437e+02 7.50000e+01
1.54628e+02 7.50000e+01
1.54816e+02 7.50000e+01
1.55006e+02 7.50000e+01
1.55199e+02 7.50000e+01
1.55389e+02 7.50000e+01
1.55578e+02 7.50000e+01
1.55768e+02 7.50000e+01
1.55956e+02 7.50000e+01
1.56149e+02 7.50000e+01
1.56338e+02 7.50000e+01
1.56530e+02 7.50000e+01
1.56719e+02 7.50000e+01
1.56908e+02 7.50000e+01
1.57097e+02 7.50000e+01
1.57290e+02 7.50000e+01
1.57481e+02 7.50000e+01
1.57672e+02 7.50000e+01
1.57860e+02 7.50000e+01
1.58049e+02 7.50000e+01
1.58244e+02 7.50000e+01
1.58435e+02 7.50000e+01
1.58624e+02 7.50000e+01
1.58815e+02 7.50000e+01
1.59023e+02 7.50000e+01
1.59236e+02 7.50000e+01
1.59427e+02 7.50000e+01
1.59617e+02 7.50000e+01
1.59809e+02 7.50000e+01
1.60000e+02 7.50000e+01
1.60194e+02 7.50000e+01
1.60386e+02 7.50000e+01
1.60577e+02 7.50000e+01
1.60768e+02 7.50000e+01
1.60958e+02 7.50000e+01
1.61150e+02 7.50000e+01
1.61342e+02 7.50000e+01
1.61533e+02 7.50000e+01
1.61723e+02 7.50000e+01
1.61911e+02 7.50000e+01
1.62102e+02 7.50000e+01
1.62295e+02 7.50000e+01
1.62485e+02 7.50000e+01
1.62675e+02 7.50000e+01
1.62864e+02 7.50000e+01
1.63054e+02 7.50000e+01
1.63247e+02 7.50000e+01
1.63439e+02 7.50000e+01
1.63628e+02 7.50000e+01
1.63818e+02 7.50000e+01
1.64007e+02 7.50000e+01
1.64203e+02 7.50000e+01
1.64393e+02 7.50000e+01
1.64584e+02 7.50000e+01
1.64775e+02 7.50000e+01
1.64966e+02 7.50000e+01
1.65156e+02 7.50000e+01
1.65348e+02 7.50000e+01
1.65539e+02 7.50000e+01
1.65729e+02 7.50000e+01
1.65919e+02 7.50000e+01
1.66109e+02 7.50000e+01
1.66301e+02 7.50000e+01
1.66491e+02 7.50000e+01
1.66682e+02 7.50000e+01
1.66872e+02 7.50000e+01
1.67060e+02 7.50000e+01
1.67254e+02 7.50000e+01
1.67443e+02 7.50000e+01
1.67634e+02 7.50000e+01
1.67823e+02 7.50000e+01
1.68012e+02 7.50000e+01
1.68204e+02 7.50000e+01
1.68394e+02 7.50000e+01
1.68582e+02 7.50000e+01
1.68772e+02 7.50000e+01
1.68962e+02 7.50000e+01
1.69152e+02 7.50000e+01
1.69344e+02 7.50000e+01
1.69534e+02 7.50000e+01
1.69725e+02 7.50000e+01
1.69913e+02 7.50000e+01
1.70103e+02 7.50000e+01
1.70296e+02 7.50000e+01
1.70485e+02 7.50000e+01
1.70678e+02 7.50000e+01
1.70867e+02 7.50000e+01
1.71057e+02 7.50000e+01
1.71250e+02 7.50000e+01
1.71438e+02 7.50000e+01
1.71628e+02 7.50000e+01
1.71817e+02 7.50000e+01
1.72005e+02 7.50000e+01
1.72197e+02 7.50000e+01
1.72388e+02 7.50000e+01
1.72578e+02 7.50000e+01
1.72766e+02 7.50000e+01
1.72954e+02 7.50000e+01
1.73143e+02 7.50000e+01
1.73336e+02 7.50000e+01
1.73526e+02 7.50000e+01
1.73716e+02 7.50000e+01
1.73910e+02 7.50000e+01
1.74120e+02 7.50000e+01
1.74315e+02 7.50000e+01
1.74506e+02 7.50000e+01
1.74696e+02 7.50000e+01
1.74886e+02 7.50000e+01
1.75073e+02 7.50000e+01
1.75268e+02 7.50000e+01
1.75458e+02 7.50000e+01
1.75648e+02 7.50000e+01
1.75838e+02 7.50000e+01
1.76026e+02 7.50000e+01
1.76217e+02 7.50000e+01
1.76407e+02 7.50000e+01
1.76596e+02 7.50000e+01
1.76785e+02 7.50000e+01
1.76973e+02 7.50000e+01
1.77162e+02 7.50000e+01
1.77353e+02 7.50000e+01
1.77542e+02 7.50000e+01
1.77729e+02 7.50000e+01
1.77918e+02 7.50000e+01
1.78107e+02 7.50000e+01
1.78298e+02 7.50000e+01
1.78489e+02 7.50000e+01
1.78680e+02 7.50000e+01
1.78877e+02 7.50000e+01
1.79067e+02 7.50000e+01
1.79260e+02 7.50000e+01
1.79450e+02 7.50000e+01
1.79639e+02 7.50000e+01
1.79829e+02 7.50000e+01
1.80019e+02 7.50000e+01
1.80213e+02 7.50000e+01
1.80405e+02 7.50000e+01
1.80594e+02 7.50000e+01
1.80784e+02 7.50000e+01
1.80973e+02 7.50000e+01
1.81163e+02 7.50000e+01
1.81356e+02 7.50000e+01
1.81544e+02 7.50000e+01
1.81733e+02 7.50000e+01
1.81921e+02 7.50000e+01
1.82109e+02 7.50000e+01
1.82302e+02 7.50000e+01
1.82492e+02 7.50000e+01
1.82679e+02 7.50000e+01
1.82868e+02 7.50000e+01
1.83057e+02 7.50000e+01
1.83251e+02 7.50000e+01
1.83440e+02 7.50000e+01
1.83631e+02 7.50000e+01
1.83820e+02 7.50000e+01
1.84009e+02 7.50000e+01
1.84201e+02 7.50000e+01
1.84390e+02 7.50000e+01
1.84577e+02 7.50000e+01
1.84766e+02 7.50000e+01
1.84955e+02 7.50000e+01
1.85144e+02 7.50000e+01
1.85335e+02 7.50000e+01
1.85525e+02 7.50000e+01
1.85712e+02 7.50000e+01
1.85901e+02 7.50000e+01
1.86092e+02 7.50000e+01
1.86287e+02 7.50000e+01
1.86476e+02 7.50000e+01
1.86667e+02 7.50000e+01
1.86856e+02 7.50000e+01
1.87043e+02 7.50000e+01
1.87237e+02 7.50000e+01
1.87427e+02 7.50000e+01
1.87616e+02 7.50000e+01
1.87807e+02 7.50000e+01
1.87996e+02 7.50000e+01
1.88186e+02 7.50000e+01
1.88378e+02 7.50000e+01
1.88568e+02 7.50000e+01
1.88757e+02 7.50000e+01
1.88956e+02 7.50000e+01
1.89159e+02 7.50000e+01
1.89352e+02 7.50000e+01
1.89542e+02 7.50000e+01
1.89733e+02 7.50000e+01
1.89921e+02 7.50000e+01
1.90111e+02 7.50000e+01
1.90305e+02 7.50000e+01
1.90496e+02 7.50000e+01
1.90686e+02 7.50000e+01
1.90875e+02 7.50000e+01
