1.99180e-02 6.32000e+02
2.16054e-01 3.86000e+02
4.08969e-01 2.99000e+02
5.98030e-01 2.82000e+02
7.90612e-01 2.98000e+02
9.80264e-01 2.49000e+02
1.17616e+00 1.67000e+02
1.36522e+00 1.86000e+02
1.55581e+00 1.57000e+02
1.74498e+00 1.78000e+02
1.93643e+00 1.40000e+02
2.13048e+00 1.61000e+02
2.32381e+00 2.21000e+02
2.51291e+00 2.03000e+02
2.70347e+00 2.25000e+02
2.89148e+00 1.93000e+02
3.08231e+00 1.85000e+02
3.27418e+00 2.21000e+02
3.46725e+00 2.44000e+02
3.65567e+00 2.39000e+02
3.84689e+00 2.21000e+02
4.03395e+00 2.11000e+02
4.22825e+00 2.12000e+02
4.41666e+00 2.10000e+02
4.60714e+00 2.24000e+02
4.79681e+00 2.07000e+02
4.98787e+00 1.97000e+02
5.18102e+00 1.92000e+02
5.37079e+00 2.51000e+02
5.56053e+00 2.76000e+02
5.74810e+00 2.95000e+02
5.93850e+00 3.75000e+02
6.12932e+00 2.87000e+02
6.31905e+00 2.80000e+02
6.50869e+00 2.32000e+02
6.69801e+00 1.81000e+02
6.88710e+00 1.66000e+02
7.07554e+00 1.51000e+02
7.26742e+00 1.28000e+02
7.45826e+00 1.29000e+02
7.64726e+00 1.97000e+02
7.83733e+00 1.71000e+02
8.02996e+00 1.52000e+02
8.22181e+00 1.65000e+02
8.41241e+00 1.77000e+02
8.60086e+00 1.32000e+02
8.78998e+00 9.80000e+01
8.97930e+00 1.01000e+02
9.17010e+00 8.60000e+01
9.35850e+00 8.60000e+01
9.54743e+00 8.30000e+01
9.73601e+00 8.80000e+01
9.92512e+00 7.90000e+01
1.01139e+01 5.40000e+01
1.03059e+01 5.40000e+01
1.04957e+01 5.40000e+01
1.06855e+01 5.40000e+01
1.08738e+01 5.40000e+01
1.10620e+01 5.40000e+01
1.12551e+01 5.40000e+01
1.14629e+01 5.40000e+01
1.16667e+01 5.40000e+01
1.18572e+01 5.40000e+01
1.20455e+01 5.40000e+01
1.22372e+01 5.40000e+01
1.24286e+01 5.40000e+01
1.26160e+01 5.40000e+01
1.28066e+01 5.40000e+01
1.29972e+01 5.40000e+01
1.31905e+01 5.40000e+01
1.33807e+01 5.40000e+01
1.35708e+01 5.40000e+01
1.37596e+01 5.40000e+01
1.39508e+01 5.40000e+01
1.41430e+01 5.40000e+01
1.43321e+01 5.40000e+01
1.45207e+01 5.40000e+01
1.47106e+01 5.40000e+01
1.49006e+01 5.40000e+01
1.50914e+01 5.40000e+01
1.52818e+01 5.40000e+01
1.54718e+01 5.40000e+01
1.56601e+01 5.40000e+01
1.58490e+01 5.40000e+01
1.60456e+01 5.40000e+01
1.62367e+01 5.40000e+01
1.64260e+01 5.40000e+01
1.66150e+01 5.40000e+01
1.68044e+01 5.40000e+01
1.69929e+01 5.40000e+01
1.71840e+01 5.40000e+01
1.73729e+01 5.40000e+01
1.75625e+01 5.40000e+01
1.77506e+01 5.40000e+01
1.79390e+01 5.40000e+01
1.81288e+01 5.40000e+01
1.83192e+01 5.40000e+01
1.85070e+01 5.40000e+01
1.86958e+01 5.40000e+01
1.88829e+01 5.40000e+01
1.90711e+01 5.40000e+01
1.92646e+01 5.40000e+01
1.94525e+01 5.40000e+01
1.96400e+01 5.40000e+01
1.98287e+01 5.40000e+01
2.00179e+01 5.40000e+01
2.02090e+01 5.40000e+01
2.03998e+01 5.40000e+01
2.05879e+01 5.40000e+01
2.07764e+01 5.40000e+01
2.09659e+01 5.40000e+01
2.11569e+01 5.40000e+01
2.13470e+01 5.40000e+01
2.15362e+01 5.40000e+01
2.17241e+01 5.40000e+01
2.19130e+01 5.40000e+01
2.21033e+01 5.40000e+01
2.22948e+01 5.40000e+01
2.24838e+01 5.40000e+01
2.26736e+01 5.40000e+01
2.28626e+01 5.40000e+01
2.30524e+01 5.40000e+01
2.32447e+01 5.40000e+01
2.34335e+01 5.40000e+01
2.36222e+01 5.40000e+01
2.38119e+01 5.40000e+01
2.40004e+01 5.40000e+01
2.41936e+01 5.40000e+01
2.43839e+01 5.40000e+01
2.45731e+01 5.40000e+01
2.47623e+01 5.40000e+01
2.49528e+01 5.40000e+01
2.51433e+01 5.40000e+01
2.53335e+01 5.40000e+01
2.55233e+01 5.40000e+01
2.57144e+01 5.40000e+01
2.59050e+01 5.40000e+01
2.60945e+01 5.40000e+01
2.62865e+01 5.40000e+01
2.64942e+01 5.40000e+01
2.66895e+01 5.40000e+01
2.68784e+01 5.40000e+01
2.70657e+01 5.40000e+01
2.72593e+01 5.40000e+01
2.74493e+01 5.40000e+01
2.76376e+01 5.40000e+01
2.78269e+01 5.40000e+01
2.80156e+01 5.40000e+01
2.82072e+01 5.40000e+01
2.83971e+01 5.40000e+01
2.85850e+01 5.40000e+01
2.87739e+01 5.40000e+01
2.89636e+01 5.40000e+01
2.91550e+01 5.40000e+01
2.93439e+01 5.40000e+01
2.95344e+01 5.40000e+01
2.97227e+01 5.40000e+01
2.99119e+01 5.40000e+01
3.01017e+01 5.40000e+01
3.02953e+01 5.40000e+01
3.04851e+01 5.40000e+01
3.06766e+01 5.40000e+01
3.08688e+01 5.40000e+01
3.10669e+01 5.40000e+01
3.12592e+01 5.40000e+01
3.14483e+01 5.40000e+01
3.16374e+01 5.40000e+01
3.18270e+01 5.40000e+01
3.20174e+01 5.40000e+01
3.22098e+01 5.40000e+01
3.24014e+01 5.40000e+01
3.25901e+01 5.40000e+01
3.27784e+01 5.40000e+01
3.29675e+01 5.40000e+01
3.31580e+01 5.40000e+01
3.33477e+01 5.40000e+01
3.35371e+01 5.40000e+01
3.37261e+01 5.40000e+01
3.39137e+01 5.40000e+01
3.41021e+01 5.40000e+01
3.42944e+01 5.40000e+01
3.44825e+01 5.40000e+01
3.46722e+01 5.40000e+01
3.48609e+01 5.40000e+01
3.50506e+01 5.40000e+01
3.52435e+01 5.40000e+01
3.54318e+01 5.40000e+01
3.56192e+01 5.40000e+01
3.58082e+01 5.40000e+01
3.59952e+01 5.40000e+01
3.61847e+01 5.40000e+01
3.63740e+01 5.40000e+01
3.65612e+01 5.40000e+01
3.67487e+01 5.40000e+01
3.69378e+01 5.40000e+01
3.71248e+01 5.40000e+01
3.73161e+01 5.40000e+01
3.75050e+01 5.40000e+01
3.76930e+01 5.40000e+01
3.78801e+01 5.40000e+01
3.80676e+01 5.40000e+01
3.82594e+01 5.40000e+01
3.84485e+01 5.40000e+01
3.86373e+01 5.40000e+01
3.88255e+01 5.40000e+01
3.90134e+01 5.40000e+01
3.92046e+01 5.40000e+01
3.93946e+01 5.40000e+01
3.95842e+01 5.40000e+01
3.97745e+01 5.40000e+01
3.99634e+01 5.40000e+01
4.01524e+01 5.40000e+01
4.03454e+01 5.40000e+01
4.05333e+01 5.40000e+01
4.07220e+01 5.40000e+01
4.09116e+01 5.40000e+01
4.11000e+01 5.40000e+01
4.12922e+01 5.40000e+01
4.14976e+01 5.40000e+01
4.16862e+01 5.40000e+01
4.18752e+01 5.40000e+01
4.20649e+01 5.40000e+01
4.22559e+01 5.40000e+01
4.24452e+01 5.40000e+01
4.26344e+01 5.40000e+01
4.28245e+01 5.40000e+01
4.30138e+01 5.40000e+01
4.32060e+01 5.40000e+01
4.33963e+01 5.40000e+01
4.35847e+01 5.40000e+01
4.37730e+01 5.40000e+01
4.39627e+01 5.40000e+01
4.41515e+01 5.40000e+01
4.43439e+01 5.40000e+01
4.45324e+01 5.40000e+01
4.47208e+01 5.40000e+01
4.49117e+01 5.40000e+01
4.50998e+01 5.40000e+01
4.52906e+01 5.40000e+01
4.54792e+01 5.40000e+01
4.56682e+01 5.40000e+01
4.58602e+01 5.40000e+01
4.60620e+01 5.40000e+01
4.62534e+01 5.40000e+01
4.64433e+01 5.40000e+01
4.66326e+01 5.40000e+01
4.68200e+01 5.40000e+01
4.70096e+01 5.40000e+01
4.72002e+01 5.40000e+01
4.73888e+01 5.40000e+01
4.75769e+01 5.40000e+01
4.77668e+01 5.40000e+01
4.79560e+01 5.40000e+01
4.81442e+01 5.40000e+01
4.83362e+01 5.40000e+01
4.85260e+01 5.40000e+01
4.87150e+01 5.40000e+01
4.89047e+01 5.40000e+01
4.90932e+01 5.40000e+01
4.92845e+01 5.40000e+01
4.94733e+01 5.40000e+01
4.96619e+01 5.40000e+01
4.98497e+01 5.40000e+01
5.00383e+01 5.40000e+01
5.02299e+01 5.40000e+01
5.04199e+01 5.40000e+01
5.06089e+01 5.40000e+01
5.07970e+01 5.40000e+01
5.09847e+01 5.40000e+01
5.11735e+01 5.40000e+01
5.13639e+01 5.40000e+01
5.15538e+01 5.40000e+01
5.17423e+01 5.40000e+01
5.19307e+01 5.40000e+01
5.21191e+01 5.40000e+01
5.23144e+01 5.40000e+01
5.25040e+01 5.40000e+01
5.26917e+01 5.40000e+01
5.28826e+01 5.40000e+01
5.30723e+01 5.40000e+01
5.32639e+01 5.40000e+01
5.34544e+01 5.40000e+01
5.36436e+01 5.40000e+01
5.38318e+01 5.40000e+01
5.40203e+01 5.40000e+01
5.42109e+01 5.40000e+01
5.43997e+01 5.40000e+01
5.45882e+01 5.40000e+01
5.47765e+01 5.40000e+01
5.49642e+01 5.40000e+01
5.51529e+01 5.40000e+01
5.53437e+01 5.40000e+01
5.55318e+01 5.40000e+01
5.57204e+01 5.40000e+01
5.59088e+01 5.40000e+01
5.60974e+01 5.40000e+01
5.62896e+01 5.40000e+01
5.64973e+01 5.40000e+01
5.66891e+01 5.40000e+01
5.68798e+01 5.40000e+01
5.70667e+01 5.40000e+01
5.72574e+01 5.40000e+01
5.74470e+01 5.40000e+01
5.76365e+01 5.40000e+01
5.78250e+01 5.40000e+01
5.80148e+01 5.40000e+01
5.82072e+01 5.40000e+01
5.83971e+01 5.40000e+01
5.85869e+01 5.40000e+01
5.87756e+01 5.40000e+01
5.89637e+01 5.40000e+01
5.91544e+01 5.40000e+01
5.93451e+01 5.40000e+01
5.95344e+01 5.40000e+01
5.97253e+01 5.40000e+01
5.99160e+01 5.40000e+01
6.01044e+01 5.40000e+01
6.02960e+01 5.40000e+01
6.04853e+01 5.40000e+01
6.06756e+01 5.40000e+01
6.08649e+01 5.40000e+01
6.10540e+01 5.40000e+01
6.12455e+01 5.40000e+01
6.14359e+01 5.40000e+01
6.16243e+01 5.40000e+01
6.18136e+01 5.40000e+01
6.20024e+01 5.40000e+01
6.21927e+01 5.40000e+01
6.23832e+01 5.40000e+01
6.25724e+01 5.40000e+01
6.27612e+01 5.40000e+01
6.29501e+01 5.40000e+01
6.31393e+01 5.40000e+01
6.33314e+01 5.40000e+01
6.35195e+01 5.40000e+01
6.37087e+01 5.40000e+01
6.38976e+01 5.40000e+01
6.40880e+01 5.40000e+01
6.42829e+01 5.40000e+01
6.44716e+01 5.40000e+01
6.46599e+01 5.40000e+01
6.48487e+01 5.40000e+01
6.50372e+01 5.40000e+01
6.52278e+01 5.40000e+01
6.54160e+01 5.40000e+01
6.56042e+01 5.40000e+01
6.57920e+01 5.40000e+01
6.59809e+01 5.40000e+01
6.61692e+01 5.40000e+01
6.63617e+01 5.40000e+01
6.65506e+01 5.40000e+01
6.67403e+01 5.40000e+01
6.69299e+01 5.40000e+01
6.71201e+01 5.40000e+01
6.73113e+01 5.40000e+01
6.74999e+01 5.40000e+01
6.76901e+01 5.40000e+01
6.78795e+01 5.40000e+01
6.80718e+01 5.40000e+01
6.82635e+01 5.40000e+01
6.84538e+01 5.40000e+01
6.86423e+01 5.40000e+01
6.88318e+01 5.40000e+01
6.90196e+01 5.40000e+01
6.92100e+01 5.40000e+01
6.94005e+01 5.40000e+01
6.95887e+01 5.40000e+01
6.97791e+01 5.40000e+01
6.99678e+01 5.40000e+01
7.01569e+01 5.40000e+01
7.03495e+01 5.40000e+01
7.05386e+01 5.40000e+01
7.07276e+01 5.40000e+01
7.09166e+01 5.40000e+01
7.11050e+01 5.40000e+01
7.12969e+01 5.40000e+01
7.15054e+01 5.40000e+01
7.16976e+01 5.40000e+01
7.18861e+01 5.40000e+01
7.20726e+01 5.40000e+01
7.22660e+01 5.40000e+01
7.24557e+01 5.40000e+01
7.26442e+01 5.40000e+01
7.28353e+01 5.40000e+01
7.30258e+01 5.40000e+01
7.32182e+01 5.40000e+01
7.34084e+01 5.40000e+01
7.35970e+01 5.40000e+01
7.37847e+01 5.40000e+01
7.39727e+01 5.40000e+01
7.41604e+01 5.40000e+01
7.43520e+01 5.40000e+01
7.45412e+01 5.40000e+01
7.47302e+01 5.40000e+01
7.49192e+01 5.40000e+01
7.51085e+01 5.40000e+01
7.53001e+01 5.40000e+01
7.54881e+01 5.40000e+01
7.56767e+01 5.40000e+01
7.58679e+01 5.40000e+01
7.60604e+01 5.40000e+01
7.62528e+01 5.40000e+01
7.64416e+01 5.40000e+01
7.66304e+01 5.40000e+01
7.68190e+01 5.40000e+01
7.70061e+01 5.40000e+01
7.71932e+01 5.40000e+01
7.73866e+01 5.40000e+01
7.75754e+01 5.40000e+01
7.77647e+01 5.40000e+01
7.79544e+01 5.40000e+01
7.81427e+01 5.40000e+01
7.83343e+01 5.40000e+01
7.85232e+01 5.40000e+01
7.87118e+01 5.40000e+01
7.89016e+01 5.40000e+01
7.90913e+01 5.40000e+01
7.92840e+01 5.40000e+01
7.94726e+01 5.40000e+01
7.96616e+01 5.40000e+01
7.98498e+01 5.40000e+01
8.00381e+01 5.40000e+01
8.02312e+01 5.40000e+01
8.04218e+01 5.40000e+01
8.06101e+01 5.40000e+01
8.07993e+01 5.40000e+01
8.09882e+01 5.40000e+01
8.11776e+01 5.40000e+01
8.13706e+01 5.40000e+01
8.15602e+01 5.40000e+01
8.17484e+01 5.40000e+01
8.19364e+01 5.40000e+01
8.21253e+01 5.40000e+01
8.23197e+01 5.40000e+01
8.25095e+01 5.40000e+01
8.26966e+01 5.40000e+01
8.28855e+01 5.40000e+01
8.30741e+01 5.40000e+01
8.32639e+01 5.40000e+01
8.34530e+01 5.40000e+01
8.36409e+01 5.40000e+01
8.38294e+01 5.40000e+01
8.40176e+01 5.40000e+01
8.42076e+01 5.40000e+01
8.44000e+01 5.40000e+01
8.45893e+01 5.40000e+01
8.47802e+01 5.40000e+01
8.49692e+01 5.40000e+01
8.51579e+01 5.40000e+01
8.53501e+01 5.40000e+01
8.55396e+01 5.40000e+01
8.57295e+01 5.40000e+01
8.59204e+01 5.40000e+01
8.61096e+01 5.40000e+01
8.62997e+01 5.40000e+01
8.65098e+01 5.40000e+01
8.67132e+01 5.40000e+01
8.69032e+01 5.40000e+01
8.70930e+01 5.40000e+01
8.72846e+01 5.40000e+01
8.74722e+01 5.40000e+01
8.76609e+01 5.40000e+01
8.78487e+01 5.40000e+01
8.80381e+01 5.40000e+01
8.82272e+01 5.40000e+01
8.84189e+01 5.40000e+01
8.86082e+01 5.40000e+01
8.87981e+01 5.40000e+01
8.89873e+01 5.40000e+01
8.91759e+01 5.40000e+01
8.93672e+01 5.40000e+01
8.95560e+01 5.40000e+01
8.97453e+01 5.40000e+01
8.99337e+01 5.40000e+01
9.01211e+01 5.40000e+01
9.03125e+01 5.40000e+01
9.05012e+01 5.40000e+01
9.06895e+01 5.40000e+01
9.08777e+01 5.40000e+01
9.10659e+01 5.40000e+01
9.12568e+01 5.40000e+01
9.14461e+01 5.40000e+01
9.16355e+01 5.40000e+01
9.18224e+01 5.40000e+01
9.20108e+01 5.40000e+01
9.21996e+01 5.40000e+01
9.23910e+01 5.40000e+01
9.25796e+01 5.40000e+01
9.27676e+01 5.40000e+01
9.29568e+01 5.40000e+01
9.31443e+01 5.40000e+01
9.33362e+01 5.40000e+01
9.35251e+01 5.40000e+01
9.37147e+01 5.40000e+01
9.39022e+01 5.40000e+01
9.40908e+01 5.40000e+01
9.42826e+01 5.40000e+01
9.44721e+01 5.40000e+01
9.46602e+01 5.40000e+01
9.48491e+01 5.40000e+01
9.50397e+01 5.40000e+01
9.52278e+01 5.40000e+01
9.54195e+01 5.40000e+01
9.56102e+01 5.40000e+01
9.57995e+01 5.40000e+01
9.59883e+01 5.40000e+01
9.61774e+01 5.40000e+01
9.63705e+01 5.40000e+01
9.65585e+01 5.40000e+01
9.67482e+01 5.40000e+01
9.69373e+01 5.40000e+01
9.71258e+01 5.40000e+01
9.73184e+01 5.40000e+01
9.75074e+01 5.40000e+01
9.76962e+01 5.40000e+01
9.78867e+01 5.40000e+01
9.80758e+01 5.40000e+01
9.82676e+01 5.40000e+01
9.84574e+01 5.40000e+01
9.86483e+01 5.40000e+01
9.88362e+01 5.40000e+01
9.90247e+01 5.40000e+01
9.92146e+01 5.40000e+01
9.94070e+01 5.40000e+01
9.95967e+01 5.40000e+01
9.97839e+01 5.40000e+01
9.99737e+01 5.40000e+01
1.00163e+02 5.40000e+01
1.00355e+02 5.40000e+01
1.00545e+02 5.40000e+01
1.00735e+02 5.40000e+01
1.00924e+02 5.40000e+01
1.01112e+02 5.40000e+01
1.01306e+02 5.40000e+01
1.01515e+02 5.40000e+01
1.01712e+02 5.40000e+01
1.01901e+02 5.40000e+01
1.02088e+02 5.40000e+01
1.02279e+02 5.40000e+01
1.02468e+02 5.40000e+01
1.02656e+02 5.40000e+01
1.02844e+02 5.40000e+01
1.03033e+02 5.40000e+01
1.03221e+02 5.40000e+01
1.03413e+02 5.40000e+01
1.03603e+02 5.40000e+01
1.03791e+02 5.40000e+01
1.03978e+02 5.40000e+01
1.04167e+02 5.40000e+01
1.04357e+02 5.40000e+01
1.04545e+02 5.40000e+01
1.04734e+02 5.40000e+01
1.04923e+02 5.40000e+01
1.05111e+02 5.40000e+01
1.05302e+02 5.40000e+01
1.05490e+02 5.40000e+01
1.05679e+02 5.40000e+01
1.05868e+02 5.40000e+01
1.06057e+02 5.40000e+01
1.06247e+02 5.40000e+01
1.06438e+02 5.40000e+01
1.06627e+02 5.40000e+01
1.06818e+02 5.40000e+01
1.07006e+02 5.40000e+01
1.07194e+02 5.40000e+01
1.07386e+02 5.40000e+01
1.07575e+02 5.40000e+01
1.07765e+02 5.40000e+01
1.07955e+02 5.40000e+01
1.08144e+02 5.40000e+01
1.08335e+02 5.40000e+01
1.08525e+02 5.40000e+01
1.08714e+02 5.40000e+01
1.08902e+02 5.40000e+01
1.09091e+02 5.40000e+01
1.09284e+02 5.40000e+01
1.09472e+02 5.40000e+01
1.09660e+02 5.40000e+01
1.09850e+02 5.40000e+01
1.10039e+02 5.40000e+01
1.10227e+02 5.40000e+01
1.10419e+02 5.40000e+01
1.10608e+02 5.40000e+01
1.10797e+02 5.40000e+01
1.10986e+02 5.40000e+01
1.11175e+02 5.40000e+01
1.11366e+02 5.40000e+01
1.11556e+02 5.40000e+01
1.11744e+02 5.40000e+01
1.11932e+02 5.40000e+01
1.12122e+02 5.40000e+01
1.12314e+02 5.40000e+01
1.12505e+02 5.40000e+01
1.12696e+02 5.40000e+01
1.12886e+02 5.40000e+01
1.13074e+02 5.40000e+01
1.13265e+02 5.40000e+01
1.13457e+02 5.40000e+01
1.13646e+02 5.40000e+01
1.13836e+02 5.40000e+01
1.14025e+02 5.40000e+01
1.14214e+02 5.40000e+01
1.14409e+02 5.40000e+01
1.14599e+02 5.40000e+01
1.14788e+02 5.40000e+01
1.14978e+02 5.40000e+01
1.15167e+02 5.40000e+01
1.15361e+02 5.40000e+01
1.15550e+02 5.40000e+01
1.15740e+02 5.40000e+01
1.15930e+02 5.40000e+01
1.16121e+02 5.40000e+01
1.16313e+02 5.40000e+01
1.16528e+02 5.40000e+01
1.16734e+02 5.40000e+01
1.16926e+02 5.40000e+01
1.17116e+02 5.40000e+01
1.17309e+02 5.40000e+01
1.17499e+02 5.40000e+01
1.17689e+02 5.40000e+01
1.17881e+02 5.40000e+01
1.18069e+02 5.40000e+01
1.18258e+02 5.40000e+01
1.18452e+02 5.40000e+01
1.18643e+02 5.40000e+01
1.18833e+02 5.40000e+01
1.19024e+02 5.40000e+01
1.19213e+02 5.40000e+01
1.19406e+02 5.40000e+01
1.19595e+02 5.40000e+01
1.19785e+02 5.40000e+01
1.19976e+02 5.40000e+01
1.20165e+02 5.40000e+01
1.20357e+02 5.40000e+01
1.20546e+02 5.40000e+01
1.20737e+02 5.40000e+01
1.20928e+02 5.40000e+01
1.21117e+02 5.40000e+01
1.21309e+02 5.40000e+01
1.21501e+02 5.40000e+01
1.21691e+02 5.40000e+01
1.21881e+02 5.40000e+01
1.22071e+02 5.40000e+01
1.22261e+02 5.40000e+01
1.22456e+02 5.40000e+01
1.22646e+02 5.40000e+01
1.22835e+02 5.40000e+01
1.23026e+02 5.40000e+01
1.23216e+02 5.40000e+01
1.23409e+02 5.40000e+01
1.23599e+02 5.40000e+01
1.23788e+02 5.40000e+01
1.23977e+02 5.40000e+01
1.24166e+02 5.40000e+01
1.24359e+02 5.40000e+01
1.24548e+02 5.40000e+01
1.24738e+02 5.40000e+01
1.24929e+02 5.40000e+01
1.25119e+02 5.40000e+01
1.25312e+02 5.40000e+01
1.25502e+02 5.40000e+01
1.25692e+02 5.40000e+01
1.25882e+02 5.40000e+01
1.26071e+02 5.40000e+01
1.26262e+02 5.40000e+01
1.26456e+02 5.40000e+01
1.26646e+02 5.40000e+01
1.26836e+02 5.40000e+01
1.27026e+02 5.40000e+01
1.27215e+02 5.40000e+01
1.27405e+02 5.40000e+01
1.27595e+02 5.40000e+01
1.27786e+02 5.40000e+01
1.27976e+02 5.40000e+01
1.28172e+02 5.40000e+01
1.28366e+02 5.40000e+01
1.28557e+02 5.40000e+01
1.28751e+02 5.40000e+01
1.28941e+02 5.40000e+01
1.29130e+02 5.40000e+01
1.29323e+02 5.40000e+01
1.29513e+02 5.40000e+01
1.29703e+02 5.40000e+01
1.29892e+02 5.40000e+01
1.30081e+02 5.40000e+01
1.30272e+02 5.40000e+01
1.30466e+02 5.40000e+01
1.30658e+02 5.40000e+01
1.30848e+02 5.40000e+01
1.31038e+02 5.40000e+01
1.31227e+02 5.40000e+01
1.31436e+02 5.40000e+01
1.31638e+02 5.40000e+01
1.31828e+02 5.40000e+01
1.32017e+02 5.40000e+01
1.32207e+02 5.40000e+01
1.32401e+02 5.40000e+01
1.32591e+02 5.40000e+01
1.32784e+02 5.40000e+01
1.32975e+02 5.40000e+01
1.33164e+02 5.40000e+01
1.33358e+02 5.40000e+01
1.33548e+02 5.40000e+01
1.33739e+02 5.40000e+01
1.33928e+02 5.40000e+01
1.34118e+02 5.40000e+01
1.34311e+02 5.40000e+01
1.34502e+02 5.40000e+01
1.34692e+02 5.40000e+01
1.34882e+02 5.40000e+01
1.35073e+02 5.40000e+01
1.35263e+02 5.40000e+01
1.35456e+02 5.40000e+01
1.35647e+02 5.40000e+01
1.35837e+02 5.40000e+01
1.36028e+02 5.40000e+01
1.36218e+02 5.40000e+01
1.36409e+02 5.40000e+01
1.36598e+02 5.40000e+01
1.36789e+02 5.40000e+01
1.36979e+02 5.40000e+01
1.37169e+02 5.40000e+01
1.37361e+02 5.40000e+01
1.37552e+02 5.40000e+01
1.37742e+02 5.40000e+01
1.37933e+02 5.40000e+01
1.38122e+02 5.40000e+01
1.38315e+02 5.40000e+01
1.38505e+02 5.40000e+01
1.38694e+02 5.40000e+01
1.38883e+02 5.40000e+01
1.39073e+02 5.40000e+01
1.39262e+02 5.40000e+01
1.39455e+02 5.40000e+01
1.39645e+02 5.40000e+01
1.39834e+02 5.40000e+01
1.40024e+02 5.40000e+01
1.40214e+02 5.40000e+01
1.40407e+02 5.40000e+01
1.40597e+02 5.40000e+01
1.40787e+02 5.40000e+01
1.40977e+02 5.40000e+01
1.41167e+02 5.40000e+01
1.41362e+02 5.40000e+01
1.41552e+02 5.40000e+01
1.41741e+02 5.40000e+01
1.41932e+02 5.40000e+01
1.42122e+02 5.40000e+01
1.42311e+02 5.40000e+01
1.42503e+02 5.40000e+01
1.42692e+02 5.40000e+01
1.42882e+02 5.40000e+01
1.43071e+02 5.40000e+01
1.43261e+02 5.40000e+01
1.43453e+02 5.40000e+01
1.43643e+02 5.40000e+01
1.43832e+02 5.40000e+01
1.44022e+02 5.40000e+01
1.44213e+02 5.40000e+01
1.44405e+02 5.40000e+01
1.44595e+02 5.40000e+01
1.44785e+02 5.40000e+01
1.44974e+02 5.40000e+01
1.45164e+02 5.40000e+01
1.45358e+02 5.40000e+01
1.45547e+02 5.40000e+01
1.45735e+02 5.40000e+01
1.45926e+02 5.40000e+01
1.46116e+02 5.40000e+01
1.46306e+02 5.40000e+01
1.46518e+02 5.40000e+01
1.46711e+02 5.40000e+01
1.46900e+02 5.40000e+01
1.47089e+02 5.40000e+01
1.47279e+02 5.40000e+01
1.47472e+02 5.40000e+01
1.47661e+02 5.40000e+01
1.47851e+02 5.40000e+01
1.48041e+02 5.40000e+01
1.48231e+02 5.40000e+01
1.48422e+02 5.40000e+01
1.48611e+02 5.40000e+01
1.48801e+02 5.40000e+01
1.48991e+02 5.40000e+01
1.49180e+02 5.40000e+01
1.49373e+02 5.40000e+01
1.49562e+02 5.40000e+01
1.49752e+02 5.40000e+01
1.49942e+02 5.40000e+01
1.50131e+02 5.40000e+01
1.50321e+02 5.40000e+01
1.50515e+02 5.40000e+01
1.50704e+02 5.40000e+01
1.50900e+02 5.40000e+01
1.51104e+02 5.40000e+01
1.51301e+02 5.40000e+01
1.51492e+02 5.40000e+01
1.51683e+02 5.40000e+01
1.51872e+02 5.40000e+01
1.52062e+02 5.40000e+01
1.52251e+02 5.40000e+01
1.52443e+02 5.40000e+01
1.52632e+02 5.40000e+01
1.52821e+02 5.40000e+01
1.53009e+02 5.40000e+01
1.53197e+02 5.40000e+01
1.53390e+02 5.40000e+01
1.53579e+02 5.40000e+01
1.53768e+02 5.40000e+01
1.53957e+02 5.40000e+01
1.54146e+02 5.40000e+01
1.54337e+02 5.40000e+01
1.54527e+02 5.40000e+01
1.54715e+02 5.40000e+01
1.54903e+02 5.40000e+01
1.55091e+02 5.40000e+01
1.55279e+02 5.40000e+01
1.55472e+02 5.40000e+01
1.55661e+02 5.40000e+01
1.55848e+02 5.40000e+01
1.56036e+02 5.40000e+01
1.56225e+02 5.40000e+01
1.56417e+02 5.40000e+01
1.56607e+02 5.40000e+01
1.56797e+02 5.40000e+01
1.56985e+02 5.40000e+01
1.57172e+02 5.40000e+01
1.57364e+02 5.40000e+01
1.57552e+02 5.40000e+01
1.57739e+02 5.40000e+01
1.57927e+02 5.40000e+01
1.58114e+02 5.40000e+01
1.58301e+02 5.40000e+01
1.58494e+02 5.40000e+01
1.58682e+02 5.40000e+01
1.58870e+02 5.40000e+01
1.59059e+02 5.40000e+01
1.59246e+02 5.40000e+01
1.59438e+02 5.40000e+01
1.59626e+02 5.40000e+01
1.59815e+02 5.40000e+01
1.60004e+02 5.40000e+01
1.60193e+02 5.40000e+01
1.60385e+02 5.40000e+01
1.60574e+02 5.40000e+01
1.60763e+02 5.40000e+01
1.60951e+02 5.40000e+01
1.61140e+02 5.40000e+01
1.61329e+02 5.40000e+01
1.61545e+02 5.40000e+01
1.61734e+02 5.40000e+01
1.61923e+02 5.40000e+01
1.62111e+02 5.40000e+01
1.62301e+02 5.40000e+01
1.62492e+02 5.40000e+01
1.62681e+02 5.40000e+01
1.62870e+02 5.40000e+01
1.63059e+02 5.40000e+01
1.63247e+02 5.40000e+01
1.63438e+02 5.40000e+01
1.63628e+02 5.40000e+01
1.63815e+02 5.40000e+01
1.64003e+02 5.40000e+01
1.64192e+02 5.40000e+01
1.64384e+02 5.40000e+01
1.64575e+02 5.40000e+01
1.64765e+02 5.40000e+01
1.64955e+02 5.40000e+01
1.65144e+02 5.40000e+01
1.65334e+02 5.40000e+01
1.65526e+02 5.40000e+01
1.65715e+02 5.40000e+01
1.65905e+02 5.40000e+01
1.66094e+02 5.40000e+01
1.66283e+02 5.40000e+01
1.66478e+02 5.40000e+01
1.66667e+02 5.40000e+01
1.66856e+02 5.40000e+01
1.67046e+02 5.40000e+01
1.67236e+02 5.40000e+01
1.67429e+02 5.40000e+01
1.67619e+02 5.40000e+01
1.67807e+02 5.40000e+01
1.67996e+02 5.40000e+01
1.68185e+02 5.40000e+01
1.68377e+02 5.40000e+01
1.68567e+02 5.40000e+01
1.68757e+02 5.40000e+01
1.68947e+02 5.40000e+01
1.69135e+02 5.40000e+01
1.69325e+02 5.40000e+01
1.69517e+02 5.40000e+01
1.69706e+02 5.40000e+01
1.69896e+02 5.40000e+01
1.70084e+02 5.40000e+01
1.70274e+02 5.40000e+01
1.70466e+02 5.40000e+01
1.70657e+02 5.40000e+01
1.70846e+02 5.40000e+01
1.71035e+02 5.40000e+01
1.71224e+02 5.40000e+01
1.71419e+02 5.40000e+01
1.71609e+02 5.40000e+01
1.71800e+02 5.40000e+01
1.71990e+02 5.40000e+01
1.72179e+02 5.40000e+01
1.72372e+02 5.40000e+01
1.72563e+02 5.40000e+01
1.72753e+02 5.40000e+01
1.72943e+02 5.40000e+01
1.73132e+02 5.40000e+01
1.73322e+02 5.40000e+01
1.73514e+02 5.40000e+01
1.73703e+02 5.40000e+01
1.73893e+02 5.40000e+01
1.74082e+02 5.40000e+01
1.74271e+02 5.40000e+01
1.74464e+02 5.40000e+01
1.74655e+02 5.40000e+01
1.74845e+02 5.40000e+01
1.75033e+02 5.40000e+01
1.75223e+02 5.40000e+01
1.75416e+02 5.40000e+01
1.75607e+02 5.40000e+01
1.75796e+02 5.40000e+01
1.75985e+02 5.40000e+01
1.76173e+02 5.40000e+01
1.76369e+02 5.40000e+01
1.76579e+02 5.40000e+01
1.76773e+02 5.40000e+01
1.76962e+02 5.40000e+01
1.77151e+02 5.40000e+01
1.77340e+02 5.40000e+01
1.77532e+02 5.40000e+01
1.77720e+02 5.40000e+01
1.77910e+02 5.40000e+01
1.78099e+02 5.40000e+01
1.78288e+02 5.40000e+01
1.78481e+02 5.40000e+01
1.78670e+02 5.40000e+01
1.78859e+02 5.40000e+01
1.79050e+02 5.40000e+01
1.79237e+02 5.40000e+01
1.79432e+02 5.40000e+01
1.79621e+02 5.40000e+01
1.79811e+02 5.40000e+01
1.79999e+02 5.40000e+01
1.80189e+02 5.40000e+01
1.80378e+02 5.40000e+01
1.80567e+02 5.40000e+01
1.80757e+02 5.40000e+01
1.80955e+02 5.40000e+01
1.81148e+02 5.40000e+01
1.81338e+02 5.40000e+01
1.81531e+02 5.40000e+01
1.81719e+02 5.40000e+01
1.81909e+02 5.40000e+01
1.82096e+02 5.40000e+01
1.82284e+02 5.40000e+01
1.82476e+02 5.40000e+01
1.82664e+02 5.40000e+01
1.82853e+02 5.40000e+01
1.83043e+02 5.40000e+01
1.83232e+02 5.40000e+01
1.83423e+02 5.40000e+01
1.83611e+02 5.40000e+01
1.83798e+02 5.40000e+01
1.83987e+02 5.40000e+01
1.84175e+02 5.40000e+01
1.84364e+02 5.40000e+01
1.84555e+02 5.40000e+01
1.84744e+02 5.40000e+01
1.84933e+02 5.40000e+01
1.85121e+02 5.40000e+01
1.85310e+02 5.40000e+01
1.85502e+02 5.40000e+01
1.85691e+02 5.40000e+01
1.85879e+02 5.40000e+01
1.86067e+02 5.40000e+01
1.86255e+02 5.40000e+01
1.86448e+02 5.40000e+01
1.86637e+02 5.40000e+01
1.86824e+02 5.40000e+01
1.87012e+02 5.40000e+01
1.87200e+02 5.40000e+01
1.87391e+02 5.40000e+01
1.87580e+02 5.40000e+01
1.87768e+02 5.40000e+01
1.87956e+02 5.40000e+01
1.88147e+02 5.40000e+01
1.88341e+02 5.40000e+01
1.88533e+02 5.40000e+01
1.88724e+02 5.40000e+01
1.88914e+02 5.40000e+01
1.89103e+02 5.40000e+01
1.89292e+02 5.40000e+01
1.89483e+02 5.40000e+01
1.89672e+02 5.40000e+01
1.89862e+02 5.40000e+01
1.90051e+02 5.40000e+01
