2.00980e-02 7.35000e+02
2.15741e-01 4.54000e+02
4.12944e-01 4.65000e+02
6.06173e-01 3.88000e+02
7.97936e-01 3.53000e+02
9.87446e-01 2.66000e+02
1.18097e+00 2.43000e+02
1.37128e+00 1.98000e+02
1.56722e+00 2.14000e+02
1.75555e+00 1.93000e+02
1.94696e+00 2.14000e+02
2.13807e+00 2.76000e+02
2.33109e+00 2.55000e+02
2.52467e+00 2.74000e+02
2.71594e+00 2.44000e+02
2.90516e+00 1.30000e+02
3.09633e+00 1.37000e+02
3.28626e+00 1.23000e+02
3.47986e+00 1.10000e+02
3.66970e+00 9.40000e+01
3.86126e+00 9.70000e+01
4.04996e+00 9.80000e+01
4.24083e+00 1.00000e+02
4.43250e+00 9.80000e+01
4.62335e+00 1.22000e+02
4.81142e+00 1.12000e+02
4.99932e+00 1.63000e+02
5.18845e+00 1.09000e+02
5.37690e+00 1.24000e+02
5.56903e+00 9.60000e+01
5.75846e+00 8.80000e+01
5.94581e+00 8.80000e+01
6.13629e+00 9.60000e+01
6.32535e+00 9.50000e+01
6.51761e+00 1.27000e+02
6.70998e+00 1.46000e+02
6.89801e+00 1.38000e+02
7.08695e+00 1.50000e+02
7.28308e+00 1.77000e+02
7.47714e+00 1.53000e+02
7.66884e+00 1.64000e+02
7.86099e+00 1.40000e+02
8.05264e+00 1.09000e+02
8.24252e+00 1.00000e+02
8.43586e+00 1.21000e+02
8.62572e+00 1.36000e+02
8.81569e+00 1.18000e+02
9.00531e+00 1.14000e+02
9.19548e+00 1.15000e+02
9.38416e+00 9.40000e+01
9.57793e+00 1.16000e+02
9.76870e+00 1.18000e+02
9.95740e+00 1.22000e+02
1.01478e+01 1.42000e+02
1.03394e+01 1.77000e+02
1.05330e+01 1.59000e+02
1.07235e+01 1.62000e+02
1.09355e+01 1.81000e+02
1.11289e+01 2.07000e+02
1.13193e+01 2.05000e+02
1.15116e+01 2.07000e+02
1.17020e+01 2.64000e+02
1.18927e+01 2.02000e+02
1.20819e+01 1.72000e+02
1.22724e+01 1.67000e+02
1.24657e+01 1.90000e+02
1.26552e+01 1.75000e+02
1.28444e+01 1.70000e+02
1.30358e+01 1.74000e+02
1.32257e+01 2.17000e+02
1.34189e+01 1.96000e+02
1.36096e+01 2.39000e+02
1.37981e+01 1.96000e+02
1.39867e+01 2.10000e+02
1.41778e+01 1.94000e+02
1.43670e+01 1.93000e+02
1.45607e+01 2.16000e+02
1.47505e+01 1.71000e+02
1.49414e+01 2.15000e+02
1.51311e+01 1.52000e+02
1.53219e+01 1.34000e+02
1.55147e+01 1.35000e+02
1.57041e+01 1.53000e+02
1.58943e+01 1.51000e+02
1.60842e+01 1.85000e+02
1.62737e+01 1.78000e+02
1.64672e+01 1.54000e+02
1.66570e+01 1.71000e+02
1.68468e+01 1.44000e+02
1.70370e+01 1.53000e+02
1.72274e+01 1.64000e+02
1.74207e+01 1.69000e+02
1.76126e+01 1.67000e+02
1.77998e+01 1.26000e+02
1.79889e+01 1.23000e+02
1.81787e+01 1.14000e+02
1.83663e+01 1.18000e+02
1.85592e+01 1.15000e+02
1.87497e+01 1.26000e+02
1.89385e+01 1.23000e+02
1.91276e+01 1.27000e+02
1.93171e+01 1.12000e+02
1.95095e+01 1.06000e+02
1.96994e+01 1.06000e+02
1.98895e+01 1.06000e+02
2.00794e+01 1.06000e+02
2.02689e+01 1.06000e+02
2.04637e+01 1.06000e+02
2.06537e+01 1.06000e+02
2.08441e+01 1.06000e+02
2.10358e+01 1.06000e+02
2.12284e+01 1.06000e+02
2.14208e+01 1.06000e+02
2.16123e+01 1.06000e+02
2.18011e+01 1.06000e+02
2.19913e+01 1.06000e+02
2.21816e+01 1.06000e+02
2.23704e+01 1.06000e+02
2.25636e+01 1.06000e+02
2.27551e+01 1.06000e+02
2.29438e+01 1.06000e+02
2.31351e+01 1.06000e+02
2.33255e+01 1.06000e+02
2.35171e+01 1.06000e+02
2.37083e+01 1.06000e+02
2.38991e+01 1.06000e+02
2.40890e+01 1.06000e+02
2.42792e+01 1.06000e+02
2.44712e+01 1.06000e+02
2.46620e+01 1.06000e+02
2.48528e+01 1.06000e+02
2.50420e+01 1.06000e+02
2.52328e+01 1.06000e+02
2.54243e+01 1.06000e+02
2.56165e+01 1.06000e+02
2.58169e+01 1.06000e+02
2.60245e+01 1.06000e+02
2.62164e+01 1.06000e+02
2.64055e+01 1.06000e+02
2.65974e+01 1.06000e+02
2.67872e+01 1.06000e+02
2.69763e+01 1.06000e+02
2.71656e+01 1.06000e+02
2.73559e+01 1.06000e+02
2.75466e+01 1.06000e+02
2.77357e+01 1.06000e+02
2.79261e+01 1.06000e+02
2.81127e+01 1.06000e+02
2.83021e+01 1.06000e+02
2.84951e+01 1.06000e+02
2.86857e+01 1.06000e+02
2.88762e+01 1.06000e+02
2.90653e+01 1.06000e+02
2.92562e+01 1.06000e+02
2.94487e+01 1.06000e+02
2.96382e+01 1.06000e+02
2.98272e+01 1.06000e+02
3.00158e+01 1.06000e+02
3.02065e+01 1.06000e+02
3.03978e+01 1.06000e+02
3.05906e+01 1.06000e+02
3.07826e+01 1.06000e+02
3.09742e+01 1.06000e+02
3.11656e+01 1.06000e+02
3.13556e+01 1.06000e+02
3.15480e+01 1.06000e+02
3.17386e+01 1.06000e+02
3.19277e+01 1.06000e+02
3.21181e+01 1.06000e+02
3.23086e+01 1.06000e+02
3.25033e+01 1.06000e+02
3.26931e+01 1.06000e+02
3.28818e+01 1.06000e+02
3.30719e+01 1.06000e+02
3.32621e+01 1.06000e+02
3.34550e+01 1.06000e+02
3.36466e+01 1.06000e+02
3.38371e+01 1.06000e+02
3.40264e+01 1.06000e+02
3.42178e+01 1.06000e+02
3.44087e+01 1.06000e+02
3.46022e+01 1.06000e+02
3.47946e+01 1.06000e+02
3.49864e+01 1.06000e+02
3.51774e+01 1.06000e+02
3.53694e+01 1.06000e+02
3.55605e+01 1.06000e+02
3.57520e+01 1.06000e+02
3.59426e+01 1.06000e+02
3.61317e+01 1.06000e+02
3.63207e+01 1.06000e+02
3.65135e+01 1.06000e+02
3.67032e+01 1.06000e+02
3.68933e+01 1.06000e+02
3.70827e+01 1.06000e+02
3.72727e+01 1.06000e+02
3.74654e+01 1.06000e+02
3.76560e+01 1.06000e+02
3.78450e+01 1.06000e+02
3.80349e+01 1.06000e+02
3.82245e+01 1.06000e+02
3.84143e+01 1.06000e+02
3.86078e+01 1.06000e+02
3.87984e+01 1.06000e+02
3.89862e+01 1.06000e+02
3.91769e+01 1.06000e+02
3.93686e+01 1.06000e+02
3.95632e+01 1.06000e+02
3.97525e+01 1.06000e+02
3.99420e+01 1.06000e+02
4.01305e+01 1.06000e+02
4.03217e+01 1.06000e+02
4.05143e+01 1.06000e+02
4.07026e+01 1.06000e+02
4.09128e+01 1.06000e+02
4.11134e+01 1.06000e+02
4.13047e+01 1.06000e+02
4.14969e+01 1.06000e+02
4.16881e+01 1.06000e+02
4.18765e+01 1.06000e+02
4.20659e+01 1.06000e+02
4.22569e+01 1.06000e+02
4.24486e+01 1.06000e+02
4.26383e+01 1.06000e+02
4.28275e+01 1.06000e+02
4.30171e+01 1.06000e+02
4.32064e+01 1.06000e+02
4.33979e+01 1.06000e+02
4.35888e+01 1.06000e+02
4.37784e+01 1.06000e+02
4.39682e+01 1.06000e+02
4.41584e+01 1.06000e+02
4.43482e+01 1.06000e+02
4.45433e+01 1.06000e+02
4.47323e+01 1.06000e+02
4.49223e+01 1.06000e+02
4.51109e+01 1.06000e+02
4.53013e+01 1.06000e+02
4.54943e+01 1.06000e+02
4.56857e+01 1.06000e+02
4.58753e+01 1.06000e+02
4.60644e+01 1.06000e+02
4.62552e+01 1.06000e+02
4.64451e+01 1.06000e+02
4.66379e+01 1.06000e+02
4.68280e+01 1.06000e+02
4.70160e+01 1.06000e+02
4.72057e+01 1.06000e+02
4.73965e+01 1.06000e+02
4.75883e+01 1.06000e+02
4.77766e+01 1.06000e+02
4.79656e+01 1.06000e+02
4.81552e+01 1.06000e+02
4.83429e+01 1.06000e+02
4.85360e+01 1.06000e+02
4.87258e+01 1.06000e+02
4.89151e+01 1.06000e+02
4.91048e+01 1.06000e+02
4.92941e+01 1.06000e+02
4.94868e+01 1.06000e+02
4.96766e+01 1.06000e+02
4.98671e+01 1.06000e+02
5.00573e+01 1.06000e+02
5.02460e+01 1.06000e+02
5.04347e+01 1.06000e+02
5.06289e+01 1.06000e+02
5.08218e+01 1.06000e+02
5.10112e+01 1.06000e+02
5.11999e+01 1.06000e+02
5.13901e+01 1.06000e+02
5.15822e+01 1.06000e+02
5.17731e+01 1.06000e+02
5.19629e+01 1.06000e+02
5.21522e+01 1.06000e+02
5.23422e+01 1.06000e+02
5.25353e+01 1.06000e+02
5.27254e+01 1.06000e+02
5.29150e+01 1.06000e+02
5.31066e+01 1.06000e+02
5.32965e+01 1.06000e+02
5.34887e+01 1.06000e+02
5.36807e+01 1.06000e+02
5.38708e+01 1.06000e+02
5.40608e+01 1.06000e+02
5.42513e+01 1.06000e+02
5.44388e+01 1.06000e+02
5.46319e+01 1.06000e+02
5.48223e+01 1.06000e+02
5.50115e+01 1.06000e+02
5.52004e+01 1.06000e+02
5.53911e+01 1.06000e+02
5.55822e+01 1.06000e+02
5.57752e+01 1.06000e+02
5.59859e+01 1.06000e+02
5.61775e+01 1.06000e+02
5.63672e+01 1.06000e+02
5.65614e+01 1.06000e+02
5.67520e+01 1.06000e+02
5.69416e+01 1.06000e+02
5.71321e+01 1.06000e+02
5.73229e+01 1.06000e+02
5.75147e+01 1.06000e+02
5.77040e+01 1.06000e+02
5.78931e+01 1.06000e+02
5.80817e+01 1.06000e+02
5.82707e+01 1.06000e+02
5.84610e+01 1.06000e+02
5.86533e+01 1.06000e+02
5.88422e+01 1.06000e+02
5.90306e+01 1.06000e+02
5.92207e+01 1.06000e+02
5.94121e+01 1.06000e+02
5.96041e+01 1.06000e+02
5.97933e+01 1.06000e+02
5.99826e+01 1.06000e+02
6.01726e+01 1.06000e+02
6.03642e+01 1.06000e+02
6.05559e+01 1.06000e+02
6.07459e+01 1.06000e+02
6.09352e+01 1.06000e+02
6.11254e+01 1.06000e+02
6.13159e+01 1.06000e+02
6.15078e+01 1.06000e+02
6.16981e+01 1.06000e+02
6.18886e+01 1.06000e+02
6.20779e+01 1.06000e+02
6.22683e+01 1.06000e+02
6.24592e+01 1.06000e+02
6.26516e+01 1.06000e+02
6.28435e+01 1.06000e+02
6.30336e+01 1.06000e+02
6.32233e+01 1.06000e+02
6.34124e+01 1.06000e+02
6.36039e+01 1.06000e+02
6.37945e+01 1.06000e+02
6.39838e+01 1.06000e+02
6.41741e+01 1.06000e+02
6.43636e+01 1.06000e+02
6.45558e+01 1.06000e+02
6.47459e+01 1.06000e+02
6.49340e+01 1.06000e+02
6.51234e+01 1.06000e+02
6.53134e+01 1.06000e+02
6.55048e+01 1.06000e+02
6.56957e+01 1.06000e+02
6.58858e+01 1.06000e+02
6.60757e+01 1.06000e+02
6.62659e+01 1.06000e+02
6.64552e+01 1.06000e+02
6.66477e+01 1.06000e+02
6.68387e+01 1.06000e+02
6.70299e+01 1.06000e+02
6.72243e+01 1.06000e+02
6.74186e+01 1.06000e+02
6.76102e+01 1.06000e+02
6.77997e+01 1.06000e+02
6.79900e+01 1.06000e+02
6.81792e+01 1.06000e+02
6.83691e+01 1.06000e+02
6.85617e+01 1.06000e+02
6.87507e+01 1.06000e+02
6.89390e+01 1.06000e+02
6.91297e+01 1.06000e+02
6.93180e+01 1.06000e+02
6.95091e+01 1.06000e+02
6.96984e+01 1.06000e+02
6.98877e+01 1.06000e+02
7.00768e+01 1.06000e+02
7.02656e+01 1.06000e+02
7.04535e+01 1.06000e+02
7.06452e+01 1.06000e+02
7.08472e+01 1.06000e+02
7.10481e+01 1.06000e+02
7.12361e+01 1.06000e+02
7.14253e+01 1.06000e+02
7.16170e+01 1.06000e+02
7.18058e+01 1.06000e+02
7.19944e+01 1.06000e+02
7.21826e+01 1.06000e+02
7.23722e+01 1.06000e+02
7.25644e+01 1.06000e+02
7.27530e+01 1.06000e+02
7.29419e+01 1.06000e+02
7.31305e+01 1.06000e+02
7.33189e+01 1.06000e+02
7.35101e+01 1.06000e+02
7.36997e+01 1.06000e+02
7.38881e+01 1.06000e+02
7.40774e+01 1.06000e+02
7.42676e+01 1.06000e+02
7.44569e+01 1.06000e+02
7.46483e+01 1.06000e+02
7.48387e+01 1.06000e+02
7.50272e+01 1.06000e+02
7.52156e+01 1.06000e+02
7.54200e+01 1.06000e+02
7.56136e+01 1.06000e+02
7.58042e+01 1.06000e+02
7.59944e+01 1.06000e+02
7.61859e+01 1.06000e+02
7.63777e+01 1.06000e+02
7.65707e+01 1.06000e+02
7.67625e+01 1.06000e+02
7.69529e+01 1.06000e+02
7.71437e+01 1.06000e+02
7.73338e+01 1.06000e+02
7.75272e+01 1.06000e+02
7.77177e+01 1.06000e+02
7.79079e+01 1.06000e+02
7.80978e+01 1.06000e+02
7.82861e+01 1.06000e+02
7.84753e+01 1.06000e+02
7.86671e+01 1.06000e+02
7.88573e+01 1.06000e+02
7.90454e+01 1.06000e+02
7.92350e+01 1.06000e+02
7.94255e+01 1.06000e+02
7.96169e+01 1.06000e+02
7.98069e+01 1.06000e+02
7.99968e+01 1.06000e+02
8.01870e+01 1.06000e+02
8.03766e+01 1.06000e+02
8.05698e+01 1.06000e+02
8.07598e+01 1.06000e+02
8.09505e+01 1.06000e+02
8.11417e+01 1.06000e+02
8.13300e+01 1.06000e+02
8.15204e+01 1.06000e+02
8.17116e+01 1.06000e+02
8.19004e+01 1.06000e+02
8.20896e+01 1.06000e+02
8.22794e+01 1.06000e+02
8.24686e+01 1.06000e+02
8.26599e+01 1.06000e+02
8.28492e+01 1.06000e+02
8.30381e+01 1.06000e+02
8.32267e+01 1.06000e+02
8.34165e+01 1.06000e+02
8.36070e+01 1.06000e+02
8.37957e+01 1.06000e+02
8.39852e+01 1.06000e+02
8.41737e+01 1.06000e+02
8.43641e+01 1.06000e+02
8.45552e+01 1.06000e+02
8.47437e+01 1.06000e+02
8.49319e+01 1.06000e+02
8.51221e+01 1.06000e+02
8.53130e+01 1.06000e+02
8.55034e+01 1.06000e+02
8.56967e+01 1.06000e+02
8.59029e+01 1.06000e+02
8.60988e+01 1.06000e+02
8.62898e+01 1.06000e+02
8.64780e+01 1.06000e+02
8.66687e+01 1.06000e+02
8.68576e+01 1.06000e+02
8.70468e+01 1.06000e+02
8.72364e+01 1.06000e+02
8.74272e+01 1.06000e+02
8.76183e+01 1.06000e+02
8.78057e+01 1.06000e+02
8.79936e+01 1.06000e+02
8.81825e+01 1.06000e+02
8.83710e+01 1.06000e+02
8.85620e+01 1.06000e+02
8.87504e+01 1.06000e+02
8.89385e+01 1.06000e+02
8.91273e+01 1.06000e+02
8.93171e+01 1.06000e+02
8.95059e+01 1.06000e+02
8.96986e+01 1.06000e+02
8.98869e+01 1.06000e+02
9.00737e+01 1.06000e+02
9.02621e+01 1.06000e+02
9.04556e+01 1.06000e+02
9.06476e+01 1.06000e+02
9.08365e+01 1.06000e+02
9.10244e+01 1.06000e+02
9.12127e+01 1.06000e+02
9.14025e+01 1.06000e+02
9.15927e+01 1.06000e+02
9.17820e+01 1.06000e+02
9.19719e+01 1.06000e+02
9.21604e+01 1.06000e+02
9.23485e+01 1.06000e+02
9.25407e+01 1.06000e+02
9.27301e+01 1.06000e+02
9.29200e+01 1.06000e+02
9.31087e+01 1.06000e+02
9.32956e+01 1.06000e+02
9.34845e+01 1.06000e+02
9.36752e+01 1.06000e+02
9.38634e+01 1.06000e+02
9.40522e+01 1.06000e+02
9.42418e+01 1.06000e+02
9.44303e+01 1.06000e+02
9.46216e+01 1.06000e+02
9.48103e+01 1.06000e+02
9.49990e+01 1.06000e+02
9.51876e+01 1.06000e+02
9.53779e+01 1.06000e+02
9.55699e+01 1.06000e+02
9.57611e+01 1.06000e+02
9.59522e+01 1.06000e+02
9.61408e+01 1.06000e+02
9.63288e+01 1.06000e+02
9.65197e+01 1.06000e+02
9.67109e+01 1.06000e+02
9.69001e+01 1.06000e+02
9.70902e+01 1.06000e+02
9.72786e+01 1.06000e+02
9.74673e+01 1.06000e+02
9.76579e+01 1.06000e+02
9.78466e+01 1.06000e+02
9.80363e+01 1.06000e+02
9.82245e+01 1.06000e+02
9.84118e+01 1.06000e+02
9.86022e+01 1.06000e+02
9.87913e+01 1.06000e+02
9.89801e+01 1.06000e+02
9.91690e+01 1.06000e+02
9.93594e+01 1.06000e+02
9.95514e+01 1.06000e+02
9.97412e+01 1.06000e+02
9.99304e+01 1.06000e+02
1.00119e+02 1.06000e+02
1.00308e+02 1.06000e+02
1.00498e+02 1.06000e+02
1.00691e+02 1.06000e+02
1.00896e+02 1.06000e+02
1.01091e+02 1.06000e+02
1.01279e+02 1.06000e+02
1.01468e+02 1.06000e+02
1.01660e+02 1.06000e+02
1.01849e+02 1.06000e+02
1.02037e+02 1.06000e+02
1.02226e+02 1.06000e+02
1.02415e+02 1.06000e+02
1.02605e+02 1.06000e+02
1.02794e+02 1.06000e+02
1.02982e+02 1.06000e+02
1.03170e+02 1.06000e+02
1.03359e+02 1.06000e+02
1.03552e+02 1.06000e+02
1.03742e+02 1.06000e+02
1.03931e+02 1.06000e+02
1.04120e+02 1.06000e+02
1.04309e+02 1.06000e+02
1.04498e+02 1.06000e+02
1.04688e+02 1.06000e+02
1.04876e+02 1.06000e+02
1.05067e+02 1.06000e+02
1.05257e+02 1.06000e+02
1.05461e+02 1.06000e+02
1.05666e+02 1.06000e+02
1.05854e+02 1.06000e+02
1.06042e+02 1.06000e+02
1.06230e+02 1.06000e+02
1.06418e+02 1.06000e+02
1.06610e+02 1.06000e+02
1.06798e+02 1.06000e+02
1.06988e+02 1.06000e+02
1.07177e+02 1.06000e+02
1.07365e+02 1.06000e+02
1.07556e+02 1.06000e+02
1.07745e+02 1.06000e+02
1.07934e+02 1.06000e+02
1.08123e+02 1.06000e+02
1.08310e+02 1.06000e+02
1.08499e+02 1.06000e+02
1.08690e+02 1.06000e+02
1.08878e+02 1.06000e+02
1.09068e+02 1.06000e+02
1.09256e+02 1.06000e+02
1.09444e+02 1.06000e+02
1.09637e+02 1.06000e+02
1.09825e+02 1.06000e+02
1.10013e+02 1.06000e+02
1.10203e+02 1.06000e+02
1.10391e+02 1.06000e+02
1.10582e+02 1.06000e+02
1.10770e+02 1.06000e+02
1.10959e+02 1.06000e+02
1.11147e+02 1.06000e+02
1.11335e+02 1.06000e+02
1.11524e+02 1.06000e+02
1.11716e+02 1.06000e+02
1.11905e+02 1.06000e+02
1.12094e+02 1.06000e+02
1.12283e+02 1.06000e+02
1.12472e+02 1.06000e+02
1.12663e+02 1.06000e+02
1.12852e+02 1.06000e+02
1.13042e+02 1.06000e+02
1.13229e+02 1.06000e+02
1.13418e+02 1.06000e+02
1.13610e+02 1.06000e+02
1.13799e+02 1.06000e+02
1.13988e+02 1.06000e+02
1.14178e+02 1.06000e+02
1.14367e+02 1.06000e+02
1.14559e+02 1.06000e+02
1.14751e+02 1.06000e+02
1.14940e+02 1.06000e+02
1.15128e+02 1.06000e+02
1.15319e+02 1.06000e+02
1.15509e+02 1.06000e+02
1.15700e+02 1.06000e+02
1.15909e+02 1.06000e+02
1.16107e+02 1.06000e+02
1.16298e+02 1.06000e+02
1.16488e+02 1.06000e+02
1.16680e+02 1.06000e+02
1.16869e+02 1.06000e+02
1.17059e+02 1.06000e+02
1.17249e+02 1.06000e+02
1.17438e+02 1.06000e+02
1.17631e+02 1.06000e+02
1.17819e+02 1.06000e+02
1.18008e+02 1.06000e+02
1.18197e+02 1.06000e+02
1.18385e+02 1.06000e+02
1.18575e+02 1.06000e+02
1.18765e+02 1.06000e+02
1.18954e+02 1.06000e+02
1.19145e+02 1.06000e+02
1.19335e+02 1.06000e+02
1.19523e+02 1.06000e+02
1.19712e+02 1.06000e+02
1.19901e+02 1.06000e+02
1.20090e+02 1.06000e+02
1.20281e+02 1.06000e+02
1.20481e+02 1.06000e+02
1.20674e+02 1.06000e+02
1.20862e+02 1.06000e+02
1.21052e+02 1.06000e+02
1.21241e+02 1.06000e+02
1.21430e+02 1.06000e+02
1.21622e+02 1.06000e+02
1.21811e+02 1.06000e+02
1.22000e+02 1.06000e+02
1.22187e+02 1.06000e+02
1.22376e+02 1.06000e+02
1.22567e+02 1.06000e+02
1.22756e+02 1.06000e+02
1.22945e+02 1.06000e+02
1.23136e+02 1.06000e+02
1.23325e+02 1.06000e+02
1.23515e+02 1.06000e+02
1.23705e+02 1.06000e+02
1.23895e+02 1.06000e+02
1.24082e+02 1.06000e+02
1.24270e+02 1.06000e+02
1.24459e+02 1.06000e+02
1.24649e+02 1.06000e+02
1.24837e+02 1.06000e+02
1.25025e+02 1.06000e+02
1.25213e+02 1.06000e+02
1.25402e+02 1.06000e+02
1.25592e+02 1.06000e+02
1.25782e+02 1.06000e+02
1.25969e+02 1.06000e+02
1.26158e+02 1.06000e+02
1.26348e+02 1.06000e+02
1.26537e+02 1.06000e+02
1.26729e+02 1.06000e+02
1.26917e+02 1.06000e+02
1.27107e+02 1.06000e+02
1.27297e+02 1.06000e+02
1.27489e+02 1.06000e+02
1.27681e+02 1.06000e+02
1.27869e+02 1.06000e+02
1.28059e+02 1.06000e+02
1.28248e+02 1.06000e+02
1.28438e+02 1.06000e+02
1.28629e+02 1.06000e+02
1.28818e+02 1.06000e+02
1.29005e+02 1.06000e+02
1.29195e+02 1.06000e+02
1.29384e+02 1.06000e+02
1.29575e+02 1.06000e+02
1.29766e+02 1.06000e+02
1.29954e+02 1.06000e+02
1.30145e+02 1.06000e+02
1.30333e+02 1.06000e+02
1.30521e+02 1.06000e+02
1.30714e+02 1.06000e+02
1.30921e+02 1.06000e+02
1.31111e+02 1.06000e+02
1.31301e+02 1.06000e+02
1.31491e+02 1.06000e+02
1.31683e+02 1.06000e+02
1.31872e+02 1.06000e+02
1.32063e+02 1.06000e+02
1.32253e+02 1.06000e+02
1.32444e+02 1.06000e+02
1.32640e+02 1.06000e+02
1.32829e+02 1.06000e+02
1.33019e+02 1.06000e+02
1.33208e+02 1.06000e+02
1.33397e+02 1.06000e+02
1.33588e+02 1.06000e+02
1.33777e+02 1.06000e+02
1.33966e+02 1.06000e+02
1.34155e+02 1.06000e+02
1.34346e+02 1.06000e+02
1.34534e+02 1.06000e+02
1.34726e+02 1.06000e+02
1.34912e+02 1.06000e+02
1.35100e+02 1.06000e+02
1.35290e+02 1.06000e+02
1.35478e+02 1.06000e+02
1.35670e+02 1.06000e+02
1.35859e+02 1.06000e+02
1.36048e+02 1.06000e+02
1.36238e+02 1.06000e+02
1.36427e+02 1.06000e+02
1.36618e+02 1.06000e+02
1.36806e+02 1.06000e+02
1.36995e+02 1.06000e+02
1.37184e+02 1.06000e+02
1.37373e+02 1.06000e+02
1.37563e+02 1.06000e+02
1.37755e+02 1.06000e+02
1.37944e+02 1.06000e+02
1.38133e+02 1.06000e+02
1.38321e+02 1.06000e+02
1.38509e+02 1.06000e+02
1.38700e+02 1.06000e+02
1.38889e+02 1.06000e+02
1.39078e+02 1.06000e+02
1.39268e+02 1.06000e+02
1.39458e+02 1.06000e+02
1.39650e+02 1.06000e+02
1.39841e+02 1.06000e+02
1.40030e+02 1.06000e+02
1.40219e+02 1.06000e+02
1.40409e+02 1.06000e+02
1.40602e+02 1.06000e+02
1.40793e+02 1.06000e+02
1.40982e+02 1.06000e+02
1.41172e+02 1.06000e+02
1.41361e+02 1.06000e+02
1.41552e+02 1.06000e+02
1.41744e+02 1.06000e+02
1.41933e+02 1.06000e+02
1.42122e+02 1.06000e+02
1.42310e+02 1.06000e+02
1.42498e+02 1.06000e+02
1.42692e+02 1.06000e+02
1.42881e+02 1.06000e+02
1.43071e+02 1.06000e+02
1.43259e+02 1.06000e+02
1.43448e+02 1.06000e+02
1.43639e+02 1.06000e+02
1.43827e+02 1.06000e+02
1.44014e+02 1.06000e+02
1.44202e+02 1.06000e+02
1.44392e+02 1.06000e+02
1.44580e+02 1.06000e+02
1.44772e+02 1.06000e+02
1.44962e+02 1.06000e+02
1.45151e+02 1.06000e+02
1.45340e+02 1.06000e+02
1.45529e+02 1.06000e+02
1.45720e+02 1.06000e+02
1.45930e+02 1.06000e+02
1.46123e+02 1.06000e+02
1.46313e+02 1.06000e+02
1.46502e+02 1.06000e+02
1.46694e+02 1.06000e+02
1.46883e+02 1.06000e+02
1.47072e+02 1.06000e+02
1.47263e+02 1.06000e+02
1.47453e+02 1.06000e+02
1.47644e+02 1.06000e+02
1.47835e+02 1.06000e+02
1.48026e+02 1.06000e+02
1.48217e+02 1.06000e+02
1.48407e+02 1.06000e+02
1.48597e+02 1.06000e+02
1.48790e+02 1.06000e+02
1.48980e+02 1.06000e+02
1.49171e+02 1.06000e+02
1.49362e+02 1.06000e+02
1.49551e+02 1.06000e+02
1.49744e+02 1.06000e+02
1.49933e+02 1.06000e+02
1.50123e+02 1.06000e+02
1.50318e+02 1.06000e+02
1.50523e+02 1.06000e+02
1.50718e+02 1.06000e+02
1.50908e+02 1.06000e+02
1.51100e+02 1.06000e+02
1.51292e+02 1.06000e+02
1.51481e+02 1.06000e+02
1.51673e+02 1.06000e+02
1.51863e+02 1.06000e+02
1.52053e+02 1.06000e+02
1.52244e+02 1.06000e+02
1.52434e+02 1.06000e+02
1.52627e+02 1.06000e+02
1.52818e+02 1.06000e+02
1.53009e+02 1.06000e+02
1.53198e+02 1.06000e+02
1.53387e+02 1.06000e+02
1.53577e+02 1.06000e+02
1.53770e+02 1.06000e+02
1.53957e+02 1.06000e+02
1.54145e+02 1.06000e+02
1.54334e+02 1.06000e+02
1.54521e+02 1.06000e+02
1.54714e+02 1.06000e+02
1.54902e+02 1.06000e+02
1.55091e+02 1.06000e+02
1.55281e+02 1.06000e+02
1.55470e+02 1.06000e+02
1.55661e+02 1.06000e+02
1.55851e+02 1.06000e+02
1.56039e+02 1.06000e+02
1.56227e+02 1.06000e+02
1.56417e+02 1.06000e+02
1.56605e+02 1.06000e+02
1.56798e+02 1.06000e+02
1.56988e+02 1.06000e+02
1.57177e+02 1.06000e+02
1.57366e+02 1.06000e+02
1.57555e+02 1.06000e+02
1.57747e+02 1.06000e+02
1.57936e+02 1.06000e+02
1.58125e+02 1.06000e+02
1.58316e+02 1.06000e+02
1.58505e+02 1.06000e+02
1.58697e+02 1.06000e+02
1.58887e+02 1.06000e+02
1.59076e+02 1.06000e+02
1.59266e+02 1.06000e+02
1.59454e+02 1.06000e+02
1.59644e+02 1.06000e+02
1.59834e+02 1.06000e+02
1.60023e+02 1.06000e+02
1.60212e+02 1.06000e+02
1.60403e+02 1.06000e+02
1.60593e+02 1.06000e+02
1.60793e+02 1.06000e+02
1.61004e+02 1.06000e+02
1.61192e+02 1.06000e+02
1.61381e+02 1.06000e+02
1.61571e+02 1.06000e+02
1.61764e+02 1.06000e+02
1.61952e+02 1.06000e+02
1.62141e+02 1.06000e+02
1.62331e+02 1.06000e+02
1.62520e+02 1.06000e+02
1.62713e+02 1.06000e+02
1.62901e+02 1.06000e+02
1.63090e+02 1.06000e+02
1.63279e+02 1.06000e+02
1.63467e+02 1.06000e+02
1.63657e+02 1.06000e+02
1.63847e+02 1.06000e+02
1.64036e+02 1.06000e+02
1.64225e+02 1.06000e+02
1.64413e+02 1.06000e+02
1.64602e+02 1.06000e+02
1.64792e+02 1.06000e+02
1.64981e+02 1.06000e+02
1.65168e+02 1.06000e+02
1.65356e+02 1.06000e+02
1.65545e+02 1.06000e+02
1.65736e+02 1.06000e+02
1.65926e+02 1.06000e+02
1.66114e+02 1.06000e+02
1.66303e+02 1.06000e+02
1.66491e+02 1.06000e+02
1.66684e+02 1.06000e+02
1.66872e+02 1.06000e+02
1.67060e+02 1.06000e+02
1.67250e+02 1.06000e+02
1.67439e+02 1.06000e+02
1.67628e+02 1.06000e+02
1.67819e+02 1.06000e+02
1.68008e+02 1.06000e+02
1.68197e+02 1.06000e+02
1.68388e+02 1.06000e+02
1.68576e+02 1.06000e+02
1.68768e+02 1.06000e+02
1.68958e+02 1.06000e+02
1.69148e+02 1.06000e+02
1.69338e+02 1.06000e+02
1.69528e+02 1.06000e+02
1.69720e+02 1.06000e+02
1.69909e+02 1.06000e+02
1.70099e+02 1.06000e+02
1.70289e+02 1.06000e+02
1.70479e+02 1.06000e+02
1.70670e+02 1.06000e+02
1.70860e+02 1.06000e+02
1.71049e+02 1.06000e+02
1.71239e+02 1.06000e+02
1.71426e+02 1.06000e+02
1.71614e+02 1.06000e+02
1.71805e+02 1.06000e+02
1.71995e+02 1.06000e+02
1.72183e+02 1.06000e+02
1.72373e+02 1.06000e+02
1.72561e+02 1.06000e+02
1.72753e+02 1.06000e+02
1.72940e+02 1.06000e+02
1.73128e+02 1.06000e+02
1.73317e+02 1.06000e+02
1.73506e+02 1.06000e+02
1.73698e+02 1.06000e+02
1.73888e+02 1.06000e+02
1.74078e+02 1.06000e+02
1.74267e+02 1.06000e+02
1.74456e+02 1.06000e+02
1.74649e+02 1.06000e+02
1.74839e+02 1.06000e+02
1.75029e+02 1.06000e+02
1.75219e+02 1.06000e+02
1.75408e+02 1.06000e+02
1.75596e+02 1.06000e+02
1.75793e+02 1.06000e+02
1.76005e+02 1.06000e+02
1.76200e+02 1.06000e+02
1.76389e+02 1.06000e+02
1.76578e+02 1.06000e+02
1.76770e+02 1.06000e+02
1.76958e+02 1.06000e+02
1.77148e+02 1.06000e+02
1.77338e+02 1.06000e+02
1.77528e+02 1.06000e+02
1.77720e+02 1.06000e+02
1.77909e+02 1.06000e+02
1.78097e+02 1.06000e+02
1.78286e+02 1.06000e+02
1.78475e+02 1.06000e+02
1.78667e+02 1.06000e+02
1.78855e+02 1.06000e+02
1.79043e+02 1.06000e+02
1.79233e+02 1.06000e+02
1.79423e+02 1.06000e+02
1.79611e+02 1.06000e+02
1.79804e+02 1.06000e+02
1.79993e+02 1.06000e+02
1.80181e+02 1.06000e+02
1.80380e+02 1.06000e+02
1.80572e+02 1.06000e+02
1.80762e+02 1.06000e+02
1.80952e+02 1.06000e+02
1.81140e+02 1.06000e+02
1.81331e+02 1.06000e+02
1.81521e+02 1.06000e+02
1.81713e+02 1.06000e+02
1.81903e+02 1.06000e+02
1.82094e+02 1.06000e+02
1.82282e+02 1.06000e+02
1.82470e+02 1.06000e+02
1.82662e+02 1.06000e+02
1.82851e+02 1.06000e+02
1.83042e+02 1.06000e+02
1.83231e+02 1.06000e+02
1.83419e+02 1.06000e+02
1.83607e+02 1.06000e+02
1.83800e+02 1.06000e+02
1.83989e+02 1.06000e+02
1.84178e+02 1.06000e+02
1.84368e+02 1.06000e+02
1.84557e+02 1.06000e+02
1.84750e+02 1.06000e+02
1.84940e+02 1.06000e+02
1.85128e+02 1.06000e+02
1.85318e+02 1.06000e+02
1.85506e+02 1.06000e+02
1.85698e+02 1.06000e+02
1.85887e+02 1.06000e+02
1.86077e+02 1.06000e+02
1.86265e+02 1.06000e+02
1.86454e+02 1.06000e+02
1.86643e+02 1.06000e+02
1.86833e+02 1.06000e+02
1.87022e+02 1.06000e+02
1.87211e+02 1.06000e+02
1.87404e+02 1.06000e+02
1.87597e+02 1.06000e+02
1.87789e+02 1.06000e+02
1.87979e+02 1.06000e+02
1.88169e+02 1.06000e+02
1.88359e+02 1.06000e+02
1.88549e+02 1.06000e+02
1.88742e+02 1.06000e+02
1.88932e+02 1.06000e+02
1.89124e+02 1.06000e+02
1.89316e+02 1.06000e+02
1.89507e+02 1.06000e+02
1.89698e+02 1.06000e+02
1.89888e+02 1.06000e+02
1.90079e+02 1.06000e+02
1.90269e+02 1.06000e+02
