2.02190e-02 7.25000e+02
2.15828e-01 4.76000e+02
4.08587e-01 3.80000e+02
5.99089e-01 3.70000e+02
7.93698e-01 2.98000e+02
9.82999e-01 2.99000e+02
1.17442e+00 3.33000e+02
1.36479e+00 3.80000e+02
1.55624e+00 3.46000e+02
1.74953e+00 2.57000e+02
1.94183e+00 2.60000e+02
2.13227e+00 1.92000e+02
2.32394e+00 1.89000e+02
2.51271e+00 2.02000e+02
2.70301e+00 1.74000e+02
2.89668e+00 1.57000e+02
3.08812e+00 1.78000e+02
3.28005e+00 1.74000e+02
3.47211e+00 1.64000e+02
3.66097e+00 1.49000e+02
3.85479e+00 1.51000e+02
4.04450e+00 1.48000e+02
4.23543e+00 1.46000e+02
4.42465e+00 1.18000e+02
4.61483e+00 1.26000e+02
4.80627e+00 1.18000e+02
4.99661e+00 1.23000e+02
5.18577e+00 1.22000e+02
5.37338e+00 1.19000e+02
5.56276e+00 1.29000e+02
5.75449e+00 8.80000e+01
5.94482e+00 1.00000e+02
6.13482e+00 9.50000e+01
6.32540e+00 9.40000e+01
6.51357e+00 9.30000e+01
6.70385e+00 9.30000e+01
6.89401e+00 7.30000e+01
7.08244e+00 6.80000e+01
7.27245e+00 6.70000e+01
7.46116e+00 7.00000e+01
7.64883e+00 5.50000e+01
7.84231e+00 5.50000e+01
8.05841e+00 5.50000e+01
8.25606e+00 5.50000e+01
8.44512e+00 5.50000e+01
8.63329e+00 5.50000e+01
8.82550e+00 5.50000e+01
9.01533e+00 5.50000e+01
9.20518e+00 5.50000e+01
9.39352e+00 5.50000e+01
9.58214e+00 5.50000e+01
9.77445e+00 5.50000e+01
9.96397e+00 5.50000e+01
1.01539e+01 5.50000e+01
1.03424e+01 5.50000e+01
1.05315e+01 5.50000e+01
1.07210e+01 5.50000e+01
1.09150e+01 5.50000e+01
1.11043e+01 5.50000e+01
1.12950e+01 5.50000e+01
1.14835e+01 5.50000e+01
1.16727e+01 5.50000e+01
1.18643e+01 5.50000e+01
1.20519e+01 5.50000e+01
1.22408e+01 5.50000e+01
1.24308e+01 5.50000e+01
1.26182e+01 5.50000e+01
1.28116e+01 5.50000e+01
1.29998e+01 5.50000e+01
1.31906e+01 5.50000e+01
1.33805e+01 5.50000e+01
1.35719e+01 5.50000e+01
1.37634e+01 5.50000e+01
1.39537e+01 5.50000e+01
1.41420e+01 5.50000e+01
1.43314e+01 5.50000e+01
1.45205e+01 5.50000e+01
1.47112e+01 5.50000e+01
1.49017e+01 5.50000e+01
1.50915e+01 5.50000e+01
1.52812e+01 5.50000e+01
1.54704e+01 5.50000e+01
1.56592e+01 5.50000e+01
1.58541e+01 5.50000e+01
1.60427e+01 5.50000e+01
1.62338e+01 5.50000e+01
1.64239e+01 5.50000e+01
1.66137e+01 5.50000e+01
1.68069e+01 5.50000e+01
1.69963e+01 5.50000e+01
1.71845e+01 5.50000e+01
1.73720e+01 5.50000e+01
1.75605e+01 5.50000e+01
1.77533e+01 5.50000e+01
1.79424e+01 5.50000e+01
1.81323e+01 5.50000e+01
1.83205e+01 5.50000e+01
1.85087e+01 5.50000e+01
1.86971e+01 5.50000e+01
1.88884e+01 5.50000e+01
1.90764e+01 5.50000e+01
1.92722e+01 5.50000e+01
1.94638e+01 5.50000e+01
1.96539e+01 5.50000e+01
1.98477e+01 5.50000e+01
2.00384e+01 5.50000e+01
2.02312e+01 5.50000e+01
2.04236e+01 5.50000e+01
2.06128e+01 5.50000e+01
2.08040e+01 5.50000e+01
2.09927e+01 5.50000e+01
2.11819e+01 5.50000e+01
2.13714e+01 5.50000e+01
2.15605e+01 5.50000e+01
2.17518e+01 5.50000e+01
2.19423e+01 5.50000e+01
2.21322e+01 5.50000e+01
2.23207e+01 5.50000e+01
2.25099e+01 5.50000e+01
2.26996e+01 5.50000e+01
2.29003e+01 5.50000e+01
2.31083e+01 5.50000e+01
2.32970e+01 5.50000e+01
2.34867e+01 5.50000e+01
2.36751e+01 5.50000e+01
2.38655e+01 5.50000e+01
2.40520e+01 5.50000e+01
2.42411e+01 5.50000e+01
2.44309e+01 5.50000e+01
2.46200e+01 5.50000e+01
2.48117e+01 5.50000e+01
2.50022e+01 5.50000e+01
2.51887e+01 5.50000e+01
2.53781e+01 5.50000e+01
2.55666e+01 5.50000e+01
2.57545e+01 5.50000e+01
2.59446e+01 5.50000e+01
2.61337e+01 5.50000e+01
2.63207e+01 5.50000e+01
2.65083e+01 5.50000e+01
2.66956e+01 5.50000e+01
2.68872e+01 5.50000e+01
2.70767e+01 5.50000e+01
2.72661e+01 5.50000e+01
2.74544e+01 5.50000e+01
2.76423e+01 5.50000e+01
2.78333e+01 5.50000e+01
2.80198e+01 5.50000e+01
2.82066e+01 5.50000e+01
2.83961e+01 5.50000e+01
2.85833e+01 5.50000e+01
2.87746e+01 5.50000e+01
2.89645e+01 5.50000e+01
2.91531e+01 5.50000e+01
2.93425e+01 5.50000e+01
2.95335e+01 5.50000e+01
2.97205e+01 5.50000e+01
2.99101e+01 5.50000e+01
3.00996e+01 5.50000e+01
3.02888e+01 5.50000e+01
3.04773e+01 5.50000e+01
3.06665e+01 5.50000e+01
3.08587e+01 5.50000e+01
3.10469e+01 5.50000e+01
3.12373e+01 5.50000e+01
3.14271e+01 5.50000e+01
3.16169e+01 5.50000e+01
3.18100e+01 5.50000e+01
3.19991e+01 5.50000e+01
3.21888e+01 5.50000e+01
3.23787e+01 5.50000e+01
3.25693e+01 5.50000e+01
3.27578e+01 5.50000e+01
3.29512e+01 5.50000e+01
3.31391e+01 5.50000e+01
3.33266e+01 5.50000e+01
3.35159e+01 5.50000e+01
3.37042e+01 5.50000e+01
3.38969e+01 5.50000e+01
3.40869e+01 5.50000e+01
3.42737e+01 5.50000e+01
3.44622e+01 5.50000e+01
3.46488e+01 5.50000e+01
3.48409e+01 5.50000e+01
3.50280e+01 5.50000e+01
3.52168e+01 5.50000e+01
3.54058e+01 5.50000e+01
3.55940e+01 5.50000e+01
3.57845e+01 5.50000e+01
3.59737e+01 5.50000e+01
3.61627e+01 5.50000e+01
3.63534e+01 5.50000e+01
3.65416e+01 5.50000e+01
3.67314e+01 5.50000e+01
3.69229e+01 5.50000e+01
3.71106e+01 5.50000e+01
3.72976e+01 5.50000e+01
3.74873e+01 5.50000e+01
3.76740e+01 5.50000e+01
3.78674e+01 5.50000e+01
3.80806e+01 5.50000e+01
3.82770e+01 5.50000e+01
3.84654e+01 5.50000e+01
3.86552e+01 5.50000e+01
3.88469e+01 5.50000e+01
3.90368e+01 5.50000e+01
3.92264e+01 5.50000e+01
3.94158e+01 5.50000e+01
3.96038e+01 5.50000e+01
3.97957e+01 5.50000e+01
3.99852e+01 5.50000e+01
4.01760e+01 5.50000e+01
4.03656e+01 5.50000e+01
4.05552e+01 5.50000e+01
4.07430e+01 5.50000e+01
4.09363e+01 5.50000e+01
4.11248e+01 5.50000e+01
4.13156e+01 5.50000e+01
4.15055e+01 5.50000e+01
4.16934e+01 5.50000e+01
4.18846e+01 5.50000e+01
4.20736e+01 5.50000e+01
4.22598e+01 5.50000e+01
4.24487e+01 5.50000e+01
4.26372e+01 5.50000e+01
4.28295e+01 5.50000e+01
4.30178e+01 5.50000e+01
4.32064e+01 5.50000e+01
4.33948e+01 5.50000e+01
4.35842e+01 5.50000e+01
4.37727e+01 5.50000e+01
4.39657e+01 5.50000e+01
4.41546e+01 5.50000e+01
4.43443e+01 5.50000e+01
4.45333e+01 5.50000e+01
4.47215e+01 5.50000e+01
4.49138e+01 5.50000e+01
4.51037e+01 5.50000e+01
4.52916e+01 5.50000e+01
4.54805e+01 5.50000e+01
4.56699e+01 5.50000e+01
4.58636e+01 5.50000e+01
4.60532e+01 5.50000e+01
4.62426e+01 5.50000e+01
4.64310e+01 5.50000e+01
4.66203e+01 5.50000e+01
4.68114e+01 5.50000e+01
4.70012e+01 5.50000e+01
4.71911e+01 5.50000e+01
4.73805e+01 5.50000e+01
4.75693e+01 5.50000e+01
4.77593e+01 5.50000e+01
4.79508e+01 5.50000e+01
4.81408e+01 5.50000e+01
4.83307e+01 5.50000e+01
4.85207e+01 5.50000e+01
4.87098e+01 5.50000e+01
4.89020e+01 5.50000e+01
4.90925e+01 5.50000e+01
4.92811e+01 5.50000e+01
4.94704e+01 5.50000e+01
4.96599e+01 5.50000e+01
4.98530e+01 5.50000e+01
5.00418e+01 5.50000e+01
5.02319e+01 5.50000e+01
5.04201e+01 5.50000e+01
5.06100e+01 5.50000e+01
5.08009e+01 5.50000e+01
5.09903e+01 5.50000e+01
5.11817e+01 5.50000e+01
5.13703e+01 5.50000e+01
5.15588e+01 5.50000e+01
5.17482e+01 5.50000e+01
5.19414e+01 5.50000e+01
5.21306e+01 5.50000e+01
5.23213e+01 5.50000e+01
5.25096e+01 5.50000e+01
5.26981e+01 5.50000e+01
5.28994e+01 5.50000e+01
5.31040e+01 5.50000e+01
5.32960e+01 5.50000e+01
5.34856e+01 5.50000e+01
5.36750e+01 5.50000e+01
5.38667e+01 5.50000e+01
5.40562e+01 5.50000e+01
5.42462e+01 5.50000e+01
5.44359e+01 5.50000e+01
5.46263e+01 5.50000e+01
5.48176e+01 5.50000e+01
5.50074e+01 5.50000e+01
5.51970e+01 5.50000e+01
5.53855e+01 5.50000e+01
5.55743e+01 5.50000e+01
5.57636e+01 5.50000e+01
5.59539e+01 5.50000e+01
5.61427e+01 5.50000e+01
5.63324e+01 5.50000e+01
5.65220e+01 5.50000e+01
5.67100e+01 5.50000e+01
5.69015e+01 5.50000e+01
5.70885e+01 5.50000e+01
5.72761e+01 5.50000e+01
5.74660e+01 5.50000e+01
5.76541e+01 5.50000e+01
5.78459e+01 5.50000e+01
5.80344e+01 5.50000e+01
5.82222e+01 5.50000e+01
5.84117e+01 5.50000e+01
5.86013e+01 5.50000e+01
5.87905e+01 5.50000e+01
5.89826e+01 5.50000e+01
5.91730e+01 5.50000e+01
5.93630e+01 5.50000e+01
5.95538e+01 5.50000e+01
5.97432e+01 5.50000e+01
5.99361e+01 5.50000e+01
6.01246e+01 5.50000e+01
6.03160e+01 5.50000e+01
6.05044e+01 5.50000e+01
6.06925e+01 5.50000e+01
6.08851e+01 5.50000e+01
6.10755e+01 5.50000e+01
6.12647e+01 5.50000e+01
6.14539e+01 5.50000e+01
6.16417e+01 5.50000e+01
6.18335e+01 5.50000e+01
6.20225e+01 5.50000e+01
6.22109e+01 5.50000e+01
6.23996e+01 5.50000e+01
6.25893e+01 5.50000e+01
6.27794e+01 5.50000e+01
6.29721e+01 5.50000e+01
6.31630e+01 5.50000e+01
6.33523e+01 5.50000e+01
6.35398e+01 5.50000e+01
6.37301e+01 5.50000e+01
6.39237e+01 5.50000e+01
6.41138e+01 5.50000e+01
6.43036e+01 5.50000e+01
6.44937e+01 5.50000e+01
6.46836e+01 5.50000e+01
6.48765e+01 5.50000e+01
6.50647e+01 5.50000e+01
6.52536e+01 5.50000e+01
6.54443e+01 5.50000e+01
6.56339e+01 5.50000e+01
6.58255e+01 5.50000e+01
6.60169e+01 5.50000e+01
6.62055e+01 5.50000e+01
6.63958e+01 5.50000e+01
6.65857e+01 5.50000e+01
6.67741e+01 5.50000e+01
6.69666e+01 5.50000e+01
6.71570e+01 5.50000e+01
6.73466e+01 5.50000e+01
6.75360e+01 5.50000e+01
6.77264e+01 5.50000e+01
6.79325e+01 5.50000e+01
6.81344e+01 5.50000e+01
6.83257e+01 5.50000e+01
6.85152e+01 5.50000e+01
6.87047e+01 5.50000e+01
6.88961e+01 5.50000e+01
6.90853e+01 5.50000e+01
6.92730e+01 5.50000e+01
6.94627e+01 5.50000e+01
6.96513e+01 5.50000e+01
6.98421e+01 5.50000e+01
7.00315e+01 5.50000e+01
7.02204e+01 5.50000e+01
7.04093e+01 5.50000e+01
7.06003e+01 5.50000e+01
7.07878e+01 5.50000e+01
7.09791e+01 5.50000e+01
7.11702e+01 5.50000e+01
7.13597e+01 5.50000e+01
7.15495e+01 5.50000e+01
7.17368e+01 5.50000e+01
7.19282e+01 5.50000e+01
7.21156e+01 5.50000e+01
7.23057e+01 5.50000e+01
7.24971e+01 5.50000e+01
7.26857e+01 5.50000e+01
7.28782e+01 5.50000e+01
7.30679e+01 5.50000e+01
7.32589e+01 5.50000e+01
7.34478e+01 5.50000e+01
7.36364e+01 5.50000e+01
7.38254e+01 5.50000e+01
7.40177e+01 5.50000e+01
7.42049e+01 5.50000e+01
7.43932e+01 5.50000e+01
7.45831e+01 5.50000e+01
7.47723e+01 5.50000e+01
7.49631e+01 5.50000e+01
7.51539e+01 5.50000e+01
7.53415e+01 5.50000e+01
7.55289e+01 5.50000e+01
7.57171e+01 5.50000e+01
7.59089e+01 5.50000e+01
7.60964e+01 5.50000e+01
7.62858e+01 5.50000e+01
7.64751e+01 5.50000e+01
7.66639e+01 5.50000e+01
7.68553e+01 5.50000e+01
7.70449e+01 5.50000e+01
7.72325e+01 5.50000e+01
7.74215e+01 5.50000e+01
7.76096e+01 5.50000e+01
7.77992e+01 5.50000e+01
7.79908e+01 5.50000e+01
7.81804e+01 5.50000e+01
7.83683e+01 5.50000e+01
7.85584e+01 5.50000e+01
7.87453e+01 5.50000e+01
7.89384e+01 5.50000e+01
7.91280e+01 5.50000e+01
7.93180e+01 5.50000e+01
7.95096e+01 5.50000e+01
7.96997e+01 5.50000e+01
7.98901e+01 5.50000e+01
8.00785e+01 5.50000e+01
8.02677e+01 5.50000e+01
8.04564e+01 5.50000e+01
8.06430e+01 5.50000e+01
8.08315e+01 5.50000e+01
8.10228e+01 5.50000e+01
8.12130e+01 5.50000e+01
8.14028e+01 5.50000e+01
8.15918e+01 5.50000e+01
8.17802e+01 5.50000e+01
8.19716e+01 5.50000e+01
8.21608e+01 5.50000e+01
8.23511e+01 5.50000e+01
8.25408e+01 5.50000e+01
8.27286e+01 5.50000e+01
8.29342e+01 5.50000e+01
8.31457e+01 5.50000e+01
8.33390e+01 5.50000e+01
8.35284e+01 5.50000e+01
8.37168e+01 5.50000e+01
8.39085e+01 5.50000e+01
8.40960e+01 5.50000e+01
8.42866e+01 5.50000e+01
8.44745e+01 5.50000e+01
8.46633e+01 5.50000e+01
8.48554e+01 5.50000e+01
8.50434e+01 5.50000e+01
8.52306e+01 5.50000e+01
8.54195e+01 5.50000e+01
8.56085e+01 5.50000e+01
8.57967e+01 5.50000e+01
8.59898e+01 5.50000e+01
8.61792e+01 5.50000e+01
8.63680e+01 5.50000e+01
8.65576e+01 5.50000e+01
8.67458e+01 5.50000e+01
8.69364e+01 5.50000e+01
8.71260e+01 5.50000e+01
8.73145e+01 5.50000e+01
8.75031e+01 5.50000e+01
8.76924e+01 5.50000e+01
8.78832e+01 5.50000e+01
8.80712e+01 5.50000e+01
8.82606e+01 5.50000e+01
8.84497e+01 5.50000e+01
8.86391e+01 5.50000e+01
8.88298e+01 5.50000e+01
8.90212e+01 5.50000e+01
8.92108e+01 5.50000e+01
8.93995e+01 5.50000e+01
8.95886e+01 5.50000e+01
8.97769e+01 5.50000e+01
8.99699e+01 5.50000e+01
9.01593e+01 5.50000e+01
9.03474e+01 5.50000e+01
9.05371e+01 5.50000e+01
9.07260e+01 5.50000e+01
9.09169e+01 5.50000e+01
9.11055e+01 5.50000e+01
9.12948e+01 5.50000e+01
9.14854e+01 5.50000e+01
9.16754e+01 5.50000e+01
9.18666e+01 5.50000e+01
9.20553e+01 5.50000e+01
9.22451e+01 5.50000e+01
9.24342e+01 5.50000e+01
9.26218e+01 5.50000e+01
9.28115e+01 5.50000e+01
9.30030e+01 5.50000e+01
9.31911e+01 5.50000e+01
9.33810e+01 5.50000e+01
9.35679e+01 5.50000e+01
9.37565e+01 5.50000e+01
9.39478e+01 5.50000e+01
9.41359e+01 5.50000e+01
9.43255e+01 5.50000e+01
9.45160e+01 5.50000e+01
9.47045e+01 5.50000e+01
9.48969e+01 5.50000e+01
9.50865e+01 5.50000e+01
9.52761e+01 5.50000e+01
9.54654e+01 5.50000e+01
9.56555e+01 5.50000e+01
9.58437e+01 5.50000e+01
9.60350e+01 5.50000e+01
9.62242e+01 5.50000e+01
9.64141e+01 5.50000e+01
9.66007e+01 5.50000e+01
9.67902e+01 5.50000e+01
9.69806e+01 5.50000e+01
9.71693e+01 5.50000e+01
9.73597e+01 5.50000e+01
9.75482e+01 5.50000e+01
9.77367e+01 5.50000e+01
9.79440e+01 5.50000e+01
9.81503e+01 5.50000e+01
9.83389e+01 5.50000e+01
9.85267e+01 5.50000e+01
9.87165e+01 5.50000e+01
9.89062e+01 5.50000e+01
9.90949e+01 5.50000e+01
9.92837e+01 5.50000e+01
9.94723e+01 5.50000e+01
9.96611e+01 5.50000e+01
9.98504e+01 5.50000e+01
1.00042e+02 5.50000e+01
1.00233e+02 5.50000e+01
1.00423e+02 5.50000e+01
1.00612e+02 5.50000e+01
1.00801e+02 5.50000e+01
1.00993e+02 5.50000e+01
1.01182e+02 5.50000e+01
1.01372e+02 5.50000e+01
1.01560e+02 5.50000e+01
1.01748e+02 5.50000e+01
1.01941e+02 5.50000e+01
1.02130e+02 5.50000e+01
1.02319e+02 5.50000e+01
1.02509e+02 5.50000e+01
1.02696e+02 5.50000e+01
1.02886e+02 5.50000e+01
1.03075e+02 5.50000e+01
1.03263e+02 5.50000e+01
1.03450e+02 5.50000e+01
1.03638e+02 5.50000e+01
1.03826e+02 5.50000e+01
1.04018e+02 5.50000e+01
1.04206e+02 5.50000e+01
1.04397e+02 5.50000e+01
1.04585e+02 5.50000e+01
1.04775e+02 5.50000e+01
1.04967e+02 5.50000e+01
1.05156e+02 5.50000e+01
1.05346e+02 5.50000e+01
1.05533e+02 5.50000e+01
1.05720e+02 5.50000e+01
1.05913e+02 5.50000e+01
1.06100e+02 5.50000e+01
1.06288e+02 5.50000e+01
1.06477e+02 5.50000e+01
1.06665e+02 5.50000e+01
1.06855e+02 5.50000e+01
1.07049e+02 5.50000e+01
1.07237e+02 5.50000e+01
1.07427e+02 5.50000e+01
1.07614e+02 5.50000e+01
1.07803e+02 5.50000e+01
1.07994e+02 5.50000e+01
1.08185e+02 5.50000e+01
1.08374e+02 5.50000e+01
1.08562e+02 5.50000e+01
1.08750e+02 5.50000e+01
1.08943e+02 5.50000e+01
1.09132e+02 5.50000e+01
1.09321e+02 5.50000e+01
1.09511e+02 5.50000e+01
1.09700e+02 5.50000e+01
1.09891e+02 5.50000e+01
1.10079e+02 5.50000e+01
1.10267e+02 5.50000e+01
1.10457e+02 5.50000e+01
1.10644e+02 5.50000e+01
1.10833e+02 5.50000e+01
1.11023e+02 5.50000e+01
1.11212e+02 5.50000e+01
1.11402e+02 5.50000e+01
1.11592e+02 5.50000e+01
1.11779e+02 5.50000e+01
1.11969e+02 5.50000e+01
1.12157e+02 5.50000e+01
1.12346e+02 5.50000e+01
1.12534e+02 5.50000e+01
1.12721e+02 5.50000e+01
1.12922e+02 5.50000e+01
1.13122e+02 5.50000e+01
1.13311e+02 5.50000e+01
1.13501e+02 5.50000e+01
1.13690e+02 5.50000e+01
1.13880e+02 5.50000e+01
1.14071e+02 5.50000e+01
1.14261e+02 5.50000e+01
1.14451e+02 5.50000e+01
1.14639e+02 5.50000e+01
1.14828e+02 5.50000e+01
1.15019e+02 5.50000e+01
1.15206e+02 5.50000e+01
1.15394e+02 5.50000e+01
1.15583e+02 5.50000e+01
1.15772e+02 5.50000e+01
1.15963e+02 5.50000e+01
1.16153e+02 5.50000e+01
1.16341e+02 5.50000e+01
1.16530e+02 5.50000e+01
1.16719e+02 5.50000e+01
1.16908e+02 5.50000e+01
1.17097e+02 5.50000e+01
1.17285e+02 5.50000e+01
1.17474e+02 5.50000e+01
1.17662e+02 5.50000e+01
1.17851e+02 5.50000e+01
1.18043e+02 5.50000e+01
1.18232e+02 5.50000e+01
1.18422e+02 5.50000e+01
1.18611e+02 5.50000e+01
1.18802e+02 5.50000e+01
1.18995e+02 5.50000e+01
1.19183e+02 5.50000e+01
1.19372e+02 5.50000e+01
1.19563e+02 5.50000e+01
1.19751e+02 5.50000e+01
1.19943e+02 5.50000e+01
1.20132e+02 5.50000e+01
1.20322e+02 5.50000e+01
1.20511e+02 5.50000e+01
1.20701e+02 5.50000e+01
1.20889e+02 5.50000e+01
1.21079e+02 5.50000e+01
1.21268e+02 5.50000e+01
1.21456e+02 5.50000e+01
1.21644e+02 5.50000e+01
1.21831e+02 5.50000e+01
1.22023e+02 5.50000e+01
1.22211e+02 5.50000e+01
1.22401e+02 5.50000e+01
1.22591e+02 5.50000e+01
1.22782e+02 5.50000e+01
1.22976e+02 5.50000e+01
1.23166e+02 5.50000e+01
1.23355e+02 5.50000e+01
1.23545e+02 5.50000e+01
1.23734e+02 5.50000e+01
1.23926e+02 5.50000e+01
1.24116e+02 5.50000e+01
1.24303e+02 5.50000e+01
1.24492e+02 5.50000e+01
1.24681e+02 5.50000e+01
1.24870e+02 5.50000e+01
1.25062e+02 5.50000e+01
1.25252e+02 5.50000e+01
1.25441e+02 5.50000e+01
1.25629e+02 5.50000e+01
1.25818e+02 5.50000e+01
1.26011e+02 5.50000e+01
1.26199e+02 5.50000e+01
1.26387e+02 5.50000e+01
1.26576e+02 5.50000e+01
1.26764e+02 5.50000e+01
1.26955e+02 5.50000e+01
1.27144e+02 5.50000e+01
1.27331e+02 5.50000e+01
1.27519e+02 5.50000e+01
1.27708e+02 5.50000e+01
1.27905e+02 5.50000e+01
1.28111e+02 5.50000e+01
1.28303e+02 5.50000e+01
1.28492e+02 5.50000e+01
1.28681e+02 5.50000e+01
1.28868e+02 5.50000e+01
1.29059e+02 5.50000e+01
1.29248e+02 5.50000e+01
1.29438e+02 5.50000e+01
1.29626e+02 5.50000e+01
1.29817e+02 5.50000e+01
1.30008e+02 5.50000e+01
1.30196e+02 5.50000e+01
1.30385e+02 5.50000e+01
1.30573e+02 5.50000e+01
1.30760e+02 5.50000e+01
1.30952e+02 5.50000e+01
1.31140e+02 5.50000e+01
1.31329e+02 5.50000e+01
1.31519e+02 5.50000e+01
1.31709e+02 5.50000e+01
1.31898e+02 5.50000e+01
1.32090e+02 5.50000e+01
1.32279e+02 5.50000e+01
1.32471e+02 5.50000e+01
1.32660e+02 5.50000e+01
1.32848e+02 5.50000e+01
1.33039e+02 5.50000e+01
1.33227e+02 5.50000e+01
1.33416e+02 5.50000e+01
1.33604e+02 5.50000e+01
1.33791e+02 5.50000e+01
1.33983e+02 5.50000e+01
1.34173e+02 5.50000e+01
1.34362e+02 5.50000e+01
1.34550e+02 5.50000e+01
1.34737e+02 5.50000e+01
1.34926e+02 5.50000e+01
1.35114e+02 5.50000e+01
1.35300e+02 5.50000e+01
1.35487e+02 5.50000e+01
1.35676e+02 5.50000e+01
1.35864e+02 5.50000e+01
1.36057e+02 5.50000e+01
1.36245e+02 5.50000e+01
1.36434e+02 5.50000e+01
1.36622e+02 5.50000e+01
1.36811e+02 5.50000e+01
1.37002e+02 5.50000e+01
1.37192e+02 5.50000e+01
1.37380e+02 5.50000e+01
1.37566e+02 5.50000e+01
1.37755e+02 5.50000e+01
1.37946e+02 5.50000e+01
1.38136e+02 5.50000e+01
1.38325e+02 5.50000e+01
1.38513e+02 5.50000e+01
1.38701e+02 5.50000e+01
1.38891e+02 5.50000e+01
1.39081e+02 5.50000e+01
1.39269e+02 5.50000e+01
1.39463e+02 5.50000e+01
1.39650e+02 5.50000e+01
1.39837e+02 5.50000e+01
1.40028e+02 5.50000e+01
1.40216e+02 5.50000e+01
1.40404e+02 5.50000e+01
1.40594e+02 5.50000e+01
1.40782e+02 5.50000e+01
1.40973e+02 5.50000e+01
1.41163e+02 5.50000e+01
1.41354e+02 5.50000e+01
1.41543e+02 5.50000e+01
1.41731e+02 5.50000e+01
1.41920e+02 5.50000e+01
1.42112e+02 5.50000e+01
1.42301e+02 5.50000e+01
1.42490e+02 5.50000e+01
1.42679e+02 5.50000e+01
1.42871e+02 5.50000e+01
1.43087e+02 5.50000e+01
1.43284e+02 5.50000e+01
1.43475e+02 5.50000e+01
1.43662e+02 5.50000e+01
1.43850e+02 5.50000e+01
1.44042e+02 5.50000e+01
1.44232e+02 5.50000e+01
1.44421e+02 5.50000e+01
1.44610e+02 5.50000e+01
1.44799e+02 5.50000e+01
1.44989e+02 5.50000e+01
1.45178e+02 5.50000e+01
1.45367e+02 5.50000e+01
1.45556e+02 5.50000e+01
1.45746e+02 5.50000e+01
1.45936e+02 5.50000e+01
1.46127e+02 5.50000e+01
1.46318e+02 5.50000e+01
1.46507e+02 5.50000e+01
1.46694e+02 5.50000e+01
1.46882e+02 5.50000e+01
1.47073e+02 5.50000e+01
1.47262e+02 5.50000e+01
1.47452e+02 5.50000e+01
1.47641e+02 5.50000e+01
1.47831e+02 5.50000e+01
1.48023e+02 5.50000e+01
1.48211e+02 5.50000e+01
1.48400e+02 5.50000e+01
1.48589e+02 5.50000e+01
1.48778e+02 5.50000e+01
1.48970e+02 5.50000e+01
1.49159e+02 5.50000e+01
1.49349e+02 5.50000e+01
1.49539e+02 5.50000e+01
1.49728e+02 5.50000e+01
1.49917e+02 5.50000e+01
1.50109e+02 5.50000e+01
1.50298e+02 5.50000e+01
1.50488e+02 5.50000e+01
1.50677e+02 5.50000e+01
1.50867e+02 5.50000e+01
1.51058e+02 5.50000e+01
1.51246e+02 5.50000e+01
1.51436e+02 5.50000e+01
1.51624e+02 5.50000e+01
1.51812e+02 5.50000e+01
1.52004e+02 5.50000e+01
1.52192e+02 5.50000e+01
1.52381e+02 5.50000e+01
1.52571e+02 5.50000e+01
1.52759e+02 5.50000e+01
1.52950e+02 5.50000e+01
1.53141e+02 5.50000e+01
1.53329e+02 5.50000e+01
1.53517e+02 5.50000e+01
1.53705e+02 5.50000e+01
1.53893e+02 5.50000e+01
1.54085e+02 5.50000e+01
1.54274e+02 5.50000e+01
1.54463e+02 5.50000e+01
1.54650e+02 5.50000e+01
1.54838e+02 5.50000e+01
1.55030e+02 5.50000e+01
1.55221e+02 5.50000e+01
1.55409e+02 5.50000e+01
1.55599e+02 5.50000e+01
1.55787e+02 5.50000e+01
1.55981e+02 5.50000e+01
1.56170e+02 5.50000e+01
1.56358e+02 5.50000e+01
1.56547e+02 5.50000e+01
1.56736e+02 5.50000e+01
1.56925e+02 5.50000e+01
1.57118e+02 5.50000e+01
1.57306e+02 5.50000e+01
1.57495e+02 5.50000e+01
1.57684e+02 5.50000e+01
1.57875e+02 5.50000e+01
1.58083e+02 5.50000e+01
1.58273e+02 5.50000e+01
1.58463e+02 5.50000e+01
1.58651e+02 5.50000e+01
1.58840e+02 5.50000e+01
1.59032e+02 5.50000e+01
1.59220e+02 5.50000e+01
1.59410e+02 5.50000e+01
1.59601e+02 5.50000e+01
1.59791e+02 5.50000e+01
1.59983e+02 5.50000e+01
1.60173e+02 5.50000e+01
1.60362e+02 5.50000e+01
1.60552e+02 5.50000e+01
1.60741e+02 5.50000e+01
1.60928e+02 5.50000e+01
1.61120e+02 5.50000e+01
1.61310e+02 5.50000e+01
1.61497e+02 5.50000e+01
1.61686e+02 5.50000e+01
1.61873e+02 5.50000e+01
1.62065e+02 5.50000e+01
1.62254e+02 5.50000e+01
1.62444e+02 5.50000e+01
1.62632e+02 5.50000e+01
1.62821e+02 5.50000e+01
1.63012e+02 5.50000e+01
1.63201e+02 5.50000e+01
1.63389e+02 5.50000e+01
1.63579e+02 5.50000e+01
1.63767e+02 5.50000e+01
1.63956e+02 5.50000e+01
1.64147e+02 5.50000e+01
1.64336e+02 5.50000e+01
1.64525e+02 5.50000e+01
1.64713e+02 5.50000e+01
1.64901e+02 5.50000e+01
1.65096e+02 5.50000e+01
1.65285e+02 5.50000e+01
1.65474e+02 5.50000e+01
1.65663e+02 5.50000e+01
1.65852e+02 5.50000e+01
1.66045e+02 5.50000e+01
1.66235e+02 5.50000e+01
1.66423e+02 5.50000e+01
1.66613e+02 5.50000e+01
1.66803e+02 5.50000e+01
1.66994e+02 5.50000e+01
1.67184e+02 5.50000e+01
1.67372e+02 5.50000e+01
1.67561e+02 5.50000e+01
1.67750e+02 5.50000e+01
1.67939e+02 5.50000e+01
1.68133e+02 5.50000e+01
1.68322e+02 5.50000e+01
1.68513e+02 5.50000e+01
1.68702e+02 5.50000e+01
1.68892e+02 5.50000e+01
1.69085e+02 5.50000e+01
1.69274e+02 5.50000e+01
1.69462e+02 5.50000e+01
1.69652e+02 5.50000e+01
1.69841e+02 5.50000e+01
1.70033e+02 5.50000e+01
1.70223e+02 5.50000e+01
1.70412e+02 5.50000e+01
1.70602e+02 5.50000e+01
1.70792e+02 5.50000e+01
1.70983e+02 5.50000e+01
1.71172e+02 5.50000e+01
1.71361e+02 5.50000e+01
1.71550e+02 5.50000e+01
1.71738e+02 5.50000e+01
1.71926e+02 5.50000e+01
1.72117e+02 5.50000e+01
1.72304e+02 5.50000e+01
1.72493e+02 5.50000e+01
1.72681e+02 5.50000e+01
1.72873e+02 5.50000e+01
1.73083e+02 5.50000e+01
1.73276e+02 5.50000e+01
1.73467e+02 5.50000e+01
1.73657e+02 5.50000e+01
1.73847e+02 5.50000e+01
1.74037e+02 5.50000e+01
1.74226e+02 5.50000e+01
1.74416e+02 5.50000e+01
1.74606e+02 5.50000e+01
1.74794e+02 5.50000e+01
1.74987e+02 5.50000e+01
1.75179e+02 5.50000e+01
1.75370e+02 5.50000e+01
1.75559e+02 5.50000e+01
1.75748e+02 5.50000e+01
1.75936e+02 5.50000e+01
1.76127e+02 5.50000e+01
1.76315e+02 5.50000e+01
1.76504e+02 5.50000e+01
1.76692e+02 5.50000e+01
1.76879e+02 5.50000e+01
1.77068e+02 5.50000e+01
1.77258e+02 5.50000e+01
1.77454e+02 5.50000e+01
1.77650e+02 5.50000e+01
1.77839e+02 5.50000e+01
1.78032e+02 5.50000e+01
1.78222e+02 5.50000e+01
1.78411e+02 5.50000e+01
1.78600e+02 5.50000e+01
1.78790e+02 5.50000e+01
1.78979e+02 5.50000e+01
1.79173e+02 5.50000e+01
1.79364e+02 5.50000e+01
1.79554e+02 5.50000e+01
1.79744e+02 5.50000e+01
1.79934e+02 5.50000e+01
1.80127e+02 5.50000e+01
1.80317e+02 5.50000e+01
1.80505e+02 5.50000e+01
1.80694e+02 5.50000e+01
1.80882e+02 5.50000e+01
1.81073e+02 5.50000e+01
1.81262e+02 5.50000e+01
1.81450e+02 5.50000e+01
1.81640e+02 5.50000e+01
1.81829e+02 5.50000e+01
1.82020e+02 5.50000e+01
1.82209e+02 5.50000e+01
1.82398e+02 5.50000e+01
1.82588e+02 5.50000e+01
1.82778e+02 5.50000e+01
1.82964e+02 5.50000e+01
1.83155e+02 5.50000e+01
1.83343e+02 5.50000e+01
1.83530e+02 5.50000e+01
1.83718e+02 5.50000e+01
1.83906e+02 5.50000e+01
1.84097e+02 5.50000e+01
1.84285e+02 5.50000e+01
1.84476e+02 5.50000e+01
1.84664e+02 5.50000e+01
1.84852e+02 5.50000e+01
1.85042e+02 5.50000e+01
1.85229e+02 5.50000e+01
1.85417e+02 5.50000e+01
1.85606e+02 5.50000e+01
1.85795e+02 5.50000e+01
1.85983e+02 5.50000e+01
1.86176e+02 5.50000e+01
1.86365e+02 5.50000e+01
1.86554e+02 5.50000e+01
1.86744e+02 5.50000e+01
1.86933e+02 5.50000e+01
1.87125e+02 5.50000e+01
1.87314e+02 5.50000e+01
1.87501e+02 5.50000e+01
1.87688e+02 5.50000e+01
1.87882e+02 5.50000e+01
1.88096e+02 5.50000e+01
1.88294e+02 5.50000e+01
1.88483e+02 5.50000e+01
1.88673e+02 5.50000e+01
1.88863e+02 5.50000e+01
1.89053e+02 5.50000e+01
1.89241e+02 5.50000e+01
1.89430e+02 5.50000e+01
1.89618e+02 5.50000e+01
1.89806e+02 5.50000e+01
