2.02480e-02 7.27000e+02
2.12654e-01 4.59000e+02
4.04401e-01 4.34000e+02
5.95635e-01 3.46000e+02
7.86536e-01 3.68000e+02
9.76662e-01 3.24000e+02
1.17018e+00 2.81000e+02
1.35976e+00 2.59000e+02
1.54993e+00 2.74000e+02
1.73824e+00 3.29000e+02
1.92878e+00 2.76000e+02
2.12293e+00 2.33000e+02
2.31333e+00 2.14000e+02
2.50216e+00 1.70000e+02
2.69104e+00 1.85000e+02
2.87846e+00 1.72000e+02
3.07152e+00 2.01000e+02
3.26042e+00 1.38000e+02
3.44968e+00 1.62000e+02
3.63854e+00 1.89000e+02
3.82894e+00 1.95000e+02
4.02019e+00 1.90000e+02
4.20979e+00 2.04000e+02
4.39819e+00 2.14000e+02
4.58682e+00 1.86000e+02
4.77560e+00 2.37000e+02
4.96421e+00 2.62000e+02
5.15745e+00 2.61000e+02
5.34867e+00 2.52000e+02
5.53995e+00 2.27000e+02
5.72971e+00 2.91000e+02
5.91905e+00 2.74000e+02
6.12455e+00 2.42000e+02
6.32541e+00 2.85000e+02
6.51683e+00 2.65000e+02
6.70711e+00 2.98000e+02
6.89732e+00 3.31000e+02
7.09039e+00 3.44000e+02
7.28100e+00 3.54000e+02
7.47209e+00 3.58000e+02
7.66257e+00 2.78000e+02
7.85335e+00 2.43000e+02
8.04440e+00 2.13000e+02
8.23442e+00 2.42000e+02
8.42347e+00 2.40000e+02
8.61330e+00 1.96000e+02
8.80199e+00 1.94000e+02
8.99142e+00 1.93000e+02
9.18415e+00 2.30000e+02
9.37378e+00 2.42000e+02
9.56308e+00 2.38000e+02
9.75339e+00 2.30000e+02
9.94353e+00 2.87000e+02
1.01375e+01 2.95000e+02
1.03260e+01 3.12000e+02
1.05164e+01 3.05000e+02
1.07076e+01 2.79000e+02
1.08974e+01 3.22000e+02
1.10891e+01 2.92000e+02
1.12808e+01 3.44000e+02
1.14703e+01 3.34000e+02
1.16623e+01 3.36000e+02
1.18539e+01 3.59000e+02
1.20483e+01 3.21000e+02
1.22387e+01 3.79000e+02
1.24299e+01 4.23000e+02
1.26194e+01 3.36000e+02
1.28095e+01 3.08000e+02
1.29996e+01 2.56000e+02
1.31924e+01 2.89000e+02
1.33830e+01 2.70000e+02
1.35751e+01 2.67000e+02
1.37654e+01 2.36000e+02
1.39572e+01 2.21000e+02
1.41514e+01 2.15000e+02
1.43408e+01 2.27000e+02
1.45295e+01 2.77000e+02
1.47206e+01 1.86000e+02
1.49094e+01 2.41000e+02
1.51029e+01 3.34000e+02
1.52929e+01 3.29000e+02
1.54822e+01 3.10000e+02
1.56705e+01 3.25000e+02
1.58602e+01 3.42000e+02
1.60525e+01 3.71000e+02
1.62429e+01 3.45000e+02
1.64331e+01 3.26000e+02
1.66236e+01 3.49000e+02
1.68123e+01 3.32000e+02
1.70027e+01 2.36000e+02
1.71943e+01 2.11000e+02
1.73855e+01 2.21000e+02
1.75749e+01 2.44000e+02
1.77630e+01 1.94000e+02
1.79502e+01 1.68000e+02
1.81430e+01 1.69000e+02
1.83322e+01 1.94000e+02
1.85228e+01 2.03000e+02
1.87129e+01 2.29000e+02
1.89025e+01 1.54000e+02
1.90952e+01 1.69000e+02
1.92861e+01 1.36000e+02
1.94747e+01 1.18000e+02
1.96635e+01 1.21000e+02
1.98527e+01 1.42000e+02
2.00453e+01 1.56000e+02
2.02333e+01 1.27000e+02
2.04246e+01 1.15000e+02
2.06134e+01 1.05000e+02
2.08024e+01 1.44000e+02
2.09923e+01 1.61000e+02
2.12052e+01 1.34000e+02
2.14067e+01 1.59000e+02
2.15975e+01 1.57000e+02
2.17861e+01 1.52000e+02
2.19776e+01 1.49000e+02
2.21710e+01 1.52000e+02
2.23608e+01 1.50000e+02
2.25494e+01 1.46000e+02
2.27400e+01 1.72000e+02
2.29300e+01 1.58000e+02
2.31237e+01 1.57000e+02
2.33130e+01 1.70000e+02
2.35031e+01 1.63000e+02
2.36930e+01 1.82000e+02
2.38828e+01 1.61000e+02
2.40746e+01 1.48000e+02
2.42648e+01 1.42000e+02
2.44539e+01 1.44000e+02
2.46429e+01 1.50000e+02
2.48305e+01 1.29000e+02
2.50209e+01 1.10000e+02
2.52121e+01 1.02000e+02
2.54003e+01 1.02000e+02
2.55951e+01 1.02000e+02
2.57850e+01 1.02000e+02
2.59745e+01 1.02000e+02
2.61686e+01 1.04000e+02
2.63571e+01 1.21000e+02
2.65460e+01 1.04000e+02
2.67351e+01 9.50000e+01
2.69246e+01 9.00000e+01
2.71166e+01 9.00000e+01
2.73076e+01 9.00000e+01
2.74968e+01 9.00000e+01
2.76860e+01 9.00000e+01
2.78755e+01 9.00000e+01
2.80673e+01 9.00000e+01
2.82555e+01 9.00000e+01
2.84447e+01 9.00000e+01
2.86308e+01 9.00000e+01
2.88205e+01 9.00000e+01
2.90094e+01 9.00000e+01
2.92010e+01 9.00000e+01
2.93896e+01 9.00000e+01
2.95797e+01 9.00000e+01
2.97679e+01 9.00000e+01
2.99564e+01 9.00000e+01
3.01480e+01 9.00000e+01
3.03367e+01 9.00000e+01
3.05258e+01 9.00000e+01
3.07151e+01 9.00000e+01
3.09032e+01 9.00000e+01
3.10957e+01 9.00000e+01
3.12854e+01 9.00000e+01
3.14748e+01 9.00000e+01
3.16621e+01 9.00000e+01
3.18517e+01 9.00000e+01
3.20412e+01 9.00000e+01
3.22308e+01 9.00000e+01
3.24207e+01 9.00000e+01
3.26119e+01 9.00000e+01
3.28001e+01 9.00000e+01
3.29896e+01 9.00000e+01
3.31834e+01 9.00000e+01
3.33737e+01 9.00000e+01
3.35636e+01 9.00000e+01
3.37517e+01 9.00000e+01
3.39394e+01 9.00000e+01
3.41326e+01 9.00000e+01
3.43214e+01 9.00000e+01
3.45114e+01 9.00000e+01
3.47016e+01 9.00000e+01
3.48912e+01 9.00000e+01
3.50834e+01 9.00000e+01
3.52750e+01 9.00000e+01
3.54642e+01 9.00000e+01
3.56532e+01 9.00000e+01
3.58420e+01 9.00000e+01
3.60314e+01 9.00000e+01
3.62456e+01 9.00000e+01
3.64498e+01 9.00000e+01
3.66391e+01 9.00000e+01
3.68279e+01 9.00000e+01
3.70180e+01 9.00000e+01
3.72113e+01 9.00000e+01
3.74015e+01 9.00000e+01
3.75922e+01 9.00000e+01
3.77801e+01 9.00000e+01
3.79712e+01 9.00000e+01
3.81643e+01 9.00000e+01
3.83545e+01 9.00000e+01
3.85449e+01 9.00000e+01
3.87345e+01 9.00000e+01
3.89240e+01 9.00000e+01
3.91198e+01 9.00000e+01
3.93106e+01 9.00000e+01
3.95020e+01 9.00000e+01
3.96933e+01 9.00000e+01
3.98842e+01 9.00000e+01
4.00768e+01 9.00000e+01
4.02675e+01 9.00000e+01
4.04578e+01 9.00000e+01
4.06488e+01 9.00000e+01
4.08378e+01 9.00000e+01
4.10273e+01 9.00000e+01
4.12219e+01 9.00000e+01
4.14150e+01 9.00000e+01
4.16075e+01 9.00000e+01
4.17968e+01 9.00000e+01
4.19853e+01 9.00000e+01
4.21797e+01 9.00000e+01
4.23689e+01 9.00000e+01
4.25588e+01 9.00000e+01
4.27486e+01 9.00000e+01
4.29371e+01 9.00000e+01
4.31296e+01 9.00000e+01
4.33209e+01 9.00000e+01
4.35110e+01 9.00000e+01
4.37005e+01 9.00000e+01
4.38900e+01 9.00000e+01
4.40841e+01 9.00000e+01
4.42746e+01 9.00000e+01
4.44653e+01 9.00000e+01
4.46538e+01 9.00000e+01
4.48426e+01 9.00000e+01
4.50321e+01 9.00000e+01
4.52251e+01 9.00000e+01
4.54131e+01 9.00000e+01
4.56042e+01 9.00000e+01
4.57937e+01 9.00000e+01
4.59834e+01 9.00000e+01
4.61770e+01 9.00000e+01
4.63672e+01 9.00000e+01
4.65570e+01 9.00000e+01
4.67485e+01 9.00000e+01
4.69369e+01 9.00000e+01
4.71299e+01 9.00000e+01
4.73194e+01 9.00000e+01
4.75098e+01 9.00000e+01
4.77000e+01 9.00000e+01
4.78901e+01 9.00000e+01
4.80841e+01 9.00000e+01
4.82751e+01 9.00000e+01
4.84670e+01 9.00000e+01
4.86587e+01 9.00000e+01
4.88500e+01 9.00000e+01
4.90416e+01 9.00000e+01
4.92346e+01 9.00000e+01
4.94254e+01 9.00000e+01
4.96176e+01 9.00000e+01
4.98098e+01 9.00000e+01
4.99995e+01 9.00000e+01
5.01932e+01 9.00000e+01
5.03852e+01 9.00000e+01
5.05758e+01 9.00000e+01
5.07668e+01 9.00000e+01
5.09574e+01 9.00000e+01
5.11668e+01 9.00000e+01
5.13756e+01 9.00000e+01
5.15644e+01 9.00000e+01
5.17540e+01 9.00000e+01
5.19413e+01 9.00000e+01
5.21326e+01 9.00000e+01
5.23207e+01 9.00000e+01
5.25109e+01 9.00000e+01
5.26998e+01 9.00000e+01
5.28894e+01 9.00000e+01
5.30813e+01 9.00000e+01
5.32715e+01 9.00000e+01
5.34599e+01 9.00000e+01
5.36514e+01 9.00000e+01
5.38404e+01 9.00000e+01
5.40292e+01 9.00000e+01
5.42218e+01 9.00000e+01
5.44113e+01 9.00000e+01
5.45997e+01 9.00000e+01
5.47902e+01 9.00000e+01
5.49779e+01 9.00000e+01
5.51700e+01 9.00000e+01
5.53609e+01 9.00000e+01
5.55494e+01 9.00000e+01
5.57399e+01 9.00000e+01
5.59286e+01 9.00000e+01
5.61208e+01 9.00000e+01
5.63098e+01 9.00000e+01
5.64990e+01 9.00000e+01
5.66879e+01 9.00000e+01
5.68761e+01 9.00000e+01
5.70648e+01 9.00000e+01
5.72569e+01 9.00000e+01
5.74463e+01 9.00000e+01
5.76360e+01 9.00000e+01
5.78239e+01 9.00000e+01
5.80118e+01 9.00000e+01
5.82052e+01 9.00000e+01
5.83935e+01 9.00000e+01
5.85817e+01 9.00000e+01
5.87702e+01 9.00000e+01
5.89601e+01 9.00000e+01
5.91519e+01 9.00000e+01
5.93433e+01 9.00000e+01
5.95342e+01 9.00000e+01
5.97242e+01 9.00000e+01
5.99157e+01 9.00000e+01
6.01103e+01 9.00000e+01
6.03008e+01 9.00000e+01
6.04917e+01 9.00000e+01
6.06800e+01 9.00000e+01
6.08698e+01 9.00000e+01
6.10593e+01 9.00000e+01
6.12504e+01 9.00000e+01
6.14389e+01 9.00000e+01
6.16289e+01 9.00000e+01
6.18185e+01 9.00000e+01
6.20077e+01 9.00000e+01
6.22014e+01 9.00000e+01
6.23916e+01 9.00000e+01
6.25813e+01 9.00000e+01
6.27717e+01 9.00000e+01
6.29603e+01 9.00000e+01
6.31548e+01 9.00000e+01
6.33441e+01 9.00000e+01
6.35336e+01 9.00000e+01
6.37222e+01 9.00000e+01
6.39132e+01 9.00000e+01
6.41059e+01 9.00000e+01
6.42954e+01 9.00000e+01
6.44849e+01 9.00000e+01
6.46750e+01 9.00000e+01
6.48634e+01 9.00000e+01
6.50539e+01 9.00000e+01
6.52474e+01 9.00000e+01
6.54369e+01 9.00000e+01
6.56266e+01 9.00000e+01
6.58157e+01 9.00000e+01
6.60050e+01 9.00000e+01
6.62201e+01 9.00000e+01
6.64234e+01 9.00000e+01
6.66146e+01 9.00000e+01
6.68036e+01 9.00000e+01
6.69932e+01 9.00000e+01
6.71869e+01 9.00000e+01
6.73776e+01 9.00000e+01
6.75671e+01 9.00000e+01
6.77578e+01 9.00000e+01
6.79489e+01 9.00000e+01
6.81440e+01 9.00000e+01
6.83342e+01 9.00000e+01
6.85257e+01 9.00000e+01
6.87157e+01 9.00000e+01
6.89054e+01 9.00000e+01
6.90980e+01 9.00000e+01
6.92893e+01 9.00000e+01
6.94794e+01 9.00000e+01
6.96707e+01 9.00000e+01
6.98598e+01 9.00000e+01
7.00496e+01 9.00000e+01
7.02437e+01 9.00000e+01
7.04330e+01 9.00000e+01
7.06239e+01 9.00000e+01
7.08151e+01 9.00000e+01
7.10051e+01 9.00000e+01
7.11988e+01 9.00000e+01
7.13898e+01 9.00000e+01
7.15799e+01 9.00000e+01
7.17707e+01 9.00000e+01
7.19616e+01 9.00000e+01
7.21543e+01 9.00000e+01
7.23446e+01 9.00000e+01
7.25365e+01 9.00000e+01
7.27287e+01 9.00000e+01
7.29174e+01 9.00000e+01
7.31120e+01 9.00000e+01
7.33032e+01 9.00000e+01
7.34935e+01 9.00000e+01
7.36850e+01 9.00000e+01
7.38756e+01 9.00000e+01
7.40659e+01 9.00000e+01
7.42601e+01 9.00000e+01
7.44496e+01 9.00000e+01
7.46395e+01 9.00000e+01
7.48277e+01 9.00000e+01
7.50177e+01 9.00000e+01
7.52087e+01 9.00000e+01
7.53993e+01 9.00000e+01
7.55901e+01 9.00000e+01
7.57811e+01 9.00000e+01
7.59699e+01 9.00000e+01
7.61636e+01 9.00000e+01
7.63536e+01 9.00000e+01
7.65453e+01 9.00000e+01
7.67352e+01 9.00000e+01
7.69260e+01 9.00000e+01
7.71168e+01 9.00000e+01
7.73067e+01 9.00000e+01
7.74946e+01 9.00000e+01
7.76863e+01 9.00000e+01
7.78743e+01 9.00000e+01
7.80639e+01 9.00000e+01
7.82562e+01 9.00000e+01
7.84458e+01 9.00000e+01
7.86333e+01 9.00000e+01
7.88225e+01 9.00000e+01
7.90097e+01 9.00000e+01
7.92014e+01 9.00000e+01
7.93920e+01 9.00000e+01
7.95819e+01 9.00000e+01
7.97705e+01 9.00000e+01
7.99616e+01 9.00000e+01
8.01552e+01 9.00000e+01
8.03461e+01 9.00000e+01
8.05370e+01 9.00000e+01
8.07269e+01 9.00000e+01
8.09175e+01 9.00000e+01
8.11215e+01 9.00000e+01
8.13288e+01 9.00000e+01
8.15184e+01 9.00000e+01
8.17077e+01 9.00000e+01
8.18986e+01 9.00000e+01
8.20871e+01 9.00000e+01
8.22814e+01 9.00000e+01
8.24710e+01 9.00000e+01
8.26619e+01 9.00000e+01
8.28533e+01 9.00000e+01
8.30424e+01 9.00000e+01
8.32357e+01 9.00000e+01
8.34264e+01 9.00000e+01
8.36148e+01 9.00000e+01
8.38072e+01 9.00000e+01
8.39959e+01 9.00000e+01
8.41881e+01 9.00000e+01
8.43774e+01 9.00000e+01
8.45674e+01 9.00000e+01
8.47574e+01 9.00000e+01
8.49466e+01 9.00000e+01
8.51404e+01 9.00000e+01
8.53317e+01 9.00000e+01
8.55221e+01 9.00000e+01
8.57146e+01 9.00000e+01
8.59048e+01 9.00000e+01
8.60944e+01 9.00000e+01
8.62897e+01 9.00000e+01
8.64802e+01 9.00000e+01
8.66699e+01 9.00000e+01
8.68607e+01 9.00000e+01
8.70521e+01 9.00000e+01
8.72462e+01 9.00000e+01
8.74365e+01 9.00000e+01
8.76258e+01 9.00000e+01
8.78168e+01 9.00000e+01
8.80070e+01 9.00000e+01
8.81989e+01 9.00000e+01
8.83899e+01 9.00000e+01
8.85803e+01 9.00000e+01
8.87706e+01 9.00000e+01
8.89597e+01 9.00000e+01
8.91524e+01 9.00000e+01
8.93403e+01 9.00000e+01
8.95305e+01 9.00000e+01
8.97208e+01 9.00000e+01
8.99100e+01 9.00000e+01
9.00992e+01 9.00000e+01
9.02931e+01 9.00000e+01
9.04825e+01 9.00000e+01
9.06728e+01 9.00000e+01
9.08624e+01 9.00000e+01
9.10527e+01 9.00000e+01
9.12455e+01 9.00000e+01
9.14366e+01 9.00000e+01
9.16274e+01 9.00000e+01
9.18181e+01 9.00000e+01
9.20081e+01 9.00000e+01
9.22007e+01 9.00000e+01
9.23900e+01 9.00000e+01
9.25805e+01 9.00000e+01
9.27696e+01 9.00000e+01
9.29590e+01 9.00000e+01
9.31497e+01 9.00000e+01
9.33387e+01 9.00000e+01
9.35261e+01 9.00000e+01
9.37156e+01 9.00000e+01
9.39039e+01 9.00000e+01
9.40930e+01 9.00000e+01
9.42865e+01 9.00000e+01
9.44779e+01 9.00000e+01
9.46680e+01 9.00000e+01
9.48592e+01 9.00000e+01
9.50481e+01 9.00000e+01
9.52409e+01 9.00000e+01
9.54313e+01 9.00000e+01
9.56218e+01 9.00000e+01
9.58115e+01 9.00000e+01
9.60021e+01 9.00000e+01
9.62118e+01 9.00000e+01
9.64150e+01 9.00000e+01
9.66057e+01 9.00000e+01
9.67960e+01 9.00000e+01
9.69844e+01 9.00000e+01
9.71763e+01 9.00000e+01
9.73648e+01 9.00000e+01
9.75538e+01 9.00000e+01
9.77433e+01 9.00000e+01
9.79318e+01 9.00000e+01
9.81191e+01 9.00000e+01
9.83108e+01 9.00000e+01
9.84980e+01 9.00000e+01
9.86859e+01 9.00000e+01
9.88748e+01 9.00000e+01
9.90641e+01 9.00000e+01
9.92564e+01 9.00000e+01
9.94459e+01 9.00000e+01
9.96355e+01 9.00000e+01
9.98248e+01 9.00000e+01
1.00014e+02 9.00000e+01
1.00206e+02 9.00000e+01
1.00394e+02 9.00000e+01
1.00588e+02 9.00000e+01
1.00778e+02 9.00000e+01
1.00967e+02 9.00000e+01
1.01160e+02 9.00000e+01
1.01351e+02 9.00000e+01
1.01539e+02 9.00000e+01
1.01731e+02 9.00000e+01
1.01919e+02 9.00000e+01
1.02108e+02 9.00000e+01
1.02301e+02 9.00000e+01
1.02489e+02 9.00000e+01
1.02677e+02 9.00000e+01
1.02865e+02 9.00000e+01
1.03054e+02 9.00000e+01
1.03246e+02 9.00000e+01
1.03436e+02 9.00000e+01
1.03624e+02 9.00000e+01
1.03812e+02 9.00000e+01
1.04002e+02 9.00000e+01
1.04193e+02 9.00000e+01
1.04382e+02 9.00000e+01
1.04569e+02 9.00000e+01
1.04758e+02 9.00000e+01
1.04946e+02 9.00000e+01
1.05136e+02 9.00000e+01
1.05328e+02 9.00000e+01
1.05518e+02 9.00000e+01
1.05707e+02 9.00000e+01
1.05897e+02 9.00000e+01
1.06085e+02 9.00000e+01
1.06278e+02 9.00000e+01
1.06464e+02 9.00000e+01
1.06654e+02 9.00000e+01
1.06843e+02 9.00000e+01
1.07031e+02 9.00000e+01
1.07223e+02 9.00000e+01
1.07413e+02 9.00000e+01
1.07606e+02 9.00000e+01
1.07797e+02 9.00000e+01
1.07988e+02 9.00000e+01
1.08180e+02 9.00000e+01
1.08370e+02 9.00000e+01
1.08561e+02 9.00000e+01
1.08750e+02 9.00000e+01
1.08939e+02 9.00000e+01
1.09128e+02 9.00000e+01
1.09322e+02 9.00000e+01
1.09512e+02 9.00000e+01
1.09704e+02 9.00000e+01
1.09895e+02 9.00000e+01
1.10085e+02 9.00000e+01
1.10278e+02 9.00000e+01
1.10468e+02 9.00000e+01
1.10659e+02 9.00000e+01
1.10851e+02 9.00000e+01
1.11041e+02 9.00000e+01
1.11262e+02 9.00000e+01
1.11465e+02 9.00000e+01
1.11654e+02 9.00000e+01
1.11844e+02 9.00000e+01
1.12033e+02 9.00000e+01
1.12227e+02 9.00000e+01
1.12416e+02 9.00000e+01
1.12606e+02 9.00000e+01
1.12794e+02 9.00000e+01
1.12984e+02 9.00000e+01
1.13176e+02 9.00000e+01
1.13364e+02 9.00000e+01
1.13553e+02 9.00000e+01
1.13740e+02 9.00000e+01
1.13929e+02 9.00000e+01
1.14116e+02 9.00000e+01
1.14309e+02 9.00000e+01
1.14498e+02 9.00000e+01
1.14687e+02 9.00000e+01
1.14876e+02 9.00000e+01
1.15065e+02 9.00000e+01
1.15256e+02 9.00000e+01
1.15447e+02 9.00000e+01
1.15637e+02 9.00000e+01
1.15827e+02 9.00000e+01
1.16017e+02 9.00000e+01
1.16208e+02 9.00000e+01
1.16396e+02 9.00000e+01
1.16586e+02 9.00000e+01
1.16775e+02 9.00000e+01
1.16966e+02 9.00000e+01
1.17157e+02 9.00000e+01
1.17350e+02 9.00000e+01
1.17539e+02 9.00000e+01
1.17731e+02 9.00000e+01
1.17919e+02 9.00000e+01
1.18108e+02 9.00000e+01
1.18301e+02 9.00000e+01
1.18490e+02 9.00000e+01
1.18678e+02 9.00000e+01
1.18868e+02 9.00000e+01
1.19056e+02 9.00000e+01
1.19248e+02 9.00000e+01
1.19439e+02 9.00000e+01
1.19629e+02 9.00000e+01
1.19820e+02 9.00000e+01
1.20011e+02 9.00000e+01
1.20204e+02 9.00000e+01
1.20395e+02 9.00000e+01
1.20586e+02 9.00000e+01
1.20775e+02 9.00000e+01
1.20963e+02 9.00000e+01
1.21153e+02 9.00000e+01
1.21345e+02 9.00000e+01
1.21534e+02 9.00000e+01
1.21724e+02 9.00000e+01
1.21913e+02 9.00000e+01
1.22102e+02 9.00000e+01
1.22297e+02 9.00000e+01
1.22486e+02 9.00000e+01
1.22675e+02 9.00000e+01
1.22862e+02 9.00000e+01
1.23052e+02 9.00000e+01
1.23243e+02 9.00000e+01
1.23434e+02 9.00000e+01
1.23623e+02 9.00000e+01
1.23813e+02 9.00000e+01
1.24003e+02 9.00000e+01
1.24194e+02 9.00000e+01
1.24386e+02 9.00000e+01
1.24576e+02 9.00000e+01
1.24762e+02 9.00000e+01
1.24951e+02 9.00000e+01
1.25138e+02 9.00000e+01
1.25331e+02 9.00000e+01
1.25521e+02 9.00000e+01
1.25711e+02 9.00000e+01
1.25901e+02 9.00000e+01
1.26099e+02 9.00000e+01
1.26309e+02 9.00000e+01
1.26501e+02 9.00000e+01
1.26690e+02 9.00000e+01
1.26881e+02 9.00000e+01
1.27069e+02 9.00000e+01
1.27260e+02 9.00000e+01
1.27449e+02 9.00000e+01
1.27638e+02 9.00000e+01
1.27826e+02 9.00000e+01
1.28014e+02 9.00000e+01
1.28205e+02 9.00000e+01
1.28394e+02 9.00000e+01
1.28584e+02 9.00000e+01
1.28774e+02 9.00000e+01
1.28962e+02 9.00000e+01
1.29152e+02 9.00000e+01
1.29344e+02 9.00000e+01
1.29533e+02 9.00000e+01
1.29721e+02 9.00000e+01
1.29909e+02 9.00000e+01
1.30095e+02 9.00000e+01
1.30287e+02 9.00000e+01
1.30475e+02 9.00000e+01
1.30665e+02 9.00000e+01
1.30855e+02 9.00000e+01
1.31046e+02 9.00000e+01
1.31237e+02 9.00000e+01
1.31428e+02 9.00000e+01
1.31616e+02 9.00000e+01
1.31805e+02 9.00000e+01
1.31995e+02 9.00000e+01
1.32187e+02 9.00000e+01
1.32377e+02 9.00000e+01
1.32569e+02 9.00000e+01
1.32758e+02 9.00000e+01
1.32947e+02 9.00000e+01
1.33135e+02 9.00000e+01
1.33330e+02 9.00000e+01
1.33519e+02 9.00000e+01
1.33707e+02 9.00000e+01
1.33895e+02 9.00000e+01
1.34083e+02 9.00000e+01
1.34273e+02 9.00000e+01
1.34462e+02 9.00000e+01
1.34649e+02 9.00000e+01
1.34838e+02 9.00000e+01
1.35027e+02 9.00000e+01
1.35217e+02 9.00000e+01
1.35408e+02 9.00000e+01
1.35597e+02 9.00000e+01
1.35787e+02 9.00000e+01
1.35978e+02 9.00000e+01
1.36167e+02 9.00000e+01
1.36360e+02 9.00000e+01
1.36550e+02 9.00000e+01
1.36740e+02 9.00000e+01
1.36929e+02 9.00000e+01
1.37118e+02 9.00000e+01
1.37310e+02 9.00000e+01
1.37498e+02 9.00000e+01
1.37689e+02 9.00000e+01
1.37879e+02 9.00000e+01
1.38068e+02 9.00000e+01
1.38262e+02 9.00000e+01
1.38451e+02 9.00000e+01
1.38639e+02 9.00000e+01
1.38828e+02 9.00000e+01
1.39015e+02 9.00000e+01
1.39205e+02 9.00000e+01
1.39395e+02 9.00000e+01
1.39584e+02 9.00000e+01
1.39773e+02 9.00000e+01
1.39963e+02 9.00000e+01
1.40152e+02 9.00000e+01
1.40345e+02 9.00000e+01
1.40536e+02 9.00000e+01
1.40724e+02 9.00000e+01
1.40913e+02 9.00000e+01
1.41113e+02 9.00000e+01
1.41324e+02 9.00000e+01
1.41513e+02 9.00000e+01
1.41704e+02 9.00000e+01
1.41894e+02 9.00000e+01
1.42082e+02 9.00000e+01
1.42273e+02 9.00000e+01
1.42463e+02 9.00000e+01
1.42651e+02 9.00000e+01
1.42841e+02 9.00000e+01
1.43029e+02 9.00000e+01
1.43222e+02 9.00000e+01
1.43411e+02 9.00000e+01
1.43600e+02 9.00000e+01
1.43789e+02 9.00000e+01
1.43979e+02 9.00000e+01
1.44168e+02 9.00000e+01
1.44361e+02 9.00000e+01
1.44552e+02 9.00000e+01
1.44742e+02 9.00000e+01
1.44930e+02 9.00000e+01
1.45120e+02 9.00000e+01
1.45312e+02 9.00000e+01
1.45503e+02 9.00000e+01
1.45703e+02 9.00000e+01
1.45893e+02 9.00000e+01
1.46081e+02 9.00000e+01
1.46275e+02 9.00000e+01
1.46467e+02 9.00000e+01
1.46657e+02 9.00000e+01
1.46848e+02 9.00000e+01
1.47037e+02 9.00000e+01
1.47229e+02 9.00000e+01
1.47419e+02 9.00000e+01
1.47608e+02 9.00000e+01
1.47798e+02 9.00000e+01
1.47988e+02 9.00000e+01
1.48177e+02 9.00000e+01
1.48369e+02 9.00000e+01
1.48560e+02 9.00000e+01
1.48749e+02 9.00000e+01
1.48937e+02 9.00000e+01
1.49127e+02 9.00000e+01
1.49319e+02 9.00000e+01
1.49509e+02 9.00000e+01
1.49698e+02 9.00000e+01
1.49886e+02 9.00000e+01
1.50076e+02 9.00000e+01
1.50267e+02 9.00000e+01
1.50457e+02 9.00000e+01
1.50645e+02 9.00000e+01
1.50835e+02 9.00000e+01
1.51023e+02 9.00000e+01
1.51215e+02 9.00000e+01
1.51406e+02 9.00000e+01
1.51595e+02 9.00000e+01
1.51784e+02 9.00000e+01
1.51974e+02 9.00000e+01
1.52163e+02 9.00000e+01
1.52356e+02 9.00000e+01
1.52547e+02 9.00000e+01
1.52734e+02 9.00000e+01
1.52922e+02 9.00000e+01
1.53112e+02 9.00000e+01
1.53304e+02 9.00000e+01
1.53494e+02 9.00000e+01
1.53683e+02 9.00000e+01
1.53872e+02 9.00000e+01
1.54061e+02 9.00000e+01
1.54253e+02 9.00000e+01
1.54442e+02 9.00000e+01
1.54632e+02 9.00000e+01
1.54821e+02 9.00000e+01
1.55011e+02 9.00000e+01
1.55199e+02 9.00000e+01
1.55394e+02 9.00000e+01
1.55585e+02 9.00000e+01
1.55775e+02 9.00000e+01
1.55965e+02 9.00000e+01
1.56171e+02 9.00000e+01
1.56373e+02 9.00000e+01
1.56566e+02 9.00000e+01
1.56756e+02 9.00000e+01
1.56946e+02 9.00000e+01
1.57136e+02 9.00000e+01
1.57329e+02 9.00000e+01
1.57521e+02 9.00000e+01
1.57714e+02 9.00000e+01
1.57903e+02 9.00000e+01
1.58093e+02 9.00000e+01
1.58286e+02 9.00000e+01
1.58478e+02 9.00000e+01
1.58668e+02 9.00000e+01
1.58860e+02 9.00000e+01
1.59052e+02 9.00000e+01
1.59246e+02 9.00000e+01
1.59439e+02 9.00000e+01
1.59630e+02 9.00000e+01
1.59819e+02 9.00000e+01
1.60010e+02 9.00000e+01
1.60200e+02 9.00000e+01
1.60394e+02 9.00000e+01
1.60588e+02 9.00000e+01
1.60789e+02 9.00000e+01
1.60979e+02 9.00000e+01
1.61170e+02 9.00000e+01
1.61361e+02 9.00000e+01
1.61551e+02 9.00000e+01
1.61740e+02 9.00000e+01
1.61930e+02 9.00000e+01
1.62119e+02 9.00000e+01
1.62312e+02 9.00000e+01
1.62502e+02 9.00000e+01
1.62691e+02 9.00000e+01
1.62881e+02 9.00000e+01
1.63071e+02 9.00000e+01
1.63264e+02 9.00000e+01
1.63454e+02 9.00000e+01
1.63643e+02 9.00000e+01
1.63833e+02 9.00000e+01
1.64022e+02 9.00000e+01
1.64212e+02 9.00000e+01
1.64406e+02 9.00000e+01
1.64597e+02 9.00000e+01
1.64787e+02 9.00000e+01
1.64977e+02 9.00000e+01
1.65167e+02 9.00000e+01
1.65361e+02 9.00000e+01
1.65549e+02 9.00000e+01
1.65739e+02 9.00000e+01
1.65928e+02 9.00000e+01
1.66117e+02 9.00000e+01
1.66310e+02 9.00000e+01
1.66498e+02 9.00000e+01
1.66686e+02 9.00000e+01
1.66876e+02 9.00000e+01
1.67066e+02 9.00000e+01
1.67258e+02 9.00000e+01
1.67450e+02 9.00000e+01
1.67642e+02 9.00000e+01
1.67835e+02 9.00000e+01
1.68026e+02 9.00000e+01
1.68214e+02 9.00000e+01
1.68407e+02 9.00000e+01
1.68597e+02 9.00000e+01
1.68787e+02 9.00000e+01
1.68976e+02 9.00000e+01
1.69167e+02 9.00000e+01
1.69360e+02 9.00000e+01
1.69550e+02 9.00000e+01
1.69740e+02 9.00000e+01
1.69929e+02 9.00000e+01
1.70119e+02 9.00000e+01
1.70313e+02 9.00000e+01
1.70504e+02 9.00000e+01
1.70692e+02 9.00000e+01
1.70882e+02 9.00000e+01
1.71078e+02 9.00000e+01
1.71286e+02 9.00000e+01
1.71488e+02 9.00000e+01
1.71678e+02 9.00000e+01
1.71867e+02 9.00000e+01
1.72058e+02 9.00000e+01
1.72249e+02 9.00000e+01
1.72442e+02 9.00000e+01
1.72634e+02 9.00000e+01
1.72824e+02 9.00000e+01
1.73014e+02 9.00000e+01
1.73205e+02 9.00000e+01
1.73399e+02 9.00000e+01
1.73590e+02 9.00000e+01
1.73782e+02 9.00000e+01
1.73972e+02 9.00000e+01
1.74162e+02 9.00000e+01
1.74355e+02 9.00000e+01
1.74547e+02 9.00000e+01
1.74737e+02 9.00000e+01
1.74927e+02 9.00000e+01
1.75117e+02 9.00000e+01
1.75310e+02 9.00000e+01
1.75500e+02 9.00000e+01
1.75702e+02 9.00000e+01
1.75895e+02 9.00000e+01
1.76085e+02 9.00000e+01
1.76277e+02 9.00000e+01
1.76468e+02 9.00000e+01
1.76659e+02 9.00000e+01
1.76850e+02 9.00000e+01
1.77040e+02 9.00000e+01
1.77230e+02 9.00000e+01
1.77424e+02 9.00000e+01
1.77614e+02 9.00000e+01
1.77804e+02 9.00000e+01
1.77994e+02 9.00000e+01
1.78184e+02 9.00000e+01
1.78378e+02 9.00000e+01
1.78568e+02 9.00000e+01
1.78758e+02 9.00000e+01
1.78950e+02 9.00000e+01
1.79140e+02 9.00000e+01
1.79333e+02 9.00000e+01
1.79524e+02 9.00000e+01
1.79714e+02 9.00000e+01
1.79906e+02 9.00000e+01
1.80096e+02 9.00000e+01
1.80287e+02 9.00000e+01
1.80477e+02 9.00000e+01
1.80668e+02 9.00000e+01
1.80857e+02 9.00000e+01
1.81047e+02 9.00000e+01
1.81236e+02 9.00000e+01
1.81429e+02 9.00000e+01
1.81620e+02 9.00000e+01
1.81810e+02 9.00000e+01
1.81999e+02 9.00000e+01
1.82189e+02 9.00000e+01
1.82381e+02 9.00000e+01
1.82573e+02 9.00000e+01
1.82762e+02 9.00000e+01
1.82952e+02 9.00000e+01
1.83143e+02 9.00000e+01
1.83337e+02 9.00000e+01
1.83529e+02 9.00000e+01
1.83719e+02 9.00000e+01
1.83909e+02 9.00000e+01
1.84101e+02 9.00000e+01
1.84293e+02 9.00000e+01
1.84484e+02 9.00000e+01
1.84676e+02 9.00000e+01
1.84866e+02 9.00000e+01
1.85055e+02 9.00000e+01
1.85245e+02 9.00000e+01
1.85437e+02 9.00000e+01
1.85628e+02 9.00000e+01
1.85818e+02 9.00000e+01
1.86009e+02 9.00000e+01
1.86223e+02 9.00000e+01
1.86426e+02 9.00000e+01
1.86615e+02 9.00000e+01
1.86804e+02 9.00000e+01
1.86993e+02 9.00000e+01
1.87182e+02 9.00000e+01
1.87375e+02 9.00000e+01
1.87567e+02 9.00000e+01
1.87756e+02 9.00000e+01
1.87947e+02 9.00000e+01
1.88138e+02 9.00000e+01
1.88332e+02 9.00000e+01
1.88524e+02 9.00000e+01
1.88714e+02 9.00000e+01
1.88903e+02 9.00000e+01
1.89094e+02 9.00000e+01
1.89286e+02 9.00000e+01
1.89477e+02 9.00000e+01
1.89667e+02 9.00000e+01
1.89858e+02 9.00000e+01
1.90047e+02 9.00000e+01
1.90236e+02 9.00000e+01
1.90432e+02 9.00000e+01
1.90624e+02 9.00000e+01
