1.99120e-02 7.05000e+02
2.13099e-01 5.10000e+02
4.05550e-01 4.49000e+02
5.95761e-01 3.09000e+02
7.87501e-01 3.81000e+02
9.80048e-01 3.49000e+02
1.17154e+00 2.94000e+02
1.36321e+00 2.70000e+02
1.55483e+00 2.61000e+02
1.74499e+00 2.05000e+02
1.94200e+00 2.14000e+02
2.13367e+00 2.39000e+02
2.32669e+00 1.31000e+02
2.51578e+00 1.57000e+02
2.70820e+00 1.63000e+02
2.90048e+00 1.72000e+02
3.09252e+00 1.47000e+02
3.28240e+00 1.44000e+02
3.47347e+00 1.21000e+02
3.66262e+00 1.19000e+02
3.85539e+00 1.08000e+02
4.04487e+00 1.35000e+02
4.23653e+00 1.50000e+02
4.42644e+00 1.17000e+02
4.61936e+00 1.26000e+02
4.80803e+00 1.39000e+02
5.00249e+00 1.62000e+02
5.19137e+00 1.95000e+02
5.38143e+00 1.56000e+02
5.57277e+00 1.53000e+02
5.76332e+00 1.62000e+02
5.95630e+00 1.47000e+02
6.14797e+00 1.49000e+02
6.33872e+00 1.46000e+02
6.52901e+00 1.92000e+02
6.72305e+00 2.05000e+02
6.91696e+00 1.90000e+02
7.10624e+00 1.74000e+02
7.29707e+00 1.52000e+02
7.50786e+00 1.57000e+02
7.70491e+00 1.39000e+02
7.89937e+00 1.44000e+02
8.08953e+00 1.45000e+02
8.28017e+00 1.27000e+02
8.46967e+00 1.31000e+02
8.65956e+00 1.24000e+02
8.85132e+00 1.35000e+02
9.04185e+00 1.32000e+02
9.23153e+00 1.66000e+02
9.42251e+00 2.58000e+02
9.61526e+00 2.32000e+02
9.80634e+00 2.39000e+02
9.99982e+00 2.38000e+02
1.01915e+01 2.75000e+02
1.03824e+01 2.65000e+02
1.05728e+01 2.15000e+02
1.07637e+01 2.25000e+02
1.09556e+01 2.52000e+02
1.11441e+01 3.07000e+02
1.13368e+01 2.67000e+02
1.15263e+01 2.75000e+02
1.17163e+01 2.46000e+02
1.19183e+01 2.57000e+02
1.21238e+01 2.34000e+02
1.23207e+01 2.28000e+02
1.25097e+01 1.84000e+02
1.27003e+01 1.86000e+02
1.28941e+01 2.04000e+02
1.30857e+01 1.43000e+02
1.32756e+01 1.68000e+02
1.34671e+01 1.46000e+02
1.36598e+01 1.39000e+02
1.38541e+01 1.23000e+02
1.40451e+01 1.35000e+02
1.42367e+01 1.32000e+02
1.44262e+01 1.50000e+02
1.46174e+01 1.57000e+02
1.48087e+01 1.74000e+02
1.50012e+01 1.16000e+02
1.51915e+01 1.53000e+02
1.53824e+01 1.91000e+02
1.55733e+01 2.00000e+02
1.57641e+01 2.26000e+02
1.59597e+01 2.37000e+02
1.61507e+01 2.36000e+02
1.63414e+01 2.50000e+02
1.65316e+01 2.46000e+02
1.67230e+01 2.10000e+02
1.69168e+01 2.15000e+02
1.71073e+01 2.36000e+02
1.72995e+01 2.58000e+02
1.74900e+01 2.38000e+02
1.76820e+01 2.04000e+02
1.78764e+01 2.14000e+02
1.80665e+01 1.84000e+02
1.82576e+01 1.46000e+02
1.84487e+01 1.13000e+02
1.86388e+01 1.28000e+02
1.88305e+01 1.03000e+02
1.90214e+01 9.20000e+01
1.92113e+01 1.30000e+02
1.94023e+01 1.17000e+02
1.95936e+01 1.22000e+02
1.97836e+01 9.70000e+01
1.99788e+01 9.50000e+01
2.01688e+01 1.11000e+02
2.03599e+01 1.29000e+02
2.05516e+01 1.26000e+02
2.07417e+01 1.26000e+02
2.09361e+01 1.30000e+02
2.11262e+01 1.30000e+02
2.13175e+01 1.23000e+02
2.15069e+01 1.10000e+02
2.16985e+01 1.44000e+02
2.18905e+01 1.23000e+02
2.20780e+01 1.24000e+02
2.22679e+01 1.08000e+02
2.24774e+01 1.02000e+02
2.26735e+01 1.36000e+02
2.28680e+01 1.60000e+02
2.30565e+01 1.72000e+02
2.32455e+01 1.64000e+02
2.34363e+01 1.47000e+02
2.36256e+01 1.55000e+02
2.38171e+01 1.55000e+02
2.40103e+01 1.34000e+02
2.42006e+01 1.47000e+02
2.43900e+01 1.54000e+02
2.45798e+01 1.61000e+02
2.47693e+01 1.62000e+02
2.49614e+01 1.70000e+02
2.51515e+01 1.58000e+02
2.53408e+01 1.62000e+02
2.55308e+01 1.47000e+02
2.57208e+01 2.18000e+02
2.59133e+01 2.01000e+02
2.61019e+01 1.65000e+02
2.62925e+01 2.11000e+02
2.64816e+01 2.24000e+02
2.66723e+01 1.90000e+02
2.68665e+01 1.82000e+02
2.70574e+01 2.19000e+02
2.72481e+01 2.37000e+02
2.74406e+01 2.36000e+02
2.76320e+01 2.51000e+02
2.78228e+01 2.30000e+02
2.80195e+01 2.43000e+02
2.82101e+01 2.53000e+02
2.84017e+01 2.46000e+02
2.85934e+01 2.43000e+02
2.87845e+01 2.28000e+02
2.89792e+01 2.08000e+02
2.91709e+01 2.17000e+02
2.93629e+01 2.59000e+02
2.95553e+01 2.74000e+02
2.97489e+01 2.56000e+02
2.99440e+01 2.06000e+02
3.01354e+01 2.39000e+02
3.03282e+01 1.88000e+02
3.05197e+01 1.67000e+02
3.07094e+01 1.53000e+02
3.09032e+01 1.65000e+02
3.10926e+01 1.89000e+02
3.12829e+01 1.69000e+02
3.14743e+01 1.56000e+02
3.16651e+01 1.83000e+02
3.18561e+01 1.53000e+02
3.20494e+01 1.61000e+02
3.22401e+01 1.48000e+02
3.24305e+01 1.84000e+02
3.26229e+01 1.84000e+02
3.28134e+01 1.75000e+02
3.30067e+01 1.69000e+02
3.31982e+01 1.75000e+02
3.33887e+01 1.49000e+02
3.35794e+01 1.29000e+02
3.37689e+01 1.17000e+02
3.39619e+01 1.20000e+02
3.41513e+01 1.40000e+02
3.43430e+01 1.31000e+02
3.45376e+01 1.16000e+02
3.47272e+01 1.08000e+02
3.49209e+01 1.06000e+02
3.51111e+01 9.60000e+01
3.53003e+01 1.05000e+02
3.54889e+01 9.80000e+01
3.56773e+01 8.80000e+01
3.58686e+01 7.60000e+01
3.60602e+01 7.60000e+01
3.62502e+01 7.60000e+01
3.64382e+01 7.60000e+01
3.66292e+01 7.60000e+01
3.68187e+01 7.60000e+01
3.70111e+01 7.60000e+01
3.72022e+01 7.60000e+01
3.74073e+01 7.60000e+01
3.76144e+01 7.60000e+01
3.78105e+01 7.60000e+01
3.80022e+01 7.60000e+01
3.81921e+01 7.60000e+01
3.83831e+01 7.60000e+01
3.85746e+01 7.60000e+01
3.87634e+01 7.60000e+01
3.89583e+01 7.60000e+01
3.91478e+01 7.60000e+01
3.93389e+01 7.60000e+01
3.95296e+01 7.60000e+01
3.97176e+01 7.60000e+01
3.99104e+01 7.60000e+01
4.01012e+01 7.60000e+01
4.02899e+01 7.60000e+01
4.04800e+01 7.60000e+01
4.06699e+01 7.60000e+01
4.08594e+01 7.60000e+01
4.10504e+01 7.60000e+01
4.12405e+01 7.60000e+01
4.14311e+01 7.60000e+01
4.16202e+01 7.60000e+01
4.18113e+01 7.60000e+01
4.20172e+01 7.60000e+01
4.22182e+01 7.60000e+01
4.24099e+01 7.60000e+01
4.26001e+01 7.60000e+01
4.27909e+01 7.60000e+01
4.29833e+01 7.60000e+01
4.31717e+01 7.60000e+01
4.33600e+01 7.60000e+01
4.35512e+01 7.60000e+01
4.37401e+01 7.60000e+01
4.39322e+01 7.60000e+01
4.41223e+01 7.60000e+01
4.43124e+01 7.60000e+01
4.45012e+01 7.60000e+01
4.46923e+01 7.60000e+01
4.48831e+01 7.60000e+01
4.50744e+01 7.60000e+01
4.52646e+01 7.60000e+01
4.54544e+01 7.60000e+01
4.56435e+01 7.60000e+01
4.58337e+01 7.60000e+01
4.60259e+01 7.60000e+01
4.62147e+01 7.60000e+01
4.64056e+01 7.60000e+01
4.65959e+01 7.60000e+01
4.67860e+01 7.60000e+01
4.69800e+01 7.60000e+01
4.71694e+01 7.60000e+01
4.73593e+01 7.60000e+01
4.75502e+01 7.60000e+01
4.77408e+01 7.60000e+01
4.79324e+01 7.60000e+01
4.81246e+01 7.60000e+01
4.83151e+01 7.60000e+01
4.85048e+01 7.60000e+01
4.86964e+01 7.60000e+01
4.88873e+01 7.60000e+01
4.90792e+01 7.60000e+01
4.92704e+01 7.60000e+01
4.94606e+01 7.60000e+01
4.96512e+01 7.60000e+01
4.98414e+01 7.60000e+01
5.00338e+01 7.60000e+01
5.02238e+01 7.60000e+01
5.04121e+01 7.60000e+01
5.06015e+01 7.60000e+01
5.07916e+01 7.60000e+01
5.09838e+01 7.60000e+01
5.11728e+01 7.60000e+01
5.13615e+01 7.60000e+01
5.15504e+01 7.60000e+01
5.17388e+01 7.60000e+01
5.19306e+01 7.60000e+01
5.21205e+01 7.60000e+01
5.23123e+01 7.60000e+01
5.25220e+01 7.60000e+01
5.27162e+01 7.60000e+01
5.29068e+01 7.60000e+01
5.30959e+01 7.60000e+01
5.32856e+01 7.60000e+01
5.34747e+01 7.60000e+01
5.36635e+01 7.60000e+01
5.38527e+01 7.60000e+01
5.40454e+01 7.60000e+01
5.42346e+01 7.60000e+01
5.44234e+01 7.60000e+01
5.46135e+01 7.60000e+01
5.48037e+01 7.60000e+01
5.49968e+01 7.60000e+01
5.51862e+01 7.60000e+01
5.53767e+01 7.60000e+01
5.55670e+01 7.60000e+01
5.57558e+01 7.60000e+01
5.59476e+01 7.60000e+01
5.61385e+01 7.60000e+01
5.63286e+01 7.60000e+01
5.65163e+01 7.60000e+01
5.67046e+01 7.60000e+01
5.68973e+01 7.60000e+01
5.70882e+01 7.60000e+01
5.72789e+01 7.60000e+01
5.74682e+01 7.60000e+01
5.76588e+01 7.60000e+01
5.78504e+01 7.60000e+01
5.80431e+01 7.60000e+01
5.82339e+01 7.60000e+01
5.84248e+01 7.60000e+01
5.86159e+01 7.60000e+01
5.88059e+01 7.60000e+01
5.90004e+01 7.60000e+01
5.91919e+01 7.60000e+01
5.93826e+01 7.60000e+01
5.95751e+01 7.60000e+01
5.97660e+01 7.60000e+01
5.99592e+01 7.60000e+01
6.01497e+01 7.60000e+01
6.03394e+01 7.60000e+01
6.05287e+01 7.60000e+01
6.07184e+01 7.60000e+01
6.09101e+01 7.60000e+01
6.10998e+01 7.60000e+01
6.12903e+01 7.60000e+01
6.14795e+01 7.60000e+01
6.16695e+01 7.60000e+01
6.18610e+01 7.60000e+01
6.20541e+01 7.60000e+01
6.22440e+01 7.60000e+01
6.24356e+01 7.60000e+01
6.26259e+01 7.60000e+01
6.28172e+01 7.60000e+01
6.30112e+01 7.60000e+01
6.32015e+01 7.60000e+01
6.33929e+01 7.60000e+01
6.35857e+01 7.60000e+01
6.37771e+01 7.60000e+01
6.39698e+01 7.60000e+01
6.41626e+01 7.60000e+01
6.43512e+01 7.60000e+01
6.45415e+01 7.60000e+01
6.47329e+01 7.60000e+01
6.49245e+01 7.60000e+01
6.51150e+01 7.60000e+01
6.53050e+01 7.60000e+01
6.54951e+01 7.60000e+01
6.56858e+01 7.60000e+01
6.58775e+01 7.60000e+01
6.60715e+01 7.60000e+01
6.62611e+01 7.60000e+01
6.64521e+01 7.60000e+01
6.66439e+01 7.60000e+01
6.68354e+01 7.60000e+01
6.70297e+01 7.60000e+01
6.72215e+01 7.60000e+01
6.74325e+01 7.60000e+01
6.76277e+01 7.60000e+01
6.78213e+01 7.60000e+01
6.80152e+01 7.60000e+01
6.82070e+01 7.60000e+01
6.83962e+01 7.60000e+01
6.85875e+01 7.60000e+01
6.87782e+01 7.60000e+01
6.89719e+01 7.60000e+01
6.91637e+01 7.60000e+01
6.93545e+01 7.60000e+01
6.95447e+01 7.60000e+01
6.97340e+01 7.60000e+01
6.99282e+01 7.60000e+01
7.01201e+01 7.60000e+01
7.03086e+01 7.60000e+01
7.04977e+01 7.60000e+01
7.06883e+01 7.60000e+01
7.08775e+01 7.60000e+01
7.10708e+01 7.60000e+01
7.12606e+01 7.60000e+01
7.14506e+01 7.60000e+01
7.16415e+01 7.60000e+01
7.18332e+01 7.60000e+01
7.20371e+01 7.60000e+01
7.22270e+01 7.60000e+01
7.24170e+01 7.60000e+01
7.26070e+01 7.60000e+01
7.27967e+01 7.60000e+01
7.29885e+01 7.60000e+01
7.31780e+01 7.60000e+01
7.33696e+01 7.60000e+01
7.35596e+01 7.60000e+01
7.37507e+01 7.60000e+01
7.39439e+01 7.60000e+01
7.41340e+01 7.60000e+01
7.43229e+01 7.60000e+01
7.45135e+01 7.60000e+01
7.47039e+01 7.60000e+01
7.48934e+01 7.60000e+01
7.50865e+01 7.60000e+01
7.52771e+01 7.60000e+01
7.54657e+01 7.60000e+01
7.56567e+01 7.60000e+01
7.58470e+01 7.60000e+01
7.60414e+01 7.60000e+01
7.62351e+01 7.60000e+01
7.64266e+01 7.60000e+01
7.66178e+01 7.60000e+01
7.68091e+01 7.60000e+01
7.70025e+01 7.60000e+01
7.71939e+01 7.60000e+01
7.73851e+01 7.60000e+01
7.75755e+01 7.60000e+01
7.77670e+01 7.60000e+01
7.79613e+01 7.60000e+01
7.81513e+01 7.60000e+01
7.83415e+01 7.60000e+01
7.85327e+01 7.60000e+01
7.87220e+01 7.60000e+01
7.89107e+01 7.60000e+01
7.91037e+01 7.60000e+01
7.92946e+01 7.60000e+01
7.94853e+01 7.60000e+01
7.96765e+01 7.60000e+01
7.98662e+01 7.60000e+01
8.00600e+01 7.60000e+01
8.02511e+01 7.60000e+01
8.04413e+01 7.60000e+01
8.06327e+01 7.60000e+01
8.08228e+01 7.60000e+01
8.10164e+01 7.60000e+01
8.12064e+01 7.60000e+01
8.13980e+01 7.60000e+01
8.15896e+01 7.60000e+01
8.17816e+01 7.60000e+01
8.19750e+01 7.60000e+01
8.21655e+01 7.60000e+01
8.23683e+01 7.60000e+01
8.25723e+01 7.60000e+01
8.27642e+01 7.60000e+01
8.29573e+01 7.60000e+01
8.31489e+01 7.60000e+01
8.33379e+01 7.60000e+01
8.35285e+01 7.60000e+01
8.37209e+01 7.60000e+01
8.39102e+01 7.60000e+01
8.41045e+01 7.60000e+01
8.42954e+01 7.60000e+01
8.44859e+01 7.60000e+01
8.46779e+01 7.60000e+01
8.48701e+01 7.60000e+01
8.50623e+01 7.60000e+01
8.52533e+01 7.60000e+01
8.54455e+01 7.60000e+01
8.56358e+01 7.60000e+01
8.58263e+01 7.60000e+01
8.60227e+01 7.60000e+01
8.62140e+01 7.60000e+01
8.64046e+01 7.60000e+01
8.65975e+01 7.60000e+01
8.67898e+01 7.60000e+01
8.69846e+01 7.60000e+01
8.71758e+01 7.60000e+01
8.73658e+01 7.60000e+01
8.75576e+01 7.60000e+01
8.77495e+01 7.60000e+01
8.79401e+01 7.60000e+01
8.81328e+01 7.60000e+01
8.83237e+01 7.60000e+01
8.85142e+01 7.60000e+01
8.87061e+01 7.60000e+01
8.88978e+01 7.60000e+01
8.90910e+01 7.60000e+01
8.92798e+01 7.60000e+01
8.94718e+01 7.60000e+01
8.96630e+01 7.60000e+01
8.98527e+01 7.60000e+01
9.00455e+01 7.60000e+01
9.02362e+01 7.60000e+01
9.04269e+01 7.60000e+01
9.06173e+01 7.60000e+01
9.08092e+01 7.60000e+01
9.10023e+01 7.60000e+01
9.11933e+01 7.60000e+01
9.13833e+01 7.60000e+01
9.15743e+01 7.60000e+01
9.17665e+01 7.60000e+01
9.19607e+01 7.60000e+01
9.21529e+01 7.60000e+01
9.23448e+01 7.60000e+01
9.25355e+01 7.60000e+01
9.27261e+01 7.60000e+01
9.29159e+01 7.60000e+01
9.31084e+01 7.60000e+01
9.32978e+01 7.60000e+01
9.34903e+01 7.60000e+01
9.36852e+01 7.60000e+01
9.38757e+01 7.60000e+01
9.40714e+01 7.60000e+01
9.42646e+01 7.60000e+01
9.44558e+01 7.60000e+01
9.46470e+01 7.60000e+01
9.48403e+01 7.60000e+01
9.50343e+01 7.60000e+01
9.52283e+01 7.60000e+01
9.54199e+01 7.60000e+01
9.56110e+01 7.60000e+01
9.58029e+01 7.60000e+01
9.59940e+01 7.60000e+01
9.61861e+01 7.60000e+01
9.63792e+01 7.60000e+01
9.65702e+01 7.60000e+01
9.67609e+01 7.60000e+01
9.69511e+01 7.60000e+01
9.71443e+01 7.60000e+01
9.73430e+01 7.60000e+01
9.75517e+01 7.60000e+01
9.77444e+01 7.60000e+01
9.79356e+01 7.60000e+01
9.81299e+01 7.60000e+01
9.83220e+01 7.60000e+01
9.85126e+01 7.60000e+01
9.87059e+01 7.60000e+01
9.88968e+01 7.60000e+01
9.90892e+01 7.60000e+01
9.92782e+01 7.60000e+01
9.94674e+01 7.60000e+01
9.96569e+01 7.60000e+01
9.98463e+01 7.60000e+01
1.00038e+02 7.60000e+01
1.00227e+02 7.60000e+01
1.00419e+02 7.60000e+01
1.00609e+02 7.60000e+01
1.00799e+02 7.60000e+01
1.00993e+02 7.60000e+01
1.01182e+02 7.60000e+01
1.01372e+02 7.60000e+01
1.01561e+02 7.60000e+01
1.01750e+02 7.60000e+01
1.01940e+02 7.60000e+01
1.02132e+02 7.60000e+01
1.02320e+02 7.60000e+01
1.02509e+02 7.60000e+01
1.02699e+02 7.60000e+01
1.02890e+02 7.60000e+01
1.03082e+02 7.60000e+01
1.03272e+02 7.60000e+01
1.03461e+02 7.60000e+01
1.03651e+02 7.60000e+01
1.03841e+02 7.60000e+01
1.04032e+02 7.60000e+01
1.04223e+02 7.60000e+01
1.04414e+02 7.60000e+01
1.04603e+02 7.60000e+01
1.04792e+02 7.60000e+01
1.04984e+02 7.60000e+01
1.05175e+02 7.60000e+01
1.05365e+02 7.60000e+01
1.05556e+02 7.60000e+01
1.05747e+02 7.60000e+01
1.05938e+02 7.60000e+01
1.06130e+02 7.60000e+01
1.06322e+02 7.60000e+01
1.06510e+02 7.60000e+01
1.06700e+02 7.60000e+01
1.06890e+02 7.60000e+01
1.07082e+02 7.60000e+01
1.07273e+02 7.60000e+01
1.07463e+02 7.60000e+01
1.07653e+02 7.60000e+01
1.07845e+02 7.60000e+01
1.08038e+02 7.60000e+01
1.08229e+02 7.60000e+01
1.08420e+02 7.60000e+01
1.08611e+02 7.60000e+01
1.08799e+02 7.60000e+01
1.08992e+02 7.60000e+01
1.09182e+02 7.60000e+01
1.09374e+02 7.60000e+01
1.09568e+02 7.60000e+01
1.09759e+02 7.60000e+01
1.09951e+02 7.60000e+01
1.10147e+02 7.60000e+01
1.10339e+02 7.60000e+01
1.10531e+02 7.60000e+01
1.10724e+02 7.60000e+01
1.10916e+02 7.60000e+01
1.11109e+02 7.60000e+01
1.11301e+02 7.60000e+01
1.11490e+02 7.60000e+01
1.11681e+02 7.60000e+01
1.11873e+02 7.60000e+01
1.12065e+02 7.60000e+01
1.12254e+02 7.60000e+01
1.12469e+02 7.60000e+01
1.12666e+02 7.60000e+01
1.12856e+02 7.60000e+01
1.13047e+02 7.60000e+01
1.13237e+02 7.60000e+01
1.13427e+02 7.60000e+01
1.13618e+02 7.60000e+01
1.13808e+02 7.60000e+01
1.14002e+02 7.60000e+01
1.14194e+02 7.60000e+01
1.14385e+02 7.60000e+01
1.14575e+02 7.60000e+01
1.14768e+02 7.60000e+01
1.14957e+02 7.60000e+01
1.15148e+02 7.60000e+01
1.15339e+02 7.60000e+01
1.15528e+02 7.60000e+01
1.15716e+02 7.60000e+01
1.15906e+02 7.60000e+01
1.16097e+02 7.60000e+01
1.16286e+02 7.60000e+01
1.16476e+02 7.60000e+01
1.16666e+02 7.60000e+01
1.16857e+02 7.60000e+01
1.17051e+02 7.60000e+01
1.17242e+02 7.60000e+01
1.17432e+02 7.60000e+01
1.17624e+02 7.60000e+01
1.17814e+02 7.60000e+01
1.18006e+02 7.60000e+01
1.18197e+02 7.60000e+01
1.18386e+02 7.60000e+01
1.18576e+02 7.60000e+01
1.18766e+02 7.60000e+01
1.18956e+02 7.60000e+01
1.19147e+02 7.60000e+01
1.19338e+02 7.60000e+01
1.19527e+02 7.60000e+01
1.19716e+02 7.60000e+01
1.19905e+02 7.60000e+01
1.20097e+02 7.60000e+01
1.20286e+02 7.60000e+01
1.20476e+02 7.60000e+01
1.20665e+02 7.60000e+01
1.20855e+02 7.60000e+01
1.21046e+02 7.60000e+01
1.21235e+02 7.60000e+01
1.21424e+02 7.60000e+01
1.21614e+02 7.60000e+01
1.21803e+02 7.60000e+01
1.21993e+02 7.60000e+01
1.22184e+02 7.60000e+01
1.22374e+02 7.60000e+01
1.22564e+02 7.60000e+01
1.22753e+02 7.60000e+01
1.22945e+02 7.60000e+01
1.23137e+02 7.60000e+01
1.23327e+02 7.60000e+01
1.23517e+02 7.60000e+01
1.23706e+02 7.60000e+01
1.23896e+02 7.60000e+01
1.24086e+02 7.60000e+01
1.24275e+02 7.60000e+01
1.24464e+02 7.60000e+01
1.24654e+02 7.60000e+01
1.24843e+02 7.60000e+01
1.25034e+02 7.60000e+01
1.25223e+02 7.60000e+01
1.25414e+02 7.60000e+01
1.25604e+02 7.60000e+01
1.25794e+02 7.60000e+01
1.25984e+02 7.60000e+01
1.26177e+02 7.60000e+01
1.26366e+02 7.60000e+01
1.26555e+02 7.60000e+01
1.26745e+02 7.60000e+01
1.26933e+02 7.60000e+01
1.27126e+02 7.60000e+01
1.27319e+02 7.60000e+01
1.27528e+02 7.60000e+01
1.27722e+02 7.60000e+01
1.27912e+02 7.60000e+01
1.28103e+02 7.60000e+01
1.28293e+02 7.60000e+01
1.28483e+02 7.60000e+01
1.28672e+02 7.60000e+01
1.28862e+02 7.60000e+01
1.29057e+02 7.60000e+01
1.29247e+02 7.60000e+01
1.29437e+02 7.60000e+01
1.29626e+02 7.60000e+01
1.29816e+02 7.60000e+01
1.30007e+02 7.60000e+01
1.30197e+02 7.60000e+01
1.30387e+02 7.60000e+01
1.30578e+02 7.60000e+01
1.30770e+02 7.60000e+01
1.30960e+02 7.60000e+01
1.31153e+02 7.60000e+01
1.31343e+02 7.60000e+01
1.31532e+02 7.60000e+01
1.31723e+02 7.60000e+01
1.31915e+02 7.60000e+01
1.32107e+02 7.60000e+01
1.32296e+02 7.60000e+01
1.32487e+02 7.60000e+01
1.32676e+02 7.60000e+01
1.32866e+02 7.60000e+01
1.33059e+02 7.60000e+01
1.33248e+02 7.60000e+01
1.33437e+02 7.60000e+01
1.33628e+02 7.60000e+01
1.33817e+02 7.60000e+01
1.34009e+02 7.60000e+01
1.34200e+02 7.60000e+01
1.34388e+02 7.60000e+01
1.34578e+02 7.60000e+01
1.34768e+02 7.60000e+01
1.34957e+02 7.60000e+01
1.35150e+02 7.60000e+01
1.35340e+02 7.60000e+01
1.35529e+02 7.60000e+01
1.35720e+02 7.60000e+01
1.35911e+02 7.60000e+01
1.36102e+02 7.60000e+01
1.36292e+02 7.60000e+01
1.36484e+02 7.60000e+01
1.36675e+02 7.60000e+01
1.36864e+02 7.60000e+01
1.37058e+02 7.60000e+01
1.37248e+02 7.60000e+01
1.37438e+02 7.60000e+01
1.37629e+02 7.60000e+01
1.37819e+02 7.60000e+01
1.38010e+02 7.60000e+01
1.38205e+02 7.60000e+01
1.38397e+02 7.60000e+01
1.38588e+02 7.60000e+01
1.38779e+02 7.60000e+01
1.38968e+02 7.60000e+01
1.39162e+02 7.60000e+01
1.39353e+02 7.60000e+01
1.39545e+02 7.60000e+01
1.39734e+02 7.60000e+01
1.39925e+02 7.60000e+01
1.40117e+02 7.60000e+01
1.40308e+02 7.60000e+01
1.40499e+02 7.60000e+01
1.40691e+02 7.60000e+01
1.40882e+02 7.60000e+01
1.41076e+02 7.60000e+01
1.41267e+02 7.60000e+01
1.41457e+02 7.60000e+01
1.41650e+02 7.60000e+01
1.41840e+02 7.60000e+01
1.42031e+02 7.60000e+01
1.42225e+02 7.60000e+01
1.42437e+02 7.60000e+01
1.42646e+02 7.60000e+01
1.42852e+02 7.60000e+01
1.43046e+02 7.60000e+01
1.43237e+02 7.60000e+01
1.43428e+02 7.60000e+01
1.43618e+02 7.60000e+01
1.43808e+02 7.60000e+01
1.43999e+02 7.60000e+01
1.44191e+02 7.60000e+01
1.44381e+02 7.60000e+01
1.44572e+02 7.60000e+01
1.44762e+02 7.60000e+01
1.44952e+02 7.60000e+01
1.45145e+02 7.60000e+01
1.45334e+02 7.60000e+01
1.45524e+02 7.60000e+01
1.45716e+02 7.60000e+01
1.45905e+02 7.60000e+01
1.46099e+02 7.60000e+01
1.46290e+02 7.60000e+01
1.46481e+02 7.60000e+01
1.46672e+02 7.60000e+01
1.46864e+02 7.60000e+01
1.47057e+02 7.60000e+01
1.47248e+02 7.60000e+01
1.47440e+02 7.60000e+01
1.47630e+02 7.60000e+01
1.47820e+02 7.60000e+01
1.48010e+02 7.60000e+01
1.48203e+02 7.60000e+01
1.48393e+02 7.60000e+01
1.48584e+02 7.60000e+01
1.48773e+02 7.60000e+01
1.48963e+02 7.60000e+01
1.49156e+02 7.60000e+01
1.49344e+02 7.60000e+01
1.49535e+02 7.60000e+01
1.49725e+02 7.60000e+01
1.49914e+02 7.60000e+01
1.50108e+02 7.60000e+01
1.50298e+02 7.60000e+01
1.50488e+02 7.60000e+01
1.50678e+02 7.60000e+01
1.50870e+02 7.60000e+01
1.51064e+02 7.60000e+01
1.51254e+02 7.60000e+01
1.51447e+02 7.60000e+01
1.51637e+02 7.60000e+01
1.51828e+02 7.60000e+01
1.52018e+02 7.60000e+01
1.52210e+02 7.60000e+01
1.52400e+02 7.60000e+01
1.52591e+02 7.60000e+01
1.52780e+02 7.60000e+01
1.52970e+02 7.60000e+01
1.53162e+02 7.60000e+01
1.53352e+02 7.60000e+01
1.53542e+02 7.60000e+01
1.53739e+02 7.60000e+01
1.53930e+02 7.60000e+01
1.54123e+02 7.60000e+01
1.54313e+02 7.60000e+01
1.54503e+02 7.60000e+01
1.54691e+02 7.60000e+01
1.54881e+02 7.60000e+01
1.55072e+02 7.60000e+01
1.55260e+02 7.60000e+01
1.55449e+02 7.60000e+01
1.55638e+02 7.60000e+01
1.55828e+02 7.60000e+01
1.56016e+02 7.60000e+01
1.56206e+02 7.60000e+01
1.56395e+02 7.60000e+01
1.56584e+02 7.60000e+01
1.56772e+02 7.60000e+01
1.56961e+02 7.60000e+01
1.57152e+02 7.60000e+01
1.57349e+02 7.60000e+01
1.57554e+02 7.60000e+01
1.57744e+02 7.60000e+01
1.57933e+02 7.60000e+01
1.58124e+02 7.60000e+01
1.58314e+02 7.60000e+01
1.58501e+02 7.60000e+01
1.58691e+02 7.60000e+01
1.58881e+02 7.60000e+01
1.59072e+02 7.60000e+01
1.59262e+02 7.60000e+01
1.59452e+02 7.60000e+01
1.59642e+02 7.60000e+01
1.59831e+02 7.60000e+01
1.60022e+02 7.60000e+01
1.60215e+02 7.60000e+01
1.60404e+02 7.60000e+01
1.60595e+02 7.60000e+01
1.60783e+02 7.60000e+01
1.60973e+02 7.60000e+01
1.61164e+02 7.60000e+01
1.61353e+02 7.60000e+01
1.61542e+02 7.60000e+01
1.61732e+02 7.60000e+01
1.61921e+02 7.60000e+01
1.62112e+02 7.60000e+01
1.62301e+02 7.60000e+01
1.62489e+02 7.60000e+01
1.62678e+02 7.60000e+01
1.62867e+02 7.60000e+01
1.63059e+02 7.60000e+01
1.63250e+02 7.60000e+01
1.63439e+02 7.60000e+01
1.63629e+02 7.60000e+01
1.63818e+02 7.60000e+01
1.64009e+02 7.60000e+01
1.64200e+02 7.60000e+01
1.64388e+02 7.60000e+01
1.64579e+02 7.60000e+01
1.64768e+02 7.60000e+01
1.64958e+02 7.60000e+01
1.65150e+02 7.60000e+01
1.65338e+02 7.60000e+01
1.65527e+02 7.60000e+01
1.65718e+02 7.60000e+01
1.65907e+02 7.60000e+01
1.66099e+02 7.60000e+01
1.66288e+02 7.60000e+01
1.66477e+02 7.60000e+01
1.66666e+02 7.60000e+01
1.66856e+02 7.60000e+01
1.67046e+02 7.60000e+01
1.67238e+02 7.60000e+01
1.67429e+02 7.60000e+01
1.67619e+02 7.60000e+01
1.67807e+02 7.60000e+01
1.67998e+02 7.60000e+01
1.68189e+02 7.60000e+01
1.68379e+02 7.60000e+01
1.68570e+02 7.60000e+01
1.68757e+02 7.60000e+01
1.68947e+02 7.60000e+01
1.69141e+02 7.60000e+01
1.69331e+02 7.60000e+01
1.69522e+02 7.60000e+01
1.69714e+02 7.60000e+01
1.69904e+02 7.60000e+01
1.70096e+02 7.60000e+01
1.70288e+02 7.60000e+01
1.70477e+02 7.60000e+01
1.70668e+02 7.60000e+01
1.70859e+02 7.60000e+01
1.71049e+02 7.60000e+01
1.71241e+02 7.60000e+01
1.71431e+02 7.60000e+01
1.71621e+02 7.60000e+01
1.71812e+02 7.60000e+01
1.72002e+02 7.60000e+01
1.72195e+02 7.60000e+01
1.72397e+02 7.60000e+01
1.72596e+02 7.60000e+01
1.72785e+02 7.60000e+01
1.72974e+02 7.60000e+01
1.73169e+02 7.60000e+01
1.73358e+02 7.60000e+01
1.73547e+02 7.60000e+01
1.73737e+02 7.60000e+01
1.73927e+02 7.60000e+01
1.74119e+02 7.60000e+01
1.74309e+02 7.60000e+01
1.74498e+02 7.60000e+01
1.74689e+02 7.60000e+01
1.74880e+02 7.60000e+01
1.75071e+02 7.60000e+01
1.75262e+02 7.60000e+01
1.75451e+02 7.60000e+01
1.75640e+02 7.60000e+01
1.75830e+02 7.60000e+01
1.76020e+02 7.60000e+01
1.76212e+02 7.60000e+01
1.76401e+02 7.60000e+01
1.76592e+02 7.60000e+01
1.76780e+02 7.60000e+01
1.76970e+02 7.60000e+01
1.77162e+02 7.60000e+01
1.77351e+02 7.60000e+01
1.77541e+02 7.60000e+01
1.77731e+02 7.60000e+01
1.77920e+02 7.60000e+01
1.78112e+02 7.60000e+01
1.78303e+02 7.60000e+01
1.78492e+02 7.60000e+01
1.78682e+02 7.60000e+01
1.78873e+02 7.60000e+01
1.79062e+02 7.60000e+01
1.79255e+02 7.60000e+01
1.79446e+02 7.60000e+01
1.79636e+02 7.60000e+01
1.79825e+02 7.60000e+01
1.80016e+02 7.60000e+01
1.80208e+02 7.60000e+01
1.80398e+02 7.60000e+01
1.80589e+02 7.60000e+01
1.80779e+02 7.60000e+01
1.80967e+02 7.60000e+01
1.81160e+02 7.60000e+01
1.81350e+02 7.60000e+01
1.81539e+02 7.60000e+01
1.81729e+02 7.60000e+01
1.81919e+02 7.60000e+01
1.82109e+02 7.60000e+01
1.82300e+02 7.60000e+01
1.82489e+02 7.60000e+01
1.82679e+02 7.60000e+01
1.82869e+02 7.60000e+01
1.83058e+02 7.60000e+01
1.83251e+02 7.60000e+01
1.83441e+02 7.60000e+01
1.83633e+02 7.60000e+01
1.83824e+02 7.60000e+01
1.84014e+02 7.60000e+01
1.84205e+02 7.60000e+01
1.84396e+02 7.60000e+01
1.84587e+02 7.60000e+01
1.84777e+02 7.60000e+01
1.84966e+02 7.60000e+01
1.85158e+02 7.60000e+01
1.85347e+02 7.60000e+01
1.85535e+02 7.60000e+01
1.85726e+02 7.60000e+01
1.85918e+02 7.60000e+01
1.86109e+02 7.60000e+01
1.86299e+02 7.60000e+01
1.86488e+02 7.60000e+01
1.86679e+02 7.60000e+01
1.86870e+02 7.60000e+01
1.87059e+02 7.60000e+01
1.87252e+02 7.60000e+01
1.87468e+02 7.60000e+01
1.87673e+02 7.60000e+01
1.87862e+02 7.60000e+01
1.88052e+02 7.60000e+01
1.88244e+02 7.60000e+01
1.88436e+02 7.60000e+01
1.88627e+02 7.60000e+01
1.88818e+02 7.60000e+01
1.89008e+02 7.60000e+01
1.89201e+02 7.60000e+01
1.89391e+02 7.60000e+01
1.89581e+02 7.60000e+01
1.89772e+02 7.60000e+01
1.89962e+02 7.60000e+01
1.90154e+02 7.60000e+01
1.90343e+02 7.60000e+01
1.90532e+02 7.60000e+01
1.90722e+02 7.60000e+01
1.90912e+02 7.60000e+01
1.91103e+02 7.60000e+01
