2.02060e-02 6.77000e+02
2.16432e-01 5.06000e+02
4.14727e-01 4.28000e+02
6.08268e-01 3.57000e+02
7.99808e-01 2.99000e+02
9.91959e-01 2.92000e+02
1.18615e+00 2.44000e+02
1.38205e+00 2.42000e+02
1.57463e+00 2.27000e+02
1.76538e+00 2.23000e+02
1.95931e+00 2.14000e+02
2.15060e+00 2.03000e+02
2.34830e+00 2.50000e+02
2.53859e+00 2.61000e+02
2.73022e+00 2.46000e+02
2.92232e+00 2.60000e+02
3.11516e+00 2.60000e+02
3.30940e+00 2.73000e+02
3.50185e+00 2.18000e+02
3.69347e+00 2.50000e+02
3.88535e+00 2.91000e+02
4.07790e+00 3.04000e+02
4.26744e+00 3.19000e+02
4.46391e+00 2.89000e+02
4.65585e+00 2.39000e+02
4.84813e+00 2.19000e+02
5.04075e+00 2.77000e+02
5.25387e+00 2.75000e+02
5.45754e+00 2.84000e+02
5.65134e+00 2.93000e+02
5.84318e+00 2.54000e+02
6.03576e+00 2.48000e+02
6.22905e+00 2.43000e+02
6.42637e+00 2.12000e+02
6.62007e+00 2.25000e+02
6.81340e+00 2.59000e+02
7.00397e+00 2.46000e+02
7.19553e+00 2.04000e+02
7.38977e+00 1.99000e+02
7.58169e+00 1.54000e+02
7.77244e+00 1.29000e+02
7.96470e+00 1.63000e+02
8.15532e+00 1.53000e+02
8.34925e+00 1.46000e+02
8.54095e+00 1.28000e+02
8.73285e+00 1.39000e+02
8.92378e+00 1.32000e+02
9.11425e+00 1.59000e+02
9.30544e+00 1.34000e+02
9.49817e+00 1.60000e+02
9.69172e+00 1.84000e+02
9.88470e+00 1.97000e+02
1.00773e+01 1.64000e+02
1.02696e+01 1.74000e+02
1.04665e+01 1.41000e+02
1.06597e+01 1.31000e+02
1.08525e+01 1.34000e+02
1.10443e+01 1.62000e+02
1.12359e+01 1.40000e+02
1.14328e+01 1.44000e+02
1.16239e+01 1.46000e+02
1.18176e+01 1.53000e+02
1.20099e+01 1.28000e+02
1.22014e+01 1.27000e+02
1.23956e+01 1.44000e+02
1.25867e+01 1.21000e+02
1.27775e+01 1.46000e+02
1.29679e+01 1.34000e+02
1.31579e+01 1.43000e+02
1.33537e+01 1.37000e+02
1.35465e+01 1.52000e+02
1.37390e+01 9.20000e+01
1.39304e+01 1.03000e+02
1.41222e+01 1.12000e+02
1.43133e+01 1.18000e+02
1.45062e+01 1.06000e+02
1.46968e+01 8.90000e+01
1.48887e+01 8.70000e+01
1.50772e+01 1.04000e+02
1.52676e+01 1.12000e+02
1.54615e+01 1.03000e+02
1.56519e+01 1.02000e+02
1.58419e+01 1.05000e+02
1.60340e+01 1.07000e+02
1.62250e+01 1.22000e+02
1.64199e+01 1.11000e+02
1.66096e+01 1.19000e+02
1.68047e+01 1.37000e+02
1.69974e+01 1.31000e+02
1.71898e+01 1.32000e+02
1.73833e+01 1.10000e+02
1.75743e+01 1.38000e+02
1.77655e+01 1.42000e+02
1.79573e+01 1.42000e+02
1.81478e+01 1.18000e+02
1.83415e+01 1.42000e+02
1.85352e+01 1.31000e+02
1.87287e+01 1.42000e+02
1.89219e+01 1.50000e+02
1.91137e+01 1.78000e+02
1.93049e+01 1.89000e+02
1.95011e+01 1.50000e+02
1.96925e+01 1.27000e+02
1.98823e+01 1.41000e+02
2.00750e+01 1.39000e+02
2.02864e+01 1.26000e+02
2.04832e+01 1.19000e+02
2.06736e+01 1.19000e+02
2.08648e+01 1.30000e+02
2.10545e+01 1.28000e+02
2.12447e+01 1.16000e+02
2.14399e+01 1.19000e+02
2.16318e+01 1.43000e+02
2.18237e+01 1.68000e+02
2.20140e+01 1.83000e+02
2.22048e+01 1.74000e+02
2.23985e+01 1.44000e+02
2.25891e+01 2.14000e+02
2.27794e+01 2.49000e+02
2.29699e+01 2.12000e+02
2.31590e+01 1.79000e+02
2.33526e+01 1.86000e+02
2.35435e+01 2.15000e+02
2.37343e+01 1.97000e+02
2.39238e+01 2.13000e+02
2.41151e+01 2.25000e+02
2.43048e+01 1.99000e+02
2.44983e+01 1.51000e+02
2.46902e+01 1.74000e+02
2.48812e+01 1.82000e+02
2.50713e+01 1.77000e+02
2.52627e+01 1.61000e+02
2.54594e+01 1.11000e+02
2.56512e+01 1.08000e+02
2.58411e+01 1.05000e+02
2.60326e+01 9.30000e+01
2.62219e+01 9.30000e+01
2.64164e+01 1.03000e+02
2.66072e+01 1.22000e+02
2.67982e+01 1.01000e+02
2.69880e+01 9.90000e+01
2.71787e+01 1.03000e+02
2.73731e+01 1.46000e+02
2.75662e+01 1.11000e+02
2.77560e+01 1.26000e+02
2.79469e+01 1.30000e+02
2.81366e+01 1.22000e+02
2.83267e+01 1.33000e+02
2.85195e+01 1.47000e+02
2.87109e+01 1.16000e+02
2.89009e+01 1.63000e+02
2.90922e+01 1.81000e+02
2.92824e+01 1.76000e+02
2.94760e+01 1.47000e+02
2.96674e+01 1.35000e+02
2.98584e+01 1.20000e+02
3.00496e+01 8.80000e+01
3.02391e+01 8.40000e+01
3.04332e+01 1.02000e+02
3.06239e+01 1.10000e+02
3.08123e+01 1.14000e+02
3.10039e+01 1.27000e+02
3.11946e+01 9.70000e+01
3.13880e+01 1.15000e+02
3.15779e+01 1.00000e+02
3.17664e+01 8.90000e+01
3.19562e+01 8.90000e+01
3.21460e+01 9.40000e+01
3.23380e+01 1.31000e+02
3.25309e+01 1.24000e+02
3.27211e+01 1.63000e+02
3.29100e+01 1.50000e+02
3.31011e+01 1.48000e+02
3.32911e+01 1.59000e+02
3.34854e+01 1.73000e+02
3.36763e+01 1.84000e+02
3.38657e+01 1.73000e+02
3.40566e+01 1.27000e+02
3.42468e+01 1.26000e+02
3.44408e+01 1.38000e+02
3.46320e+01 1.56000e+02
3.48221e+01 1.23000e+02
3.50119e+01 1.16000e+02
3.52250e+01 1.07000e+02
3.54326e+01 1.20000e+02
3.56303e+01 1.38000e+02
3.58202e+01 9.80000e+01
3.60097e+01 1.08000e+02
3.61999e+01 1.24000e+02
3.63930e+01 1.15000e+02
3.65838e+01 1.01000e+02
3.67721e+01 1.11000e+02
3.69618e+01 1.10000e+02
3.71511e+01 8.90000e+01
3.73413e+01 9.90000e+01
3.75342e+01 7.40000e+01
3.77224e+01 7.40000e+01
3.79114e+01 7.40000e+01
3.81006e+01 7.40000e+01
3.82879e+01 7.40000e+01
3.84811e+01 7.40000e+01
3.86693e+01 7.40000e+01
3.88585e+01 7.40000e+01
3.90473e+01 7.40000e+01
3.92373e+01 7.40000e+01
3.94308e+01 7.40000e+01
3.96208e+01 7.40000e+01
3.98102e+01 7.40000e+01
4.00005e+01 7.40000e+01
4.01912e+01 7.40000e+01
4.03835e+01 7.40000e+01
4.05748e+01 7.40000e+01
4.07657e+01 7.40000e+01
4.09558e+01 7.40000e+01
4.11457e+01 7.40000e+01
4.13375e+01 7.40000e+01
4.15303e+01 7.40000e+01
4.17199e+01 7.40000e+01
4.19074e+01 7.40000e+01
4.20952e+01 7.40000e+01
4.22832e+01 7.40000e+01
4.24770e+01 7.40000e+01
4.26661e+01 7.40000e+01
4.28554e+01 7.40000e+01
4.30443e+01 7.40000e+01
4.32313e+01 7.40000e+01
4.34229e+01 7.40000e+01
4.36133e+01 7.40000e+01
4.38036e+01 7.40000e+01
4.39917e+01 7.40000e+01
4.41812e+01 7.40000e+01
4.43740e+01 7.40000e+01
4.45640e+01 7.40000e+01
4.47540e+01 7.40000e+01
4.49434e+01 7.40000e+01
4.51329e+01 7.40000e+01
4.53217e+01 7.40000e+01
4.55141e+01 7.40000e+01
4.57031e+01 7.40000e+01
4.58923e+01 7.40000e+01
4.60819e+01 7.40000e+01
4.62711e+01 7.40000e+01
4.64629e+01 7.40000e+01
4.66522e+01 7.40000e+01
4.68424e+01 7.40000e+01
4.70336e+01 7.40000e+01
4.72228e+01 7.40000e+01
4.74171e+01 7.40000e+01
4.76069e+01 7.40000e+01
4.77975e+01 7.40000e+01
4.79875e+01 7.40000e+01
4.81771e+01 7.40000e+01
4.83699e+01 7.40000e+01
4.85622e+01 7.40000e+01
4.87511e+01 7.40000e+01
4.89423e+01 7.40000e+01
4.91315e+01 7.40000e+01
4.93210e+01 7.40000e+01
4.95143e+01 7.40000e+01
4.97051e+01 7.40000e+01
4.98946e+01 7.40000e+01
5.00896e+01 7.40000e+01
5.02971e+01 7.40000e+01
5.04904e+01 7.40000e+01
5.06796e+01 7.40000e+01
5.08679e+01 7.40000e+01
5.10571e+01 7.40000e+01
5.12469e+01 7.40000e+01
5.14403e+01 7.40000e+01
5.16328e+01 7.40000e+01
5.18219e+01 7.40000e+01
5.20114e+01 7.40000e+01
5.22014e+01 7.40000e+01
5.23935e+01 7.40000e+01
5.25821e+01 7.40000e+01
5.27724e+01 7.40000e+01
5.29624e+01 7.40000e+01
5.31526e+01 7.40000e+01
5.33420e+01 7.40000e+01
5.35352e+01 7.40000e+01
5.37242e+01 7.40000e+01
5.39131e+01 7.40000e+01
5.41032e+01 7.40000e+01
5.42913e+01 7.40000e+01
5.44834e+01 7.40000e+01
5.46833e+01 7.40000e+01
5.48829e+01 7.40000e+01
5.50740e+01 7.40000e+01
5.52648e+01 7.40000e+01
5.54583e+01 7.40000e+01
5.56485e+01 7.40000e+01
5.58385e+01 7.40000e+01
5.60287e+01 7.40000e+01
5.62200e+01 7.40000e+01
5.64129e+01 7.40000e+01
5.66037e+01 7.40000e+01
5.67948e+01 7.40000e+01
5.69837e+01 7.40000e+01
5.71728e+01 7.40000e+01
5.73619e+01 7.40000e+01
5.75549e+01 7.40000e+01
5.77450e+01 7.40000e+01
5.79339e+01 7.40000e+01
5.81244e+01 7.40000e+01
5.83140e+01 7.40000e+01
5.85080e+01 7.40000e+01
5.86975e+01 7.40000e+01
5.88876e+01 7.40000e+01
5.90775e+01 7.40000e+01
5.92680e+01 7.40000e+01
5.94606e+01 7.40000e+01
5.96520e+01 7.40000e+01
5.98405e+01 7.40000e+01
6.00305e+01 7.40000e+01
6.02191e+01 7.40000e+01
6.04117e+01 7.40000e+01
6.06025e+01 7.40000e+01
6.07933e+01 7.40000e+01
6.09823e+01 7.40000e+01
6.11720e+01 7.40000e+01
6.13606e+01 7.40000e+01
6.15538e+01 7.40000e+01
6.17438e+01 7.40000e+01
6.19331e+01 7.40000e+01
6.21231e+01 7.40000e+01
6.23137e+01 7.40000e+01
6.25061e+01 7.40000e+01
6.26963e+01 7.40000e+01
6.28837e+01 7.40000e+01
6.30746e+01 7.40000e+01
6.32628e+01 7.40000e+01
6.34556e+01 7.40000e+01
6.36458e+01 7.40000e+01
6.38359e+01 7.40000e+01
6.40247e+01 7.40000e+01
6.42134e+01 7.40000e+01
6.44052e+01 7.40000e+01
6.45963e+01 7.40000e+01
6.47863e+01 7.40000e+01
6.49760e+01 7.40000e+01
6.51808e+01 7.40000e+01
6.53824e+01 7.40000e+01
6.55752e+01 7.40000e+01
6.57661e+01 7.40000e+01
6.59573e+01 7.40000e+01
6.61478e+01 7.40000e+01
6.63372e+01 7.40000e+01
6.65322e+01 7.40000e+01
6.67233e+01 7.40000e+01
6.69137e+01 7.40000e+01
6.71043e+01 7.40000e+01
6.72954e+01 7.40000e+01
6.74894e+01 7.40000e+01
6.76819e+01 7.40000e+01
6.78717e+01 7.40000e+01
6.80607e+01 7.40000e+01
6.82515e+01 7.40000e+01
6.84447e+01 7.40000e+01
6.86370e+01 7.40000e+01
6.88279e+01 7.40000e+01
6.90189e+01 7.40000e+01
6.92091e+01 7.40000e+01
6.94012e+01 7.40000e+01
6.95913e+01 7.40000e+01
6.97803e+01 7.40000e+01
6.99701e+01 7.40000e+01
7.01603e+01 7.40000e+01
7.03490e+01 7.40000e+01
7.05414e+01 7.40000e+01
7.07313e+01 7.40000e+01
7.09209e+01 7.40000e+01
7.11104e+01 7.40000e+01
7.12990e+01 7.40000e+01
7.14905e+01 7.40000e+01
7.16800e+01 7.40000e+01
7.18690e+01 7.40000e+01
7.20578e+01 7.40000e+01
7.22480e+01 7.40000e+01
7.24392e+01 7.40000e+01
7.26300e+01 7.40000e+01
7.28200e+01 7.40000e+01
7.30095e+01 7.40000e+01
7.31984e+01 7.40000e+01
7.33875e+01 7.40000e+01
7.35802e+01 7.40000e+01
7.37707e+01 7.40000e+01
7.39610e+01 7.40000e+01
7.41534e+01 7.40000e+01
7.43438e+01 7.40000e+01
7.45384e+01 7.40000e+01
7.47259e+01 7.40000e+01
7.49141e+01 7.40000e+01
7.51043e+01 7.40000e+01
7.52956e+01 7.40000e+01
7.54881e+01 7.40000e+01
7.56799e+01 7.40000e+01
7.58694e+01 7.40000e+01
7.60601e+01 7.40000e+01
7.62484e+01 7.40000e+01
7.64412e+01 7.40000e+01
7.66316e+01 7.40000e+01
7.68234e+01 7.40000e+01
7.70182e+01 7.40000e+01
7.72106e+01 7.40000e+01
7.74022e+01 7.40000e+01
7.75944e+01 7.40000e+01
7.77837e+01 7.40000e+01
7.79740e+01 7.40000e+01
7.81650e+01 7.40000e+01
7.83548e+01 7.40000e+01
7.85472e+01 7.40000e+01
7.87371e+01 7.40000e+01
7.89266e+01 7.40000e+01
7.91177e+01 7.40000e+01
7.93076e+01 7.40000e+01
7.95008e+01 7.40000e+01
7.96904e+01 7.40000e+01
7.98801e+01 7.40000e+01
8.00694e+01 7.40000e+01
8.02844e+01 7.40000e+01
8.04974e+01 7.40000e+01
8.06895e+01 7.40000e+01
8.08784e+01 7.40000e+01
8.10682e+01 7.40000e+01
8.12590e+01 7.40000e+01
8.14541e+01 7.40000e+01
8.16453e+01 7.40000e+01
8.18345e+01 7.40000e+01
8.20236e+01 7.40000e+01
8.22152e+01 7.40000e+01
8.24054e+01 7.40000e+01
8.25984e+01 7.40000e+01
8.27887e+01 7.40000e+01
8.29798e+01 7.40000e+01
8.31708e+01 7.40000e+01
8.33601e+01 7.40000e+01
8.35536e+01 7.40000e+01
8.37452e+01 7.40000e+01
8.39354e+01 7.40000e+01
8.41250e+01 7.40000e+01
8.43153e+01 7.40000e+01
8.45074e+01 7.40000e+01
8.46988e+01 7.40000e+01
8.48885e+01 7.40000e+01
8.50789e+01 7.40000e+01
8.52704e+01 7.40000e+01
8.54635e+01 7.40000e+01
8.56546e+01 7.40000e+01
8.58447e+01 7.40000e+01
8.60347e+01 7.40000e+01
8.62243e+01 7.40000e+01
8.64160e+01 7.40000e+01
8.66086e+01 7.40000e+01
8.67996e+01 7.40000e+01
8.69899e+01 7.40000e+01
8.71813e+01 7.40000e+01
8.73722e+01 7.40000e+01
8.75657e+01 7.40000e+01
8.77560e+01 7.40000e+01
8.79458e+01 7.40000e+01
8.81368e+01 7.40000e+01
8.83278e+01 7.40000e+01
8.85199e+01 7.40000e+01
8.87092e+01 7.40000e+01
8.88995e+01 7.40000e+01
8.90911e+01 7.40000e+01
8.92812e+01 7.40000e+01
8.94756e+01 7.40000e+01
8.96673e+01 7.40000e+01
8.98579e+01 7.40000e+01
9.00484e+01 7.40000e+01
9.02392e+01 7.40000e+01
9.04312e+01 7.40000e+01
9.06222e+01 7.40000e+01
9.08134e+01 7.40000e+01
9.10038e+01 7.40000e+01
9.11952e+01 7.40000e+01
9.13870e+01 7.40000e+01
9.15787e+01 7.40000e+01
9.17695e+01 7.40000e+01
9.19591e+01 7.40000e+01
9.21500e+01 7.40000e+01
9.23395e+01 7.40000e+01
9.25325e+01 7.40000e+01
9.27227e+01 7.40000e+01
9.29127e+01 7.40000e+01
9.31026e+01 7.40000e+01
9.32923e+01 7.40000e+01
9.34848e+01 7.40000e+01
9.36760e+01 7.40000e+01
9.38655e+01 7.40000e+01
9.40562e+01 7.40000e+01
9.42461e+01 7.40000e+01
9.44402e+01 7.40000e+01
9.46313e+01 7.40000e+01
9.48218e+01 7.40000e+01
9.50124e+01 7.40000e+01
9.52253e+01 7.40000e+01
9.54218e+01 7.40000e+01
9.56162e+01 7.40000e+01
9.58069e+01 7.40000e+01
9.59981e+01 7.40000e+01
9.61898e+01 7.40000e+01
9.63822e+01 7.40000e+01
9.65762e+01 7.40000e+01
9.67672e+01 7.40000e+01
9.69557e+01 7.40000e+01
9.71456e+01 7.40000e+01
9.73359e+01 7.40000e+01
9.75313e+01 7.40000e+01
9.77219e+01 7.40000e+01
9.79127e+01 7.40000e+01
9.81011e+01 7.40000e+01
9.82916e+01 7.40000e+01
9.84841e+01 7.40000e+01
9.86747e+01 7.40000e+01
9.88640e+01 7.40000e+01
9.90540e+01 7.40000e+01
9.92421e+01 7.40000e+01
9.94321e+01 7.40000e+01
9.96292e+01 7.40000e+01
9.98307e+01 7.40000e+01
1.00020e+02 7.40000e+01
1.00211e+02 7.40000e+01
1.00400e+02 7.40000e+01
1.00592e+02 7.40000e+01
1.00782e+02 7.40000e+01
1.00971e+02 7.40000e+01
1.01161e+02 7.40000e+01
1.01352e+02 7.40000e+01
1.01545e+02 7.40000e+01
1.01736e+02 7.40000e+01
1.01925e+02 7.40000e+01
1.02115e+02 7.40000e+01
1.02305e+02 7.40000e+01
1.02498e+02 7.40000e+01
1.02688e+02 7.40000e+01
1.02880e+02 7.40000e+01
1.03069e+02 7.40000e+01
1.03259e+02 7.40000e+01
1.03453e+02 7.40000e+01
1.03645e+02 7.40000e+01
1.03835e+02 7.40000e+01
1.04025e+02 7.40000e+01
1.04213e+02 7.40000e+01
1.04406e+02 7.40000e+01
1.04599e+02 7.40000e+01
1.04789e+02 7.40000e+01
1.04979e+02 7.40000e+01
1.05170e+02 7.40000e+01
1.05361e+02 7.40000e+01
1.05556e+02 7.40000e+01
1.05746e+02 7.40000e+01
1.05936e+02 7.40000e+01
1.06125e+02 7.40000e+01
1.06315e+02 7.40000e+01
1.06510e+02 7.40000e+01
1.06701e+02 7.40000e+01
1.06891e+02 7.40000e+01
1.07082e+02 7.40000e+01
1.07273e+02 7.40000e+01
1.07466e+02 7.40000e+01
1.07656e+02 7.40000e+01
1.07847e+02 7.40000e+01
1.08038e+02 7.40000e+01
1.08229e+02 7.40000e+01
1.08421e+02 7.40000e+01
1.08614e+02 7.40000e+01
1.08804e+02 7.40000e+01
1.08995e+02 7.40000e+01
1.09184e+02 7.40000e+01
1.09375e+02 7.40000e+01
1.09569e+02 7.40000e+01
1.09759e+02 7.40000e+01
1.09949e+02 7.40000e+01
1.10152e+02 7.40000e+01
1.10351e+02 7.40000e+01
1.10546e+02 7.40000e+01
1.10737e+02 7.40000e+01
1.10928e+02 7.40000e+01
1.11120e+02 7.40000e+01
1.11312e+02 7.40000e+01
1.11505e+02 7.40000e+01
1.11697e+02 7.40000e+01
1.11887e+02 7.40000e+01
1.12077e+02 7.40000e+01
1.12267e+02 7.40000e+01
1.12458e+02 7.40000e+01
1.12648e+02 7.40000e+01
1.12835e+02 7.40000e+01
1.13024e+02 7.40000e+01
1.13214e+02 7.40000e+01
1.13404e+02 7.40000e+01
1.13599e+02 7.40000e+01
1.13790e+02 7.40000e+01
1.13980e+02 7.40000e+01
1.14169e+02 7.40000e+01
1.14358e+02 7.40000e+01
1.14551e+02 7.40000e+01
1.14743e+02 7.40000e+01
1.14933e+02 7.40000e+01
1.15123e+02 7.40000e+01
1.15315e+02 7.40000e+01
1.15508e+02 7.40000e+01
1.15699e+02 7.40000e+01
1.15889e+02 7.40000e+01
1.16078e+02 7.40000e+01
1.16267e+02 7.40000e+01
1.16458e+02 7.40000e+01
1.16652e+02 7.40000e+01
1.16844e+02 7.40000e+01
1.17033e+02 7.40000e+01
1.17222e+02 7.40000e+01
1.17414e+02 7.40000e+01
1.17607e+02 7.40000e+01
1.17797e+02 7.40000e+01
1.17986e+02 7.40000e+01
1.18177e+02 7.40000e+01
1.18366e+02 7.40000e+01
1.18559e+02 7.40000e+01
1.18749e+02 7.40000e+01
1.18938e+02 7.40000e+01
1.19128e+02 7.40000e+01
1.19320e+02 7.40000e+01
1.19512e+02 7.40000e+01
1.19701e+02 7.40000e+01
1.19890e+02 7.40000e+01
1.20081e+02 7.40000e+01
1.20271e+02 7.40000e+01
1.20462e+02 7.40000e+01
1.20656e+02 7.40000e+01
1.20847e+02 7.40000e+01
1.21037e+02 7.40000e+01
1.21228e+02 7.40000e+01
1.21419e+02 7.40000e+01
1.21613e+02 7.40000e+01
1.21802e+02 7.40000e+01
1.21992e+02 7.40000e+01
1.22181e+02 7.40000e+01
1.22372e+02 7.40000e+01
1.22564e+02 7.40000e+01
1.22753e+02 7.40000e+01
1.22944e+02 7.40000e+01
1.23134e+02 7.40000e+01
1.23324e+02 7.40000e+01
1.23516e+02 7.40000e+01
1.23706e+02 7.40000e+01
1.23896e+02 7.40000e+01
1.24084e+02 7.40000e+01
1.24273e+02 7.40000e+01
1.24463e+02 7.40000e+01
1.24656e+02 7.40000e+01
1.24846e+02 7.40000e+01
1.25038e+02 7.40000e+01
1.25249e+02 7.40000e+01
1.25445e+02 7.40000e+01
1.25637e+02 7.40000e+01
1.25826e+02 7.40000e+01
1.26014e+02 7.40000e+01
1.26204e+02 7.40000e+01
1.26393e+02 7.40000e+01
1.26585e+02 7.40000e+01
1.26774e+02 7.40000e+01
1.26963e+02 7.40000e+01
1.27152e+02 7.40000e+01
1.27342e+02 7.40000e+01
1.27534e+02 7.40000e+01
1.27726e+02 7.40000e+01
1.27916e+02 7.40000e+01
1.28106e+02 7.40000e+01
1.28296e+02 7.40000e+01
1.28490e+02 7.40000e+01
1.28681e+02 7.40000e+01
1.28872e+02 7.40000e+01
1.29062e+02 7.40000e+01
1.29253e+02 7.40000e+01
1.29443e+02 7.40000e+01
1.29638e+02 7.40000e+01
1.29828e+02 7.40000e+01
1.30019e+02 7.40000e+01
1.30209e+02 7.40000e+01
1.30401e+02 7.40000e+01
1.30594e+02 7.40000e+01
1.30786e+02 7.40000e+01
1.30976e+02 7.40000e+01
1.31166e+02 7.40000e+01
1.31356e+02 7.40000e+01
1.31551e+02 7.40000e+01
1.31742e+02 7.40000e+01
1.31933e+02 7.40000e+01
1.32121e+02 7.40000e+01
1.32312e+02 7.40000e+01
1.32504e+02 7.40000e+01
1.32695e+02 7.40000e+01
1.32886e+02 7.40000e+01
1.33077e+02 7.40000e+01
1.33264e+02 7.40000e+01
1.33454e+02 7.40000e+01
1.33648e+02 7.40000e+01
1.33837e+02 7.40000e+01
1.34027e+02 7.40000e+01
1.34219e+02 7.40000e+01
1.34408e+02 7.40000e+01
1.34601e+02 7.40000e+01
1.34790e+02 7.40000e+01
1.34979e+02 7.40000e+01
1.35169e+02 7.40000e+01
1.35359e+02 7.40000e+01
1.35551e+02 7.40000e+01
1.35743e+02 7.40000e+01
1.35932e+02 7.40000e+01
1.36121e+02 7.40000e+01
1.36312e+02 7.40000e+01
1.36504e+02 7.40000e+01
1.36695e+02 7.40000e+01
1.36885e+02 7.40000e+01
1.37079e+02 7.40000e+01
1.37272e+02 7.40000e+01
1.37464e+02 7.40000e+01
1.37659e+02 7.40000e+01
1.37849e+02 7.40000e+01
1.38040e+02 7.40000e+01
1.38229e+02 7.40000e+01
1.38419e+02 7.40000e+01
1.38611e+02 7.40000e+01
1.38802e+02 7.40000e+01
1.38992e+02 7.40000e+01
1.39182e+02 7.40000e+01
1.39372e+02 7.40000e+01
1.39565e+02 7.40000e+01
1.39754e+02 7.40000e+01
1.39944e+02 7.40000e+01
1.40142e+02 7.40000e+01
1.40343e+02 7.40000e+01
1.40535e+02 7.40000e+01
1.40724e+02 7.40000e+01
1.40913e+02 7.40000e+01
1.41102e+02 7.40000e+01
1.41291e+02 7.40000e+01
1.41480e+02 7.40000e+01
1.41672e+02 7.40000e+01
1.41862e+02 7.40000e+01
1.42050e+02 7.40000e+01
1.42241e+02 7.40000e+01
1.42432e+02 7.40000e+01
1.42626e+02 7.40000e+01
1.42815e+02 7.40000e+01
1.43004e+02 7.40000e+01
1.43193e+02 7.40000e+01
1.43383e+02 7.40000e+01
1.43574e+02 7.40000e+01
1.43764e+02 7.40000e+01
1.43951e+02 7.40000e+01
1.44141e+02 7.40000e+01
1.44331e+02 7.40000e+01
1.44523e+02 7.40000e+01
1.44714e+02 7.40000e+01
1.44904e+02 7.40000e+01
1.45093e+02 7.40000e+01
1.45280e+02 7.40000e+01
1.45470e+02 7.40000e+01
1.45663e+02 7.40000e+01
1.45851e+02 7.40000e+01
1.46040e+02 7.40000e+01
1.46230e+02 7.40000e+01
1.46421e+02 7.40000e+01
1.46612e+02 7.40000e+01
1.46802e+02 7.40000e+01
1.46992e+02 7.40000e+01
1.47179e+02 7.40000e+01
1.47368e+02 7.40000e+01
1.47560e+02 7.40000e+01
1.47750e+02 7.40000e+01
1.47939e+02 7.40000e+01
1.48127e+02 7.40000e+01
1.48316e+02 7.40000e+01
1.48507e+02 7.40000e+01
1.48697e+02 7.40000e+01
1.48886e+02 7.40000e+01
1.49077e+02 7.40000e+01
1.49266e+02 7.40000e+01
1.49457e+02 7.40000e+01
1.49649e+02 7.40000e+01
1.49838e+02 7.40000e+01
1.50030e+02 7.40000e+01
1.50219e+02 7.40000e+01
1.50408e+02 7.40000e+01
1.50599e+02 7.40000e+01
1.50789e+02 7.40000e+01
1.50980e+02 7.40000e+01
1.51169e+02 7.40000e+01
1.51360e+02 7.40000e+01
1.51552e+02 7.40000e+01
1.51742e+02 7.40000e+01
1.51933e+02 7.40000e+01
1.52123e+02 7.40000e+01
1.52312e+02 7.40000e+01
1.52502e+02 7.40000e+01
1.52694e+02 7.40000e+01
1.52884e+02 7.40000e+01
1.53073e+02 7.40000e+01
1.53262e+02 7.40000e+01
1.53452e+02 7.40000e+01
1.53647e+02 7.40000e+01
1.53836e+02 7.40000e+01
1.54026e+02 7.40000e+01
1.54216e+02 7.40000e+01
1.54406e+02 7.40000e+01
1.54600e+02 7.40000e+01
1.54790e+02 7.40000e+01
1.54980e+02 7.40000e+01
1.55185e+02 7.40000e+01
1.55386e+02 7.40000e+01
1.55581e+02 7.40000e+01
1.55773e+02 7.40000e+01
1.55964e+02 7.40000e+01
1.56155e+02 7.40000e+01
1.56346e+02 7.40000e+01
1.56539e+02 7.40000e+01
1.56730e+02 7.40000e+01
1.56921e+02 7.40000e+01
1.57112e+02 7.40000e+01
1.57302e+02 7.40000e+01
1.57492e+02 7.40000e+01
1.57686e+02 7.40000e+01
1.57878e+02 7.40000e+01
1.58069e+02 7.40000e+01
1.58260e+02 7.40000e+01
1.58450e+02 7.40000e+01
1.58645e+02 7.40000e+01
1.58836e+02 7.40000e+01
1.59027e+02 7.40000e+01
1.59218e+02 7.40000e+01
1.59410e+02 7.40000e+01
1.59607e+02 7.40000e+01
1.59801e+02 7.40000e+01
1.59992e+02 7.40000e+01
1.60181e+02 7.40000e+01
1.60371e+02 7.40000e+01
1.60564e+02 7.40000e+01
1.60754e+02 7.40000e+01
1.60943e+02 7.40000e+01
1.61132e+02 7.40000e+01
1.61322e+02 7.40000e+01
1.61513e+02 7.40000e+01
1.61706e+02 7.40000e+01
1.61896e+02 7.40000e+01
1.62085e+02 7.40000e+01
1.62275e+02 7.40000e+01
1.62465e+02 7.40000e+01
1.62658e+02 7.40000e+01
1.62848e+02 7.40000e+01
1.63037e+02 7.40000e+01
1.63227e+02 7.40000e+01
1.63416e+02 7.40000e+01
1.63610e+02 7.40000e+01
1.63800e+02 7.40000e+01
1.63990e+02 7.40000e+01
1.64181e+02 7.40000e+01
1.64373e+02 7.40000e+01
1.64567e+02 7.40000e+01
1.64759e+02 7.40000e+01
1.64951e+02 7.40000e+01
1.65144e+02 7.40000e+01
1.65338e+02 7.40000e+01
1.65530e+02 7.40000e+01
1.65723e+02 7.40000e+01
1.65916e+02 7.40000e+01
1.66108e+02 7.40000e+01
1.66301e+02 7.40000e+01
1.66493e+02 7.40000e+01
1.66688e+02 7.40000e+01
1.66879e+02 7.40000e+01
1.67070e+02 7.40000e+01
1.67261e+02 7.40000e+01
1.67452e+02 7.40000e+01
1.67644e+02 7.40000e+01
1.67833e+02 7.40000e+01
1.68024e+02 7.40000e+01
1.68215e+02 7.40000e+01
1.68406e+02 7.40000e+01
1.68600e+02 7.40000e+01
1.68790e+02 7.40000e+01
1.68982e+02 7.40000e+01
1.69174e+02 7.40000e+01
1.69365e+02 7.40000e+01
1.69560e+02 7.40000e+01
1.69753e+02 7.40000e+01
1.69945e+02 7.40000e+01
1.70150e+02 7.40000e+01
1.70356e+02 7.40000e+01
1.70551e+02 7.40000e+01
1.70743e+02 7.40000e+01
1.70935e+02 7.40000e+01
1.71127e+02 7.40000e+01
1.71317e+02 7.40000e+01
1.71508e+02 7.40000e+01
1.71706e+02 7.40000e+01
1.71900e+02 7.40000e+01
1.72093e+02 7.40000e+01
1.72286e+02 7.40000e+01
1.72479e+02 7.40000e+01
1.72675e+02 7.40000e+01
1.72867e+02 7.40000e+01
1.73059e+02 7.40000e+01
1.73251e+02 7.40000e+01
1.73443e+02 7.40000e+01
1.73638e+02 7.40000e+01
1.73831e+02 7.40000e+01
1.74023e+02 7.40000e+01
1.74213e+02 7.40000e+01
1.74405e+02 7.40000e+01
1.74601e+02 7.40000e+01
1.74793e+02 7.40000e+01
1.74984e+02 7.40000e+01
1.75177e+02 7.40000e+01
1.75368e+02 7.40000e+01
1.75560e+02 7.40000e+01
1.75752e+02 7.40000e+01
1.75943e+02 7.40000e+01
1.76135e+02 7.40000e+01
1.76325e+02 7.40000e+01
1.76516e+02 7.40000e+01
1.76712e+02 7.40000e+01
1.76902e+02 7.40000e+01
1.77094e+02 7.40000e+01
1.77286e+02 7.40000e+01
1.77479e+02 7.40000e+01
1.77674e+02 7.40000e+01
1.77866e+02 7.40000e+01
1.78056e+02 7.40000e+01
1.78245e+02 7.40000e+01
1.78435e+02 7.40000e+01
1.78630e+02 7.40000e+01
1.78823e+02 7.40000e+01
1.79015e+02 7.40000e+01
1.79207e+02 7.40000e+01
1.79400e+02 7.40000e+01
1.79594e+02 7.40000e+01
1.79784e+02 7.40000e+01
1.79976e+02 7.40000e+01
1.80169e+02 7.40000e+01
1.80360e+02 7.40000e+01
1.80553e+02 7.40000e+01
1.80748e+02 7.40000e+01
1.80938e+02 7.40000e+01
1.81130e+02 7.40000e+01
1.81322e+02 7.40000e+01
1.81513e+02 7.40000e+01
1.81705e+02 7.40000e+01
1.81896e+02 7.40000e+01
1.82088e+02 7.40000e+01
1.82279e+02 7.40000e+01
1.82472e+02 7.40000e+01
1.82666e+02 7.40000e+01
1.82857e+02 7.40000e+01
1.83048e+02 7.40000e+01
1.83240e+02 7.40000e+01
1.83430e+02 7.40000e+01
1.83624e+02 7.40000e+01
1.83816e+02 7.40000e+01
1.84007e+02 7.40000e+01
1.84199e+02 7.40000e+01
1.84391e+02 7.40000e+01
1.84586e+02 7.40000e+01
1.84779e+02 7.40000e+01
1.84971e+02 7.40000e+01
1.85182e+02 7.40000e+01
1.85392e+02 7.40000e+01
1.85589e+02 7.40000e+01
1.85782e+02 7.40000e+01
1.85974e+02 7.40000e+01
1.86167e+02 7.40000e+01
1.86359e+02 7.40000e+01
1.86550e+02 7.40000e+01
1.86744e+02 7.40000e+01
1.86934e+02 7.40000e+01
1.87125e+02 7.40000e+01
1.87317e+02 7.40000e+01
1.87508e+02 7.40000e+01
1.87703e+02 7.40000e+01
1.87895e+02 7.40000e+01
1.88087e+02 7.40000e+01
1.88279e+02 7.40000e+01
1.88470e+02 7.40000e+01
1.88665e+02 7.40000e+01
1.88855e+02 7.40000e+01
1.89046e+02 7.40000e+01
1.89239e+02 7.40000e+01
1.89430e+02 7.40000e+01
1.89624e+02 7.40000e+01
1.89816e+02 7.40000e+01
1.90006e+02 7.40000e+01
1.90196e+02 7.40000e+01
1.90386e+02 7.40000e+01
1.90579e+02 7.40000e+01
1.90771e+02 7.40000e+01
1.90962e+02 7.40000e+01
1.91153e+02 7.40000e+01
1.91345e+02 7.40000e+01
