2.01920e-02 6.51000e+02
2.15521e-01 4.93000e+02
4.13443e-01 4.58000e+02
6.05176e-01 3.76000e+02
7.96959e-01 3.37000e+02
9.90964e-01 3.36000e+02
1.18919e+00 2.85000e+02
1.38312e+00 3.03000e+02
1.57596e+00 3.03000e+02
1.76726e+00 2.86000e+02
1.95970e+00 2.58000e+02
2.15156e+00 3.46000e+02
2.34682e+00 3.45000e+02
2.53897e+00 2.99000e+02
2.73217e+00 2.87000e+02
2.92348e+00 1.79000e+02
3.11440e+00 1.33000e+02
3.30802e+00 1.54000e+02
3.49979e+00 1.49000e+02
3.68940e+00 1.17000e+02
3.87979e+00 9.90000e+01
4.06940e+00 7.00000e+01
4.26318e+00 6.80000e+01
4.45360e+00 8.10000e+01
4.64482e+00 7.20000e+01
4.83565e+00 7.50000e+01
5.02571e+00 7.70000e+01
5.21645e+00 7.20000e+01
5.40863e+00 6.30000e+01
5.59820e+00 5.80000e+01
5.78922e+00 5.80000e+01
5.98012e+00 5.80000e+01
6.16942e+00 5.80000e+01
6.36464e+00 5.80000e+01
6.55548e+00 5.80000e+01
6.74675e+00 5.80000e+01
6.93738e+00 5.80000e+01
7.12754e+00 5.80000e+01
7.32234e+00 5.80000e+01
7.51328e+00 5.80000e+01
7.70496e+00 5.80000e+01
7.89637e+00 5.80000e+01
8.08649e+00 5.80000e+01
8.27792e+00 5.80000e+01
8.46958e+00 5.80000e+01
8.65949e+00 5.80000e+01
8.84971e+00 5.80000e+01
9.04012e+00 5.80000e+01
9.22977e+00 5.80000e+01
9.42311e+00 5.80000e+01
9.61262e+00 5.80000e+01
9.80426e+00 5.80000e+01
9.99560e+00 5.80000e+01
1.01882e+01 5.80000e+01
1.03821e+01 5.80000e+01
1.05722e+01 5.80000e+01
1.07626e+01 5.80000e+01
1.09526e+01 5.80000e+01
1.11420e+01 5.80000e+01
1.13352e+01 5.80000e+01
1.15403e+01 5.80000e+01
1.17516e+01 5.80000e+01
1.19447e+01 5.80000e+01
1.21356e+01 5.80000e+01
1.23283e+01 5.80000e+01
1.25177e+01 5.80000e+01
1.27081e+01 5.80000e+01
1.28988e+01 5.80000e+01
1.30892e+01 5.80000e+01
1.32823e+01 5.80000e+01
1.34734e+01 5.80000e+01
1.36635e+01 5.80000e+01
1.38544e+01 5.80000e+01
1.40469e+01 5.80000e+01
1.42378e+01 5.80000e+01
1.44308e+01 5.80000e+01
1.46206e+01 5.80000e+01
1.48114e+01 5.80000e+01
1.50018e+01 5.80000e+01
1.51923e+01 5.80000e+01
1.53855e+01 5.80000e+01
1.55749e+01 5.80000e+01
1.57649e+01 5.80000e+01
1.59553e+01 5.80000e+01
1.61469e+01 5.80000e+01
1.63402e+01 5.80000e+01
1.65305e+01 5.80000e+01
1.67205e+01 5.80000e+01
1.69109e+01 5.80000e+01
1.71017e+01 5.80000e+01
1.72948e+01 5.80000e+01
1.74848e+01 5.80000e+01
1.76745e+01 5.80000e+01
1.78658e+01 5.80000e+01
1.80555e+01 5.80000e+01
1.82469e+01 5.80000e+01
1.84411e+01 5.80000e+01
1.86318e+01 5.80000e+01
1.88218e+01 5.80000e+01
1.90115e+01 5.80000e+01
1.92001e+01 5.80000e+01
1.93939e+01 5.80000e+01
1.95846e+01 5.80000e+01
1.97740e+01 5.80000e+01
1.99638e+01 5.80000e+01
2.01542e+01 5.80000e+01
2.03488e+01 5.80000e+01
2.05416e+01 5.80000e+01
2.07322e+01 5.80000e+01
2.09232e+01 5.80000e+01
2.11140e+01 5.80000e+01
2.13060e+01 5.80000e+01
2.14983e+01 5.80000e+01
2.16887e+01 5.80000e+01
2.18802e+01 5.80000e+01
2.20707e+01 5.80000e+01
2.22608e+01 5.80000e+01
2.24554e+01 5.80000e+01
2.26454e+01 5.80000e+01
2.28363e+01 5.80000e+01
2.30262e+01 5.80000e+01
2.32172e+01 5.80000e+01
2.34108e+01 5.80000e+01
2.36008e+01 5.80000e+01
2.37915e+01 5.80000e+01
2.39835e+01 5.80000e+01
2.41733e+01 5.80000e+01
2.43671e+01 5.80000e+01
2.45573e+01 5.80000e+01
2.47469e+01 5.80000e+01
2.49359e+01 5.80000e+01
2.51252e+01 5.80000e+01
2.53185e+01 5.80000e+01
2.55092e+01 5.80000e+01
2.56976e+01 5.80000e+01
2.58878e+01 5.80000e+01
2.60781e+01 5.80000e+01
2.62681e+01 5.80000e+01
2.64616e+01 5.80000e+01
2.66796e+01 5.80000e+01
2.68743e+01 5.80000e+01
2.70650e+01 5.80000e+01
2.72552e+01 5.80000e+01
2.74474e+01 5.80000e+01
2.76367e+01 5.80000e+01
2.78264e+01 5.80000e+01
2.80168e+01 5.80000e+01
2.82063e+01 5.80000e+01
2.83993e+01 5.80000e+01
2.85907e+01 5.80000e+01
2.87788e+01 5.80000e+01
2.89677e+01 5.80000e+01
2.91574e+01 5.80000e+01
2.93491e+01 5.80000e+01
2.95379e+01 5.80000e+01
2.97280e+01 5.80000e+01
2.99170e+01 5.80000e+01
3.01058e+01 5.80000e+01
3.02963e+01 5.80000e+01
3.04854e+01 5.80000e+01
3.06735e+01 5.80000e+01
3.08637e+01 5.80000e+01
3.10614e+01 5.80000e+01
3.12534e+01 5.80000e+01
3.14476e+01 5.80000e+01
3.16371e+01 5.80000e+01
3.18269e+01 5.80000e+01
3.20161e+01 5.80000e+01
3.22054e+01 5.80000e+01
3.23972e+01 5.80000e+01
3.25869e+01 5.80000e+01
3.27767e+01 5.80000e+01
3.29651e+01 5.80000e+01
3.31551e+01 5.80000e+01
3.33461e+01 5.80000e+01
3.35361e+01 5.80000e+01
3.37257e+01 5.80000e+01
3.39152e+01 5.80000e+01
3.41043e+01 5.80000e+01
3.42953e+01 5.80000e+01
3.44846e+01 5.80000e+01
3.46742e+01 5.80000e+01
3.48648e+01 5.80000e+01
3.50551e+01 5.80000e+01
3.52446e+01 5.80000e+01
3.54381e+01 5.80000e+01
3.56265e+01 5.80000e+01
3.58171e+01 5.80000e+01
3.60079e+01 5.80000e+01
3.61984e+01 5.80000e+01
3.63913e+01 5.80000e+01
3.65813e+01 5.80000e+01
3.67719e+01 5.80000e+01
3.69617e+01 5.80000e+01
3.71503e+01 5.80000e+01
3.73411e+01 5.80000e+01
3.75311e+01 5.80000e+01
3.77192e+01 5.80000e+01
3.79081e+01 5.80000e+01
3.80989e+01 5.80000e+01
3.82878e+01 5.80000e+01
3.84803e+01 5.80000e+01
3.86690e+01 5.80000e+01
3.88593e+01 5.80000e+01
3.90496e+01 5.80000e+01
3.92389e+01 5.80000e+01
3.94310e+01 5.80000e+01
3.96190e+01 5.80000e+01
3.98087e+01 5.80000e+01
3.99993e+01 5.80000e+01
4.01895e+01 5.80000e+01
4.03822e+01 5.80000e+01
4.05735e+01 5.80000e+01
4.07645e+01 5.80000e+01
4.09560e+01 5.80000e+01
4.11467e+01 5.80000e+01
4.13416e+01 5.80000e+01
4.15467e+01 5.80000e+01
4.17496e+01 5.80000e+01
4.19409e+01 5.80000e+01
4.21320e+01 5.80000e+01
4.23268e+01 5.80000e+01
4.25172e+01 5.80000e+01
4.27080e+01 5.80000e+01
4.29013e+01 5.80000e+01
4.30923e+01 5.80000e+01
4.32838e+01 5.80000e+01
4.34785e+01 5.80000e+01
4.36702e+01 5.80000e+01
4.38618e+01 5.80000e+01
4.40513e+01 5.80000e+01
4.42404e+01 5.80000e+01
4.44328e+01 5.80000e+01
4.46250e+01 5.80000e+01
4.48140e+01 5.80000e+01
4.50044e+01 5.80000e+01
4.51937e+01 5.80000e+01
4.53850e+01 5.80000e+01
4.55741e+01 5.80000e+01
4.57642e+01 5.80000e+01
4.59546e+01 5.80000e+01
4.61570e+01 5.80000e+01
4.63489e+01 5.80000e+01
4.65397e+01 5.80000e+01
4.67308e+01 5.80000e+01
4.69213e+01 5.80000e+01
4.71123e+01 5.80000e+01
4.73035e+01 5.80000e+01
4.74980e+01 5.80000e+01
4.76888e+01 5.80000e+01
4.78795e+01 5.80000e+01
4.80714e+01 5.80000e+01
4.82625e+01 5.80000e+01
4.84548e+01 5.80000e+01
4.86476e+01 5.80000e+01
4.88390e+01 5.80000e+01
4.90290e+01 5.80000e+01
4.92190e+01 5.80000e+01
4.94110e+01 5.80000e+01
4.96009e+01 5.80000e+01
4.97913e+01 5.80000e+01
4.99833e+01 5.80000e+01
5.01749e+01 5.80000e+01
5.03692e+01 5.80000e+01
5.05596e+01 5.80000e+01
5.07523e+01 5.80000e+01
5.09420e+01 5.80000e+01
5.11321e+01 5.80000e+01
5.13244e+01 5.80000e+01
5.15162e+01 5.80000e+01
5.17054e+01 5.80000e+01
5.18957e+01 5.80000e+01
5.20840e+01 5.80000e+01
5.22736e+01 5.80000e+01
5.24674e+01 5.80000e+01
5.26586e+01 5.80000e+01
5.28543e+01 5.80000e+01
5.30454e+01 5.80000e+01
5.32347e+01 5.80000e+01
5.34296e+01 5.80000e+01
5.36204e+01 5.80000e+01
5.38113e+01 5.80000e+01
5.40034e+01 5.80000e+01
5.41941e+01 5.80000e+01
5.43881e+01 5.80000e+01
5.45806e+01 5.80000e+01
5.47716e+01 5.80000e+01
5.49642e+01 5.80000e+01
5.51565e+01 5.80000e+01
5.53513e+01 5.80000e+01
5.55421e+01 5.80000e+01
5.57335e+01 5.80000e+01
5.59247e+01 5.80000e+01
5.61169e+01 5.80000e+01
5.63073e+01 5.80000e+01
5.65101e+01 5.80000e+01
5.67107e+01 5.80000e+01
5.69018e+01 5.80000e+01
5.70941e+01 5.80000e+01
5.72852e+01 5.80000e+01
5.74784e+01 5.80000e+01
5.76699e+01 5.80000e+01
5.78624e+01 5.80000e+01
5.80550e+01 5.80000e+01
5.82455e+01 5.80000e+01
5.84387e+01 5.80000e+01
5.86305e+01 5.80000e+01
5.88220e+01 5.80000e+01
5.90126e+01 5.80000e+01
5.92043e+01 5.80000e+01
5.93977e+01 5.80000e+01
5.95899e+01 5.80000e+01
5.97823e+01 5.80000e+01
5.99726e+01 5.80000e+01
6.01630e+01 5.80000e+01
6.03561e+01 5.80000e+01
6.05468e+01 5.80000e+01
6.07377e+01 5.80000e+01
6.09282e+01 5.80000e+01
6.11211e+01 5.80000e+01
6.13121e+01 5.80000e+01
6.15067e+01 5.80000e+01
6.17001e+01 5.80000e+01
6.18916e+01 5.80000e+01
6.20829e+01 5.80000e+01
6.22734e+01 5.80000e+01
6.24688e+01 5.80000e+01
6.26618e+01 5.80000e+01
6.28529e+01 5.80000e+01
6.30452e+01 5.80000e+01
6.32361e+01 5.80000e+01
6.34301e+01 5.80000e+01
6.36227e+01 5.80000e+01
6.38147e+01 5.80000e+01
6.40062e+01 5.80000e+01
6.41982e+01 5.80000e+01
6.43909e+01 5.80000e+01
6.45814e+01 5.80000e+01
6.47733e+01 5.80000e+01
6.49642e+01 5.80000e+01
6.51562e+01 5.80000e+01
6.53506e+01 5.80000e+01
6.55424e+01 5.80000e+01
6.57346e+01 5.80000e+01
6.59248e+01 5.80000e+01
6.61155e+01 5.80000e+01
6.63047e+01 5.80000e+01
6.64979e+01 5.80000e+01
6.66891e+01 5.80000e+01
6.68787e+01 5.80000e+01
6.70688e+01 5.80000e+01
6.72586e+01 5.80000e+01
6.74533e+01 5.80000e+01
6.76449e+01 5.80000e+01
6.78359e+01 5.80000e+01
6.80275e+01 5.80000e+01
6.82191e+01 5.80000e+01
6.84125e+01 5.80000e+01
6.86040e+01 5.80000e+01
6.87974e+01 5.80000e+01
6.89895e+01 5.80000e+01
6.91802e+01 5.80000e+01
6.93752e+01 5.80000e+01
6.95667e+01 5.80000e+01
6.97588e+01 5.80000e+01
6.99510e+01 5.80000e+01
7.01403e+01 5.80000e+01
7.03307e+01 5.80000e+01
7.05260e+01 5.80000e+01
7.07189e+01 5.80000e+01
7.09104e+01 5.80000e+01
7.11032e+01 5.80000e+01
7.12940e+01 5.80000e+01
7.14966e+01 5.80000e+01
7.17062e+01 5.80000e+01
7.19029e+01 5.80000e+01
7.20935e+01 5.80000e+01
7.22832e+01 5.80000e+01
7.24770e+01 5.80000e+01
7.26697e+01 5.80000e+01
7.28617e+01 5.80000e+01
7.30526e+01 5.80000e+01
7.32418e+01 5.80000e+01
7.34362e+01 5.80000e+01
7.36290e+01 5.80000e+01
7.38202e+01 5.80000e+01
7.40104e+01 5.80000e+01
7.42016e+01 5.80000e+01
7.43944e+01 5.80000e+01
7.45870e+01 5.80000e+01
7.47785e+01 5.80000e+01
7.49694e+01 5.80000e+01
7.51598e+01 5.80000e+01
7.53528e+01 5.80000e+01
7.55448e+01 5.80000e+01
7.57375e+01 5.80000e+01
7.59304e+01 5.80000e+01
7.61240e+01 5.80000e+01
7.63151e+01 5.80000e+01
7.65095e+01 5.80000e+01
7.67025e+01 5.80000e+01
7.68955e+01 5.80000e+01
7.70870e+01 5.80000e+01
7.72802e+01 5.80000e+01
7.74745e+01 5.80000e+01
7.76669e+01 5.80000e+01
7.78597e+01 5.80000e+01
7.80517e+01 5.80000e+01
7.82438e+01 5.80000e+01
7.84385e+01 5.80000e+01
7.86302e+01 5.80000e+01
7.88222e+01 5.80000e+01
7.90129e+01 5.80000e+01
7.92043e+01 5.80000e+01
7.93984e+01 5.80000e+01
7.95893e+01 5.80000e+01
7.97813e+01 5.80000e+01
7.99729e+01 5.80000e+01
8.01638e+01 5.80000e+01
8.03573e+01 5.80000e+01
8.05501e+01 5.80000e+01
8.07421e+01 5.80000e+01
8.09323e+01 5.80000e+01
8.11232e+01 5.80000e+01
8.13146e+01 5.80000e+01
8.15090e+01 5.80000e+01
8.17005e+01 5.80000e+01
8.18925e+01 5.80000e+01
8.20838e+01 5.80000e+01
8.22776e+01 5.80000e+01
8.24724e+01 5.80000e+01
8.26667e+01 5.80000e+01
8.28598e+01 5.80000e+01
8.30533e+01 5.80000e+01
8.32463e+01 5.80000e+01
8.34438e+01 5.80000e+01
8.36347e+01 5.80000e+01
8.38271e+01 5.80000e+01
8.40188e+01 5.80000e+01
8.42106e+01 5.80000e+01
8.44046e+01 5.80000e+01
8.45973e+01 5.80000e+01
8.47901e+01 5.80000e+01
8.49816e+01 5.80000e+01
8.51708e+01 5.80000e+01
8.53627e+01 5.80000e+01
8.55570e+01 5.80000e+01
8.57491e+01 5.80000e+01
8.59392e+01 5.80000e+01
8.61315e+01 5.80000e+01
8.63231e+01 5.80000e+01
8.65277e+01 5.80000e+01
8.67346e+01 5.80000e+01
8.69280e+01 5.80000e+01
8.71191e+01 5.80000e+01
8.73115e+01 5.80000e+01
8.75050e+01 5.80000e+01
8.76965e+01 5.80000e+01
8.78884e+01 5.80000e+01
8.80782e+01 5.80000e+01
8.82710e+01 5.80000e+01
8.84669e+01 5.80000e+01
8.86591e+01 5.80000e+01
8.88507e+01 5.80000e+01
8.90435e+01 5.80000e+01
8.92345e+01 5.80000e+01
8.94285e+01 5.80000e+01
8.96212e+01 5.80000e+01
8.98140e+01 5.80000e+01
9.00061e+01 5.80000e+01
9.01984e+01 5.80000e+01
9.03906e+01 5.80000e+01
9.05802e+01 5.80000e+01
9.07712e+01 5.80000e+01
9.09614e+01 5.80000e+01
9.11668e+01 5.80000e+01
9.13723e+01 5.80000e+01
9.15724e+01 5.80000e+01
9.17623e+01 5.80000e+01
9.19514e+01 5.80000e+01
9.21407e+01 5.80000e+01
9.23296e+01 5.80000e+01
9.25206e+01 5.80000e+01
9.27110e+01 5.80000e+01
9.29000e+01 5.80000e+01
9.30897e+01 5.80000e+01
9.32788e+01 5.80000e+01
9.34716e+01 5.80000e+01
9.36611e+01 5.80000e+01
9.38511e+01 5.80000e+01
9.40403e+01 5.80000e+01
9.42307e+01 5.80000e+01
9.44239e+01 5.80000e+01
9.46137e+01 5.80000e+01
9.48032e+01 5.80000e+01
9.49927e+01 5.80000e+01
9.51831e+01 5.80000e+01
9.53738e+01 5.80000e+01
9.55661e+01 5.80000e+01
9.57571e+01 5.80000e+01
9.59479e+01 5.80000e+01
9.61385e+01 5.80000e+01
9.63307e+01 5.80000e+01
9.65248e+01 5.80000e+01
9.67156e+01 5.80000e+01
9.69058e+01 5.80000e+01
9.70955e+01 5.80000e+01
9.72862e+01 5.80000e+01
9.74794e+01 5.80000e+01
9.76715e+01 5.80000e+01
9.78625e+01 5.80000e+01
9.80528e+01 5.80000e+01
9.82432e+01 5.80000e+01
9.84373e+01 5.80000e+01
9.86283e+01 5.80000e+01
9.88188e+01 5.80000e+01
9.90088e+01 5.80000e+01
9.91982e+01 5.80000e+01
9.93911e+01 5.80000e+01
9.95817e+01 5.80000e+01
9.97719e+01 5.80000e+01
9.99622e+01 5.80000e+01
1.00151e+02 5.80000e+01
1.00341e+02 5.80000e+01
1.00533e+02 5.80000e+01
1.00723e+02 5.80000e+01
1.00913e+02 5.80000e+01
1.01104e+02 5.80000e+01
1.01294e+02 5.80000e+01
1.01493e+02 5.80000e+01
1.01701e+02 5.80000e+01
1.01890e+02 5.80000e+01
1.02079e+02 5.80000e+01
1.02270e+02 5.80000e+01
1.02462e+02 5.80000e+01
1.02653e+02 5.80000e+01
1.02844e+02 5.80000e+01
1.03034e+02 5.80000e+01
1.03223e+02 5.80000e+01
1.03417e+02 5.80000e+01
1.03608e+02 5.80000e+01
1.03799e+02 5.80000e+01
1.03990e+02 5.80000e+01
1.04181e+02 5.80000e+01
1.04371e+02 5.80000e+01
1.04565e+02 5.80000e+01
1.04755e+02 5.80000e+01
1.04945e+02 5.80000e+01
1.05136e+02 5.80000e+01
1.05325e+02 5.80000e+01
1.05519e+02 5.80000e+01
1.05710e+02 5.80000e+01
1.05899e+02 5.80000e+01
1.06091e+02 5.80000e+01
1.06279e+02 5.80000e+01
1.06471e+02 5.80000e+01
1.06661e+02 5.80000e+01
1.06852e+02 5.80000e+01
1.07040e+02 5.80000e+01
1.07231e+02 5.80000e+01
1.07423e+02 5.80000e+01
1.07615e+02 5.80000e+01
1.07806e+02 5.80000e+01
1.07998e+02 5.80000e+01
1.08190e+02 5.80000e+01
1.08380e+02 5.80000e+01
1.08574e+02 5.80000e+01
1.08766e+02 5.80000e+01
1.08956e+02 5.80000e+01
1.09148e+02 5.80000e+01
1.09339e+02 5.80000e+01
1.09533e+02 5.80000e+01
1.09725e+02 5.80000e+01
1.09917e+02 5.80000e+01
1.10106e+02 5.80000e+01
1.10298e+02 5.80000e+01
1.10492e+02 5.80000e+01
1.10682e+02 5.80000e+01
1.10874e+02 5.80000e+01
1.11065e+02 5.80000e+01
1.11255e+02 5.80000e+01
1.11448e+02 5.80000e+01
1.11637e+02 5.80000e+01
1.11827e+02 5.80000e+01
1.12017e+02 5.80000e+01
1.12206e+02 5.80000e+01
1.12394e+02 5.80000e+01
1.12587e+02 5.80000e+01
1.12781e+02 5.80000e+01
1.12975e+02 5.80000e+01
1.13163e+02 5.80000e+01
1.13356e+02 5.80000e+01
1.13550e+02 5.80000e+01
1.13741e+02 5.80000e+01
1.13931e+02 5.80000e+01
1.14121e+02 5.80000e+01
1.14310e+02 5.80000e+01
1.14504e+02 5.80000e+01
1.14693e+02 5.80000e+01
1.14885e+02 5.80000e+01
1.15077e+02 5.80000e+01
1.15267e+02 5.80000e+01
1.15461e+02 5.80000e+01
1.15652e+02 5.80000e+01
1.15842e+02 5.80000e+01
1.16032e+02 5.80000e+01
1.16221e+02 5.80000e+01
1.16413e+02 5.80000e+01
1.16625e+02 5.80000e+01
1.16822e+02 5.80000e+01
1.17012e+02 5.80000e+01
1.17203e+02 5.80000e+01
1.17394e+02 5.80000e+01
1.17589e+02 5.80000e+01
1.17779e+02 5.80000e+01
1.17971e+02 5.80000e+01
1.18161e+02 5.80000e+01
1.18352e+02 5.80000e+01
1.18544e+02 5.80000e+01
1.18736e+02 5.80000e+01
1.18925e+02 5.80000e+01
1.19115e+02 5.80000e+01
1.19304e+02 5.80000e+01
1.19499e+02 5.80000e+01
1.19689e+02 5.80000e+01
1.19880e+02 5.80000e+01
1.20070e+02 5.80000e+01
1.20259e+02 5.80000e+01
1.20451e+02 5.80000e+01
1.20642e+02 5.80000e+01
1.20832e+02 5.80000e+01
1.21028e+02 5.80000e+01
1.21221e+02 5.80000e+01
1.21413e+02 5.80000e+01
1.21605e+02 5.80000e+01
1.21796e+02 5.80000e+01
1.21986e+02 5.80000e+01
1.22176e+02 5.80000e+01
1.22366e+02 5.80000e+01
1.22560e+02 5.80000e+01
1.22750e+02 5.80000e+01
1.22941e+02 5.80000e+01
1.23130e+02 5.80000e+01
1.23321e+02 5.80000e+01
1.23514e+02 5.80000e+01
1.23705e+02 5.80000e+01
1.23895e+02 5.80000e+01
1.24085e+02 5.80000e+01
1.24276e+02 5.80000e+01
1.24469e+02 5.80000e+01
1.24662e+02 5.80000e+01
1.24854e+02 5.80000e+01
1.25045e+02 5.80000e+01
1.25238e+02 5.80000e+01
1.25431e+02 5.80000e+01
1.25624e+02 5.80000e+01
1.25815e+02 5.80000e+01
1.26005e+02 5.80000e+01
1.26194e+02 5.80000e+01
1.26385e+02 5.80000e+01
1.26577e+02 5.80000e+01
1.26767e+02 5.80000e+01
1.26955e+02 5.80000e+01
1.27144e+02 5.80000e+01
1.27333e+02 5.80000e+01
1.27526e+02 5.80000e+01
1.27719e+02 5.80000e+01
1.27909e+02 5.80000e+01
1.28097e+02 5.80000e+01
1.28288e+02 5.80000e+01
1.28480e+02 5.80000e+01
1.28671e+02 5.80000e+01
1.28861e+02 5.80000e+01
1.29051e+02 5.80000e+01
1.29241e+02 5.80000e+01
1.29431e+02 5.80000e+01
1.29621e+02 5.80000e+01
1.29812e+02 5.80000e+01
1.30002e+02 5.80000e+01
1.30192e+02 5.80000e+01
1.30383e+02 5.80000e+01
1.30577e+02 5.80000e+01
1.30768e+02 5.80000e+01
1.30960e+02 5.80000e+01
1.31149e+02 5.80000e+01
1.31341e+02 5.80000e+01
1.31546e+02 5.80000e+01
1.31747e+02 5.80000e+01
1.31939e+02 5.80000e+01
1.32130e+02 5.80000e+01
1.32320e+02 5.80000e+01
1.32513e+02 5.80000e+01
1.32705e+02 5.80000e+01
1.32897e+02 5.80000e+01
1.33089e+02 5.80000e+01
1.33282e+02 5.80000e+01
1.33476e+02 5.80000e+01
1.33667e+02 5.80000e+01
1.33859e+02 5.80000e+01
1.34050e+02 5.80000e+01
1.34240e+02 5.80000e+01
1.34430e+02 5.80000e+01
1.34623e+02 5.80000e+01
1.34813e+02 5.80000e+01
1.35003e+02 5.80000e+01
1.35192e+02 5.80000e+01
1.35382e+02 5.80000e+01
1.35574e+02 5.80000e+01
1.35764e+02 5.80000e+01
1.35954e+02 5.80000e+01
1.36154e+02 5.80000e+01
1.36345e+02 5.80000e+01
1.36537e+02 5.80000e+01
1.36726e+02 5.80000e+01
1.36917e+02 5.80000e+01
1.37106e+02 5.80000e+01
1.37297e+02 5.80000e+01
1.37489e+02 5.80000e+01
1.37681e+02 5.80000e+01
1.37873e+02 5.80000e+01
1.38065e+02 5.80000e+01
1.38257e+02 5.80000e+01
1.38450e+02 5.80000e+01
1.38642e+02 5.80000e+01
1.38834e+02 5.80000e+01
1.39025e+02 5.80000e+01
1.39215e+02 5.80000e+01
1.39405e+02 5.80000e+01
1.39598e+02 5.80000e+01
1.39788e+02 5.80000e+01
1.39977e+02 5.80000e+01
1.40168e+02 5.80000e+01
1.40358e+02 5.80000e+01
1.40554e+02 5.80000e+01
1.40745e+02 5.80000e+01
1.40935e+02 5.80000e+01
1.41125e+02 5.80000e+01
1.41315e+02 5.80000e+01
1.41509e+02 5.80000e+01
1.41700e+02 5.80000e+01
1.41889e+02 5.80000e+01
1.42078e+02 5.80000e+01
1.42267e+02 5.80000e+01
1.42462e+02 5.80000e+01
1.42653e+02 5.80000e+01
1.42844e+02 5.80000e+01
1.43035e+02 5.80000e+01
1.43225e+02 5.80000e+01
1.43415e+02 5.80000e+01
1.43608e+02 5.80000e+01
1.43800e+02 5.80000e+01
1.43991e+02 5.80000e+01
1.44181e+02 5.80000e+01
1.44372e+02 5.80000e+01
1.44567e+02 5.80000e+01
1.44759e+02 5.80000e+01
1.44952e+02 5.80000e+01
1.45143e+02 5.80000e+01
1.45334e+02 5.80000e+01
1.45529e+02 5.80000e+01
1.45721e+02 5.80000e+01
1.45914e+02 5.80000e+01
1.46103e+02 5.80000e+01
1.46294e+02 5.80000e+01
1.46493e+02 5.80000e+01
1.46707e+02 5.80000e+01
1.46912e+02 5.80000e+01
1.47102e+02 5.80000e+01
1.47294e+02 5.80000e+01
1.47487e+02 5.80000e+01
1.47678e+02 5.80000e+01
1.47868e+02 5.80000e+01
1.48059e+02 5.80000e+01
1.48249e+02 5.80000e+01
1.48439e+02 5.80000e+01
1.48633e+02 5.80000e+01
1.48824e+02 5.80000e+01
1.49013e+02 5.80000e+01
1.49203e+02 5.80000e+01
1.49394e+02 5.80000e+01
1.49588e+02 5.80000e+01
1.49779e+02 5.80000e+01
1.49969e+02 5.80000e+01
1.50159e+02 5.80000e+01
1.50348e+02 5.80000e+01
1.50541e+02 5.80000e+01
1.50732e+02 5.80000e+01
1.50922e+02 5.80000e+01
1.51114e+02 5.80000e+01
1.51303e+02 5.80000e+01
1.51497e+02 5.80000e+01
1.51688e+02 5.80000e+01
1.51879e+02 5.80000e+01
1.52072e+02 5.80000e+01
1.52264e+02 5.80000e+01
1.52455e+02 5.80000e+01
1.52649e+02 5.80000e+01
1.52840e+02 5.80000e+01
1.53030e+02 5.80000e+01
1.53221e+02 5.80000e+01
1.53411e+02 5.80000e+01
1.53605e+02 5.80000e+01
1.53797e+02 5.80000e+01
1.53989e+02 5.80000e+01
1.54179e+02 5.80000e+01
1.54370e+02 5.80000e+01
1.54565e+02 5.80000e+01
1.54757e+02 5.80000e+01
1.54947e+02 5.80000e+01
1.55140e+02 5.80000e+01
1.55330e+02 5.80000e+01
1.55524e+02 5.80000e+01
1.55714e+02 5.80000e+01
1.55905e+02 5.80000e+01
1.56095e+02 5.80000e+01
1.56286e+02 5.80000e+01
1.56478e+02 5.80000e+01
1.56669e+02 5.80000e+01
1.56860e+02 5.80000e+01
1.57052e+02 5.80000e+01
1.57244e+02 5.80000e+01
1.57435e+02 5.80000e+01
1.57630e+02 5.80000e+01
1.57822e+02 5.80000e+01
1.58012e+02 5.80000e+01
1.58202e+02 5.80000e+01
1.58392e+02 5.80000e+01
1.58584e+02 5.80000e+01
1.58775e+02 5.80000e+01
1.58966e+02 5.80000e+01
1.59156e+02 5.80000e+01
1.59345e+02 5.80000e+01
1.59537e+02 5.80000e+01
1.59730e+02 5.80000e+01
1.59922e+02 5.80000e+01
1.60112e+02 5.80000e+01
1.60300e+02 5.80000e+01
1.60493e+02 5.80000e+01
1.60683e+02 5.80000e+01
1.60875e+02 5.80000e+01
1.61065e+02 5.80000e+01
1.61254e+02 5.80000e+01
1.61444e+02 5.80000e+01
1.61664e+02 5.80000e+01
1.61870e+02 5.80000e+01
1.62061e+02 5.80000e+01
1.62250e+02 5.80000e+01
1.62441e+02 5.80000e+01
1.62633e+02 5.80000e+01
1.62823e+02 5.80000e+01
1.63013e+02 5.80000e+01
1.63204e+02 5.80000e+01
1.63395e+02 5.80000e+01
1.63587e+02 5.80000e+01
1.63778e+02 5.80000e+01
1.63968e+02 5.80000e+01
1.64156e+02 5.80000e+01
1.64345e+02 5.80000e+01
1.64536e+02 5.80000e+01
1.64726e+02 5.80000e+01
1.64916e+02 5.80000e+01
1.65106e+02 5.80000e+01
1.65295e+02 5.80000e+01
1.65487e+02 5.80000e+01
1.65677e+02 5.80000e+01
1.65868e+02 5.80000e+01
1.66059e+02 5.80000e+01
1.66249e+02 5.80000e+01
1.66439e+02 5.80000e+01
1.66632e+02 5.80000e+01
1.66821e+02 5.80000e+01
1.67011e+02 5.80000e+01
1.67201e+02 5.80000e+01
1.67391e+02 5.80000e+01
1.67585e+02 5.80000e+01
1.67775e+02 5.80000e+01
1.67965e+02 5.80000e+01
1.68155e+02 5.80000e+01
1.68343e+02 5.80000e+01
1.68535e+02 5.80000e+01
1.68725e+02 5.80000e+01
1.68914e+02 5.80000e+01
1.69103e+02 5.80000e+01
1.69292e+02 5.80000e+01
1.69481e+02 5.80000e+01
1.69672e+02 5.80000e+01
1.69863e+02 5.80000e+01
1.70054e+02 5.80000e+01
1.70243e+02 5.80000e+01
1.70433e+02 5.80000e+01
1.70625e+02 5.80000e+01
1.70815e+02 5.80000e+01
1.71005e+02 5.80000e+01
1.71194e+02 5.80000e+01
1.71385e+02 5.80000e+01
1.71577e+02 5.80000e+01
1.71769e+02 5.80000e+01
1.71959e+02 5.80000e+01
1.72148e+02 5.80000e+01
1.72338e+02 5.80000e+01
1.72532e+02 5.80000e+01
1.72723e+02 5.80000e+01
1.72917e+02 5.80000e+01
1.73110e+02 5.80000e+01
1.73300e+02 5.80000e+01
1.73491e+02 5.80000e+01
1.73682e+02 5.80000e+01
1.73873e+02 5.80000e+01
1.74063e+02 5.80000e+01
1.74252e+02 5.80000e+01
1.74442e+02 5.80000e+01
1.74636e+02 5.80000e+01
1.74827e+02 5.80000e+01
1.75018e+02 5.80000e+01
1.75209e+02 5.80000e+01
1.75398e+02 5.80000e+01
1.75592e+02 5.80000e+01
1.75784e+02 5.80000e+01
1.75974e+02 5.80000e+01
1.76165e+02 5.80000e+01
1.76355e+02 5.80000e+01
1.76564e+02 5.80000e+01
1.76769e+02 5.80000e+01
1.76965e+02 5.80000e+01
1.77156e+02 5.80000e+01
1.77346e+02 5.80000e+01
1.77539e+02 5.80000e+01
1.77728e+02 5.80000e+01
1.77917e+02 5.80000e+01
1.78107e+02 5.80000e+01
1.78297e+02 5.80000e+01
1.78487e+02 5.80000e+01
1.78681e+02 5.80000e+01
1.78871e+02 5.80000e+01
1.79063e+02 5.80000e+01
1.79253e+02 5.80000e+01
1.79443e+02 5.80000e+01
1.79637e+02 5.80000e+01
1.79827e+02 5.80000e+01
1.80017e+02 5.80000e+01
1.80208e+02 5.80000e+01
1.80399e+02 5.80000e+01
1.80592e+02 5.80000e+01
1.80783e+02 5.80000e+01
1.80975e+02 5.80000e+01
1.81166e+02 5.80000e+01
1.81356e+02 5.80000e+01
1.81548e+02 5.80000e+01
1.81738e+02 5.80000e+01
1.81928e+02 5.80000e+01
1.82117e+02 5.80000e+01
1.82306e+02 5.80000e+01
1.82495e+02 5.80000e+01
1.82690e+02 5.80000e+01
1.82880e+02 5.80000e+01
1.83070e+02 5.80000e+01
1.83260e+02 5.80000e+01
1.83449e+02 5.80000e+01
1.83641e+02 5.80000e+01
1.83833e+02 5.80000e+01
1.84022e+02 5.80000e+01
1.84210e+02 5.80000e+01
1.84399e+02 5.80000e+01
1.84592e+02 5.80000e+01
1.84781e+02 5.80000e+01
1.84971e+02 5.80000e+01
1.85161e+02 5.80000e+01
1.85352e+02 5.80000e+01
1.85545e+02 5.80000e+01
1.85737e+02 5.80000e+01
1.85928e+02 5.80000e+01
1.86119e+02 5.80000e+01
1.86311e+02 5.80000e+01
1.86502e+02 5.80000e+01
1.86695e+02 5.80000e+01
1.86887e+02 5.80000e+01
1.87077e+02 5.80000e+01
1.87267e+02 5.80000e+01
1.87456e+02 5.80000e+01
1.87649e+02 5.80000e+01
1.87840e+02 5.80000e+01
1.88029e+02 5.80000e+01
1.88220e+02 5.80000e+01
1.88411e+02 5.80000e+01
1.88603e+02 5.80000e+01
1.88794e+02 5.80000e+01
1.88983e+02 5.80000e+01
1.89173e+02 5.80000e+01
1.89363e+02 5.80000e+01
1.89555e+02 5.80000e+01
1.89745e+02 5.80000e+01
1.89936e+02 5.80000e+01
1.90126e+02 5.80000e+01
1.90315e+02 5.80000e+01
1.90507e+02 5.80000e+01
1.90703e+02 5.80000e+01
1.90894e+02 5.80000e+01
1.91085e+02 5.80000e+01
1.91274e+02 5.80000e+01
1.91468e+02 5.80000e+01
