1.98200e-02 7.00000e+02
2.13608e-01 4.69000e+02
4.07479e-01 3.69000e+02
6.01164e-01 3.34000e+02
7.93545e-01 2.68000e+02
9.84339e-01 2.16000e+02
1.17551e+00 2.35000e+02
1.36540e+00 2.62000e+02
1.55961e+00 2.70000e+02
1.75138e+00 2.90000e+02
1.94499e+00 3.02000e+02
2.13692e+00 2.46000e+02
2.32955e+00 1.94000e+02
2.52268e+00 2.13000e+02
2.71346e+00 1.91000e+02
2.90224e+00 1.91000e+02
3.09366e+00 1.40000e+02
3.28486e+00 1.53000e+02
3.47881e+00 1.64000e+02
3.66784e+00 1.54000e+02
3.86000e+00 1.38000e+02
4.04932e+00 1.27000e+02
4.24098e+00 1.06000e+02
4.43038e+00 8.90000e+01
4.62389e+00 8.70000e+01
4.81232e+00 8.70000e+01
5.00188e+00 8.60000e+01
5.19184e+00 8.30000e+01
5.38309e+00 7.90000e+01
5.57839e+00 7.90000e+01
5.76822e+00 7.90000e+01
5.95713e+00 7.90000e+01
6.14618e+00 7.90000e+01
6.33659e+00 7.90000e+01
6.52906e+00 7.90000e+01
6.72022e+00 7.90000e+01
6.90910e+00 7.90000e+01
7.09854e+00 7.90000e+01
7.28733e+00 7.90000e+01
7.47657e+00 7.90000e+01
7.66541e+00 7.90000e+01
7.85570e+00 7.90000e+01
8.04396e+00 7.90000e+01
8.23185e+00 7.90000e+01
8.42032e+00 7.90000e+01
8.61233e+00 7.90000e+01
8.80090e+00 7.90000e+01
8.99109e+00 7.90000e+01
9.18028e+00 7.90000e+01
9.36951e+00 7.90000e+01
9.56119e+00 7.90000e+01
9.75119e+00 7.90000e+01
9.93976e+00 7.90000e+01
1.01279e+01 7.90000e+01
1.03292e+01 7.90000e+01
1.05387e+01 7.90000e+01
1.07297e+01 7.90000e+01
1.09181e+01 7.90000e+01
1.11061e+01 7.90000e+01
1.12954e+01 7.90000e+01
1.14870e+01 7.90000e+01
1.16768e+01 7.90000e+01
1.18667e+01 7.90000e+01
1.20536e+01 7.90000e+01
1.22419e+01 7.90000e+01
1.24315e+01 7.90000e+01
1.26238e+01 7.90000e+01
1.28128e+01 7.90000e+01
1.30015e+01 7.90000e+01
1.31902e+01 7.90000e+01
1.33785e+01 7.90000e+01
1.35707e+01 7.90000e+01
1.37597e+01 7.90000e+01
1.39477e+01 7.90000e+01
1.41360e+01 7.90000e+01
1.43230e+01 7.90000e+01
1.45134e+01 7.90000e+01
1.47023e+01 7.90000e+01
1.49034e+01 7.90000e+01
1.50914e+01 7.90000e+01
1.52801e+01 7.90000e+01
1.54688e+01 7.90000e+01
1.56601e+01 7.90000e+01
1.58486e+01 7.90000e+01
1.60367e+01 7.90000e+01
1.62243e+01 7.90000e+01
1.64121e+01 7.90000e+01
1.66042e+01 7.90000e+01
1.67923e+01 7.90000e+01
1.69811e+01 7.90000e+01
1.71688e+01 7.90000e+01
1.73565e+01 7.90000e+01
1.75487e+01 7.90000e+01
1.77389e+01 7.90000e+01
1.79275e+01 7.90000e+01
1.81171e+01 7.90000e+01
1.83067e+01 7.90000e+01
1.84980e+01 7.90000e+01
1.86886e+01 7.90000e+01
1.88780e+01 7.90000e+01
1.90671e+01 7.90000e+01
1.92576e+01 7.90000e+01
1.94459e+01 7.90000e+01
1.96394e+01 7.90000e+01
1.98290e+01 7.90000e+01
2.00175e+01 7.90000e+01
2.02060e+01 7.90000e+01
2.03948e+01 7.90000e+01
2.05874e+01 7.90000e+01
2.07755e+01 7.90000e+01
2.09646e+01 7.90000e+01
2.11551e+01 7.90000e+01
2.13457e+01 7.90000e+01
2.15378e+01 7.90000e+01
2.17264e+01 7.90000e+01
2.19140e+01 7.90000e+01
2.21029e+01 7.90000e+01
2.22918e+01 7.90000e+01
2.24811e+01 7.90000e+01
2.26737e+01 7.90000e+01
2.28634e+01 7.90000e+01
2.30531e+01 7.90000e+01
2.32425e+01 7.90000e+01
2.34315e+01 7.90000e+01
2.36235e+01 7.90000e+01
2.38123e+01 7.90000e+01
2.40010e+01 7.90000e+01
2.41896e+01 7.90000e+01
2.43785e+01 7.90000e+01
2.45700e+01 7.90000e+01
2.47600e+01 7.90000e+01
2.49497e+01 7.90000e+01
2.51400e+01 7.90000e+01
2.53438e+01 7.90000e+01
2.55492e+01 7.90000e+01
2.57396e+01 7.90000e+01
2.59294e+01 7.90000e+01
2.61196e+01 7.90000e+01
2.63085e+01 7.90000e+01
2.64989e+01 7.90000e+01
2.66912e+01 7.90000e+01
2.68805e+01 7.90000e+01
2.70699e+01 7.90000e+01
2.72591e+01 7.90000e+01
2.74478e+01 7.90000e+01
2.76384e+01 7.90000e+01
2.78278e+01 7.90000e+01
2.80154e+01 7.90000e+01
2.82012e+01 7.90000e+01
2.83902e+01 7.90000e+01
2.85808e+01 7.90000e+01
2.87689e+01 7.90000e+01
2.89583e+01 7.90000e+01
2.91472e+01 7.90000e+01
2.93362e+01 7.90000e+01
2.95293e+01 7.90000e+01
2.97198e+01 7.90000e+01
2.99183e+01 7.90000e+01
3.01075e+01 7.90000e+01
3.02957e+01 7.90000e+01
3.04854e+01 7.90000e+01
3.06773e+01 7.90000e+01
3.08669e+01 7.90000e+01
3.10553e+01 7.90000e+01
3.12433e+01 7.90000e+01
3.14317e+01 7.90000e+01
3.16242e+01 7.90000e+01
3.18138e+01 7.90000e+01
3.20019e+01 7.90000e+01
3.21906e+01 7.90000e+01
3.23790e+01 7.90000e+01
3.25711e+01 7.90000e+01
3.27603e+01 7.90000e+01
3.29511e+01 7.90000e+01
3.31389e+01 7.90000e+01
3.33277e+01 7.90000e+01
3.35187e+01 7.90000e+01
3.37084e+01 7.90000e+01
3.38947e+01 7.90000e+01
3.40833e+01 7.90000e+01
3.42722e+01 7.90000e+01
3.44599e+01 7.90000e+01
3.46537e+01 7.90000e+01
3.48429e+01 7.90000e+01
3.50323e+01 7.90000e+01
3.52227e+01 7.90000e+01
3.54101e+01 7.90000e+01
3.56024e+01 7.90000e+01
3.57919e+01 7.90000e+01
3.59813e+01 7.90000e+01
3.61691e+01 7.90000e+01
3.63596e+01 7.90000e+01
3.65523e+01 7.90000e+01
3.67435e+01 7.90000e+01
3.69341e+01 7.90000e+01
3.71270e+01 7.90000e+01
3.73169e+01 7.90000e+01
3.75072e+01 7.90000e+01
3.76990e+01 7.90000e+01
3.78894e+01 7.90000e+01
3.80797e+01 7.90000e+01
3.82696e+01 7.90000e+01
3.84595e+01 7.90000e+01
3.86531e+01 7.90000e+01
3.88433e+01 7.90000e+01
3.90327e+01 7.90000e+01
3.92232e+01 7.90000e+01
3.94112e+01 7.90000e+01
3.96044e+01 7.90000e+01
3.97959e+01 7.90000e+01
3.99849e+01 7.90000e+01
4.01753e+01 7.90000e+01
4.03793e+01 7.90000e+01
4.05779e+01 7.90000e+01
4.07674e+01 7.90000e+01
4.09572e+01 7.90000e+01
4.11474e+01 7.90000e+01
4.13359e+01 7.90000e+01
4.15271e+01 7.90000e+01
4.17173e+01 7.90000e+01
4.19052e+01 7.90000e+01
4.20951e+01 7.90000e+01
4.22830e+01 7.90000e+01
4.24729e+01 7.90000e+01
4.26653e+01 7.90000e+01
4.28546e+01 7.90000e+01
4.30446e+01 7.90000e+01
4.32344e+01 7.90000e+01
4.34230e+01 7.90000e+01
4.36156e+01 7.90000e+01
4.38048e+01 7.90000e+01
4.39941e+01 7.90000e+01
4.41826e+01 7.90000e+01
4.43716e+01 7.90000e+01
4.45636e+01 7.90000e+01
4.47542e+01 7.90000e+01
4.49463e+01 7.90000e+01
4.51367e+01 7.90000e+01
4.53250e+01 7.90000e+01
4.55141e+01 7.90000e+01
4.57074e+01 7.90000e+01
4.58975e+01 7.90000e+01
4.60876e+01 7.90000e+01
4.62766e+01 7.90000e+01
4.64656e+01 7.90000e+01
4.66602e+01 7.90000e+01
4.68500e+01 7.90000e+01
4.70402e+01 7.90000e+01
4.72290e+01 7.90000e+01
4.74163e+01 7.90000e+01
4.76073e+01 7.90000e+01
4.77976e+01 7.90000e+01
4.79861e+01 7.90000e+01
4.81758e+01 7.90000e+01
4.83660e+01 7.90000e+01
4.85585e+01 7.90000e+01
4.87477e+01 7.90000e+01
4.89356e+01 7.90000e+01
4.91245e+01 7.90000e+01
4.93130e+01 7.90000e+01
4.95017e+01 7.90000e+01
4.96966e+01 7.90000e+01
4.98853e+01 7.90000e+01
5.00755e+01 7.90000e+01
5.02663e+01 7.90000e+01
5.04563e+01 7.90000e+01
5.06503e+01 7.90000e+01
5.08392e+01 7.90000e+01
5.10266e+01 7.90000e+01
5.12164e+01 7.90000e+01
5.14033e+01 7.90000e+01
5.15931e+01 7.90000e+01
5.17830e+01 7.90000e+01
5.19727e+01 7.90000e+01
5.21626e+01 7.90000e+01
5.23527e+01 7.90000e+01
5.25438e+01 7.90000e+01
5.27334e+01 7.90000e+01
5.29225e+01 7.90000e+01
5.31110e+01 7.90000e+01
5.32983e+01 7.90000e+01
5.34862e+01 7.90000e+01
5.36793e+01 7.90000e+01
5.38683e+01 7.90000e+01
5.40581e+01 7.90000e+01
5.42471e+01 7.90000e+01
5.44363e+01 7.90000e+01
5.46296e+01 7.90000e+01
5.48194e+01 7.90000e+01
5.50085e+01 7.90000e+01
5.51987e+01 7.90000e+01
5.54118e+01 7.90000e+01
5.56138e+01 7.90000e+01
5.58046e+01 7.90000e+01
5.59922e+01 7.90000e+01
5.61804e+01 7.90000e+01
5.63693e+01 7.90000e+01
5.65606e+01 7.90000e+01
5.67493e+01 7.90000e+01
5.69385e+01 7.90000e+01
5.71271e+01 7.90000e+01
5.73154e+01 7.90000e+01
5.75045e+01 7.90000e+01
5.76974e+01 7.90000e+01
5.78840e+01 7.90000e+01
5.80729e+01 7.90000e+01
5.82612e+01 7.90000e+01
5.84499e+01 7.90000e+01
5.86426e+01 7.90000e+01
5.88322e+01 7.90000e+01
5.90208e+01 7.90000e+01
5.92106e+01 7.90000e+01
5.93980e+01 7.90000e+01
5.95876e+01 7.90000e+01
5.97776e+01 7.90000e+01
5.99658e+01 7.90000e+01
6.01530e+01 7.90000e+01
6.03426e+01 7.90000e+01
6.05322e+01 7.90000e+01
6.07253e+01 7.90000e+01
6.09138e+01 7.90000e+01
6.11019e+01 7.90000e+01
6.12907e+01 7.90000e+01
6.14799e+01 7.90000e+01
6.16715e+01 7.90000e+01
6.18607e+01 7.90000e+01
6.20510e+01 7.90000e+01
6.22397e+01 7.90000e+01
6.24289e+01 7.90000e+01
6.26220e+01 7.90000e+01
6.28106e+01 7.90000e+01
6.30003e+01 7.90000e+01
6.31907e+01 7.90000e+01
6.33783e+01 7.90000e+01
6.35706e+01 7.90000e+01
6.37624e+01 7.90000e+01
6.39517e+01 7.90000e+01
6.41407e+01 7.90000e+01
6.43288e+01 7.90000e+01
6.45179e+01 7.90000e+01
6.47087e+01 7.90000e+01
6.48981e+01 7.90000e+01
6.50857e+01 7.90000e+01
6.52747e+01 7.90000e+01
6.54639e+01 7.90000e+01
6.56573e+01 7.90000e+01
6.58456e+01 7.90000e+01
6.60355e+01 7.90000e+01
6.62261e+01 7.90000e+01
6.64152e+01 7.90000e+01
6.66076e+01 7.90000e+01
6.67968e+01 7.90000e+01
6.69850e+01 7.90000e+01
6.71745e+01 7.90000e+01
6.73637e+01 7.90000e+01
6.75527e+01 7.90000e+01
6.77449e+01 7.90000e+01
6.79321e+01 7.90000e+01
6.81230e+01 7.90000e+01
6.83139e+01 7.90000e+01
6.85021e+01 7.90000e+01
6.86930e+01 7.90000e+01
6.88822e+01 7.90000e+01
6.90717e+01 7.90000e+01
6.92603e+01 7.90000e+01
6.94490e+01 7.90000e+01
6.96413e+01 7.90000e+01
6.98318e+01 7.90000e+01
7.00206e+01 7.90000e+01
7.02093e+01 7.90000e+01
7.04201e+01 7.90000e+01
7.06227e+01 7.90000e+01
7.08123e+01 7.90000e+01
7.10007e+01 7.90000e+01
7.11893e+01 7.90000e+01
7.13768e+01 7.90000e+01
7.15664e+01 7.90000e+01
7.17592e+01 7.90000e+01
7.19488e+01 7.90000e+01
7.21388e+01 7.90000e+01
7.23270e+01 7.90000e+01
7.25160e+01 7.90000e+01
7.27090e+01 7.90000e+01
7.28986e+01 7.90000e+01
7.30868e+01 7.90000e+01
7.32750e+01 7.90000e+01
7.34632e+01 7.90000e+01
7.36551e+01 7.90000e+01
7.38445e+01 7.90000e+01
7.40338e+01 7.90000e+01
7.42232e+01 7.90000e+01
7.44119e+01 7.90000e+01
7.46037e+01 7.90000e+01
7.47978e+01 7.90000e+01
7.49928e+01 7.90000e+01
7.51824e+01 7.90000e+01
7.53712e+01 7.90000e+01
7.55600e+01 7.90000e+01
7.57536e+01 7.90000e+01
7.59436e+01 7.90000e+01
7.61322e+01 7.90000e+01
7.63210e+01 7.90000e+01
7.65094e+01 7.90000e+01
7.67028e+01 7.90000e+01
7.68912e+01 7.90000e+01
7.70801e+01 7.90000e+01
7.72686e+01 7.90000e+01
7.74584e+01 7.90000e+01
7.76522e+01 7.90000e+01
7.78418e+01 7.90000e+01
7.80310e+01 7.90000e+01
7.82200e+01 7.90000e+01
7.84097e+01 7.90000e+01
7.86038e+01 7.90000e+01
7.87920e+01 7.90000e+01
7.89809e+01 7.90000e+01
7.91709e+01 7.90000e+01
7.93597e+01 7.90000e+01
7.95488e+01 7.90000e+01
7.97428e+01 7.90000e+01
7.99316e+01 7.90000e+01
8.01215e+01 7.90000e+01
8.03103e+01 7.90000e+01
8.04994e+01 7.90000e+01
8.06909e+01 7.90000e+01
8.08796e+01 7.90000e+01
8.10682e+01 7.90000e+01
8.12574e+01 7.90000e+01
8.14453e+01 7.90000e+01
8.16379e+01 7.90000e+01
8.18266e+01 7.90000e+01
8.20153e+01 7.90000e+01
8.22042e+01 7.90000e+01
8.23924e+01 7.90000e+01
8.25840e+01 7.90000e+01
8.27753e+01 7.90000e+01
8.29634e+01 7.90000e+01
8.31525e+01 7.90000e+01
8.33398e+01 7.90000e+01
8.35263e+01 7.90000e+01
8.37187e+01 7.90000e+01
8.39070e+01 7.90000e+01
8.40953e+01 7.90000e+01
8.42847e+01 7.90000e+01
8.44713e+01 7.90000e+01
8.46632e+01 7.90000e+01
8.48534e+01 7.90000e+01
8.50418e+01 7.90000e+01
8.52287e+01 7.90000e+01
8.54380e+01 7.90000e+01
8.56326e+01 7.90000e+01
8.58227e+01 7.90000e+01
8.60126e+01 7.90000e+01
8.62034e+01 7.90000e+01
8.63934e+01 7.90000e+01
8.65834e+01 7.90000e+01
8.67761e+01 7.90000e+01
8.69638e+01 7.90000e+01
8.71541e+01 7.90000e+01
8.73453e+01 7.90000e+01
8.75340e+01 7.90000e+01
8.77300e+01 7.90000e+01
8.79188e+01 7.90000e+01
8.81062e+01 7.90000e+01
8.82937e+01 7.90000e+01
8.84828e+01 7.90000e+01
8.86756e+01 7.90000e+01
8.88643e+01 7.90000e+01
8.90524e+01 7.90000e+01
8.92421e+01 7.90000e+01
8.94319e+01 7.90000e+01
8.96230e+01 7.90000e+01
8.98157e+01 7.90000e+01
9.00105e+01 7.90000e+01
9.02041e+01 7.90000e+01
9.03931e+01 7.90000e+01
9.05824e+01 7.90000e+01
9.07738e+01 7.90000e+01
9.09629e+01 7.90000e+01
9.11529e+01 7.90000e+01
9.13415e+01 7.90000e+01
9.15296e+01 7.90000e+01
9.17209e+01 7.90000e+01
9.19103e+01 7.90000e+01
9.20983e+01 7.90000e+01
9.22876e+01 7.90000e+01
9.24745e+01 7.90000e+01
9.26651e+01 7.90000e+01
9.28542e+01 7.90000e+01
9.30424e+01 7.90000e+01
9.32308e+01 7.90000e+01
9.34198e+01 7.90000e+01
9.36118e+01 7.90000e+01
9.38000e+01 7.90000e+01
9.39887e+01 7.90000e+01
9.41770e+01 7.90000e+01
9.43646e+01 7.90000e+01
9.45546e+01 7.90000e+01
9.47463e+01 7.90000e+01
9.49348e+01 7.90000e+01
9.51247e+01 7.90000e+01
9.53136e+01 7.90000e+01
9.55040e+01 7.90000e+01
9.56981e+01 7.90000e+01
9.58872e+01 7.90000e+01
9.60751e+01 7.90000e+01
9.62661e+01 7.90000e+01
9.64567e+01 7.90000e+01
9.66498e+01 7.90000e+01
9.68401e+01 7.90000e+01
9.70315e+01 7.90000e+01
9.72233e+01 7.90000e+01
9.74137e+01 7.90000e+01
9.76067e+01 7.90000e+01
9.77997e+01 7.90000e+01
9.79885e+01 7.90000e+01
9.81792e+01 7.90000e+01
9.83681e+01 7.90000e+01
9.85560e+01 7.90000e+01
9.87497e+01 7.90000e+01
9.89381e+01 7.90000e+01
9.91272e+01 7.90000e+01
9.93171e+01 7.90000e+01
9.95061e+01 7.90000e+01
9.96997e+01 7.90000e+01
9.98906e+01 7.90000e+01
1.00080e+02 7.90000e+01
1.00277e+02 7.90000e+01
1.00482e+02 7.90000e+01
1.00674e+02 7.90000e+01
1.00864e+02 7.90000e+01
1.01052e+02 7.90000e+01
1.01241e+02 7.90000e+01
1.01430e+02 7.90000e+01
1.01622e+02 7.90000e+01
1.01812e+02 7.90000e+01
1.02001e+02 7.90000e+01
1.02189e+02 7.90000e+01
1.02376e+02 7.90000e+01
1.02565e+02 7.90000e+01
1.02754e+02 7.90000e+01
1.02943e+02 7.90000e+01
1.03132e+02 7.90000e+01
1.03321e+02 7.90000e+01
1.03510e+02 7.90000e+01
1.03702e+02 7.90000e+01
1.03891e+02 7.90000e+01
1.04078e+02 7.90000e+01
1.04266e+02 7.90000e+01
1.04455e+02 7.90000e+01
1.04648e+02 7.90000e+01
1.04839e+02 7.90000e+01
1.05029e+02 7.90000e+01
1.05218e+02 7.90000e+01
1.05408e+02 7.90000e+01
1.05596e+02 7.90000e+01
1.05788e+02 7.90000e+01
1.05978e+02 7.90000e+01
1.06166e+02 7.90000e+01
1.06356e+02 7.90000e+01
1.06547e+02 7.90000e+01
1.06742e+02 7.90000e+01
1.06933e+02 7.90000e+01
1.07123e+02 7.90000e+01
1.07312e+02 7.90000e+01
1.07501e+02 7.90000e+01
1.07693e+02 7.90000e+01
1.07883e+02 7.90000e+01
1.08071e+02 7.90000e+01
1.08260e+02 7.90000e+01
1.08448e+02 7.90000e+01
1.08640e+02 7.90000e+01
1.08830e+02 7.90000e+01
1.09018e+02 7.90000e+01
1.09208e+02 7.90000e+01
1.09398e+02 7.90000e+01
1.09587e+02 7.90000e+01
1.09780e+02 7.90000e+01
1.09969e+02 7.90000e+01
1.10158e+02 7.90000e+01
1.10346e+02 7.90000e+01
1.10536e+02 7.90000e+01
1.10728e+02 7.90000e+01
1.10917e+02 7.90000e+01
1.11106e+02 7.90000e+01
1.11296e+02 7.90000e+01
1.11484e+02 7.90000e+01
1.11677e+02 7.90000e+01
1.11866e+02 7.90000e+01
1.12053e+02 7.90000e+01
1.12241e+02 7.90000e+01
1.12429e+02 7.90000e+01
1.12617e+02 7.90000e+01
1.12812e+02 7.90000e+01
1.12999e+02 7.90000e+01
1.13187e+02 7.90000e+01
1.13375e+02 7.90000e+01
1.13566e+02 7.90000e+01
1.13759e+02 7.90000e+01
1.13948e+02 7.90000e+01
1.14136e+02 7.90000e+01
1.14325e+02 7.90000e+01
1.14515e+02 7.90000e+01
1.14707e+02 7.90000e+01
1.14896e+02 7.90000e+01
1.15085e+02 7.90000e+01
1.15283e+02 7.90000e+01
1.15485e+02 7.90000e+01
1.15677e+02 7.90000e+01
1.15866e+02 7.90000e+01
1.16053e+02 7.90000e+01
1.16243e+02 7.90000e+01
1.16432e+02 7.90000e+01
1.16622e+02 7.90000e+01
1.16816e+02 7.90000e+01
1.17005e+02 7.90000e+01
1.17194e+02 7.90000e+01
1.17385e+02 7.90000e+01
1.17572e+02 7.90000e+01
1.17764e+02 7.90000e+01
1.17953e+02 7.90000e+01
1.18142e+02 7.90000e+01
1.18330e+02 7.90000e+01
1.18521e+02 7.90000e+01
1.18715e+02 7.90000e+01
1.18905e+02 7.90000e+01
1.19094e+02 7.90000e+01
1.19284e+02 7.90000e+01
1.19474e+02 7.90000e+01
1.19669e+02 7.90000e+01
1.19862e+02 7.90000e+01
1.20052e+02 7.90000e+01
1.20243e+02 7.90000e+01
1.20434e+02 7.90000e+01
1.20624e+02 7.90000e+01
1.20817e+02 7.90000e+01
1.21005e+02 7.90000e+01
1.21194e+02 7.90000e+01
1.21382e+02 7.90000e+01
1.21571e+02 7.90000e+01
1.21763e+02 7.90000e+01
1.21955e+02 7.90000e+01
1.22143e+02 7.90000e+01
1.22332e+02 7.90000e+01
1.22522e+02 7.90000e+01
1.22716e+02 7.90000e+01
1.22907e+02 7.90000e+01
1.23097e+02 7.90000e+01
1.23286e+02 7.90000e+01
1.23474e+02 7.90000e+01
1.23667e+02 7.90000e+01
1.23857e+02 7.90000e+01
1.24046e+02 7.90000e+01
1.24236e+02 7.90000e+01
1.24423e+02 7.90000e+01
1.24611e+02 7.90000e+01
1.24803e+02 7.90000e+01
1.24992e+02 7.90000e+01
1.25182e+02 7.90000e+01
1.25372e+02 7.90000e+01
1.25562e+02 7.90000e+01
1.25756e+02 7.90000e+01
1.25944e+02 7.90000e+01
1.26133e+02 7.90000e+01
1.26322e+02 7.90000e+01
1.26511e+02 7.90000e+01
1.26703e+02 7.90000e+01
1.26892e+02 7.90000e+01
1.27081e+02 7.90000e+01
1.27272e+02 7.90000e+01
1.27461e+02 7.90000e+01
1.27649e+02 7.90000e+01
1.27840e+02 7.90000e+01
1.28029e+02 7.90000e+01
1.28219e+02 7.90000e+01
1.28409e+02 7.90000e+01
1.28599e+02 7.90000e+01
1.28792e+02 7.90000e+01
1.28981e+02 7.90000e+01
1.29170e+02 7.90000e+01
1.29359e+02 7.90000e+01
1.29546e+02 7.90000e+01
1.29738e+02 7.90000e+01
1.29928e+02 7.90000e+01
1.30115e+02 7.90000e+01
1.30316e+02 7.90000e+01
1.30528e+02 7.90000e+01
1.30727e+02 7.90000e+01
1.30917e+02 7.90000e+01
1.31107e+02 7.90000e+01
1.31296e+02 7.90000e+01
1.31487e+02 7.90000e+01
1.31680e+02 7.90000e+01
1.31872e+02 7.90000e+01
1.32063e+02 7.90000e+01
1.32253e+02 7.90000e+01
1.32443e+02 7.90000e+01
1.32633e+02 7.90000e+01
1.32827e+02 7.90000e+01
1.33018e+02 7.90000e+01
1.33207e+02 7.90000e+01
1.33398e+02 7.90000e+01
1.33586e+02 7.90000e+01
1.33778e+02 7.90000e+01
1.33969e+02 7.90000e+01
1.34158e+02 7.90000e+01
1.34347e+02 7.90000e+01
1.34537e+02 7.90000e+01
1.34728e+02 7.90000e+01
1.34918e+02 7.90000e+01
1.35108e+02 7.90000e+01
1.35296e+02 7.90000e+01
1.35484e+02 7.90000e+01
1.35677e+02 7.90000e+01
1.35867e+02 7.90000e+01
1.36055e+02 7.90000e+01
1.36244e+02 7.90000e+01
1.36433e+02 7.90000e+01
1.36623e+02 7.90000e+01
1.36817e+02 7.90000e+01
1.37005e+02 7.90000e+01
1.37192e+02 7.90000e+01
1.37382e+02 7.90000e+01
1.37572e+02 7.90000e+01
1.37765e+02 7.90000e+01
1.37955e+02 7.90000e+01
1.38143e+02 7.90000e+01
1.38332e+02 7.90000e+01
1.38521e+02 7.90000e+01
1.38715e+02 7.90000e+01
1.38905e+02 7.90000e+01
1.39094e+02 7.90000e+01
1.39282e+02 7.90000e+01
1.39472e+02 7.90000e+01
1.39661e+02 7.90000e+01
1.39853e+02 7.90000e+01
1.40041e+02 7.90000e+01
1.40231e+02 7.90000e+01
1.40419e+02 7.90000e+01
1.40608e+02 7.90000e+01
1.40801e+02 7.90000e+01
1.40991e+02 7.90000e+01
1.41181e+02 7.90000e+01
1.41372e+02 7.90000e+01
1.41562e+02 7.90000e+01
1.41755e+02 7.90000e+01
1.41944e+02 7.90000e+01
1.42133e+02 7.90000e+01
1.42322e+02 7.90000e+01
1.42513e+02 7.90000e+01
1.42706e+02 7.90000e+01
1.42895e+02 7.90000e+01
1.43084e+02 7.90000e+01
1.43272e+02 7.90000e+01
1.43460e+02 7.90000e+01
1.43650e+02 7.90000e+01
1.43842e+02 7.90000e+01
1.44032e+02 7.90000e+01
1.44222e+02 7.90000e+01
1.44411e+02 7.90000e+01
1.44601e+02 7.90000e+01
1.44793e+02 7.90000e+01
1.44982e+02 7.90000e+01
1.45171e+02 7.90000e+01
1.45380e+02 7.90000e+01
1.45587e+02 7.90000e+01
1.45784e+02 7.90000e+01
1.45974e+02 7.90000e+01
1.46163e+02 7.90000e+01
1.46353e+02 7.90000e+01
1.46544e+02 7.90000e+01
1.46737e+02 7.90000e+01
1.46926e+02 7.90000e+01
1.47116e+02 7.90000e+01
1.47303e+02 7.90000e+01
1.47491e+02 7.90000e+01
1.47680e+02 7.90000e+01
1.47869e+02 7.90000e+01
1.48057e+02 7.90000e+01
1.48244e+02 7.90000e+01
1.48433e+02 7.90000e+01
1.48620e+02 7.90000e+01
1.48812e+02 7.90000e+01
1.49001e+02 7.90000e+01
1.49190e+02 7.90000e+01
1.49379e+02 7.90000e+01
1.49568e+02 7.90000e+01
1.49762e+02 7.90000e+01
1.49954e+02 7.90000e+01
1.50142e+02 7.90000e+01
1.50331e+02 7.90000e+01
1.50520e+02 7.90000e+01
1.50712e+02 7.90000e+01
1.50903e+02 7.90000e+01
1.51092e+02 7.90000e+01
1.51280e+02 7.90000e+01
1.51469e+02 7.90000e+01
1.51658e+02 7.90000e+01
1.51852e+02 7.90000e+01
1.52041e+02 7.90000e+01
1.52230e+02 7.90000e+01
1.52419e+02 7.90000e+01
1.52609e+02 7.90000e+01
1.52803e+02 7.90000e+01
1.52993e+02 7.90000e+01
1.53183e+02 7.90000e+01
1.53372e+02 7.90000e+01
1.53561e+02 7.90000e+01
1.53753e+02 7.90000e+01
1.53942e+02 7.90000e+01
1.54131e+02 7.90000e+01
1.54319e+02 7.90000e+01
1.54509e+02 7.90000e+01
1.54702e+02 7.90000e+01
1.54891e+02 7.90000e+01
1.55081e+02 7.90000e+01
1.55270e+02 7.90000e+01
1.55458e+02 7.90000e+01
1.55646e+02 7.90000e+01
1.55839e+02 7.90000e+01
1.56029e+02 7.90000e+01
1.56219e+02 7.90000e+01
1.56408e+02 7.90000e+01
1.56598e+02 7.90000e+01
1.56789e+02 7.90000e+01
1.56977e+02 7.90000e+01
1.57169e+02 7.90000e+01
1.57359e+02 7.90000e+01
1.57550e+02 7.90000e+01
1.57744e+02 7.90000e+01
1.57934e+02 7.90000e+01
1.58124e+02 7.90000e+01
1.58313e+02 7.90000e+01
1.58503e+02 7.90000e+01
1.58692e+02 7.90000e+01
1.58882e+02 7.90000e+01
1.59072e+02 7.90000e+01
1.59260e+02 7.90000e+01
1.59449e+02 7.90000e+01
1.59640e+02 7.90000e+01
1.59833e+02 7.90000e+01
1.60023e+02 7.90000e+01
1.60213e+02 7.90000e+01
1.60427e+02 7.90000e+01
1.60625e+02 7.90000e+01
1.60818e+02 7.90000e+01
1.61007e+02 7.90000e+01
1.61194e+02 7.90000e+01
1.61383e+02 7.90000e+01
1.61572e+02 7.90000e+01
1.61766e+02 7.90000e+01
1.61959e+02 7.90000e+01
1.62146e+02 7.90000e+01
1.62335e+02 7.90000e+01
1.62524e+02 7.90000e+01
1.62715e+02 7.90000e+01
1.62903e+02 7.90000e+01
1.63092e+02 7.90000e+01
1.63280e+02 7.90000e+01
1.63468e+02 7.90000e+01
1.63657e+02 7.90000e+01
1.63850e+02 7.90000e+01
1.64039e+02 7.90000e+01
1.64228e+02 7.90000e+01
1.64417e+02 7.90000e+01
1.64605e+02 7.90000e+01
1.64798e+02 7.90000e+01
1.64987e+02 7.90000e+01
1.65175e+02 7.90000e+01
1.65364e+02 7.90000e+01
1.65552e+02 7.90000e+01
1.65744e+02 7.90000e+01
1.65933e+02 7.90000e+01
1.66123e+02 7.90000e+01
1.66313e+02 7.90000e+01
1.66504e+02 7.90000e+01
1.66693e+02 7.90000e+01
1.66886e+02 7.90000e+01
1.67076e+02 7.90000e+01
1.67264e+02 7.90000e+01
1.67453e+02 7.90000e+01
1.67642e+02 7.90000e+01
1.67832e+02 7.90000e+01
1.68022e+02 7.90000e+01
1.68212e+02 7.90000e+01
1.68401e+02 7.90000e+01
1.68591e+02 7.90000e+01
1.68783e+02 7.90000e+01
1.68974e+02 7.90000e+01
1.69163e+02 7.90000e+01
1.69353e+02 7.90000e+01
1.69542e+02 7.90000e+01
1.69735e+02 7.90000e+01
1.69926e+02 7.90000e+01
1.70117e+02 7.90000e+01
1.70306e+02 7.90000e+01
1.70494e+02 7.90000e+01
1.70685e+02 7.90000e+01
1.70877e+02 7.90000e+01
1.71066e+02 7.90000e+01
1.71255e+02 7.90000e+01
1.71444e+02 7.90000e+01
1.71634e+02 7.90000e+01
1.71825e+02 7.90000e+01
1.72014e+02 7.90000e+01
1.72203e+02 7.90000e+01
1.72391e+02 7.90000e+01
1.72579e+02 7.90000e+01
1.72773e+02 7.90000e+01
1.72963e+02 7.90000e+01
1.73153e+02 7.90000e+01
1.73343e+02 7.90000e+01
1.73532e+02 7.90000e+01
1.73725e+02 7.90000e+01
1.73917e+02 7.90000e+01
1.74105e+02 7.90000e+01
1.74294e+02 7.90000e+01
1.74484e+02 7.90000e+01
1.74674e+02 7.90000e+01
1.74866e+02 7.90000e+01
1.75057e+02 7.90000e+01
1.75249e+02 7.90000e+01
1.75460e+02 7.90000e+01
1.75652e+02 7.90000e+01
1.75845e+02 7.90000e+01
1.76035e+02 7.90000e+01
1.76226e+02 7.90000e+01
1.76412e+02 7.90000e+01
1.76600e+02 7.90000e+01
1.76792e+02 7.90000e+01
1.76981e+02 7.90000e+01
1.77169e+02 7.90000e+01
1.77358e+02 7.90000e+01
1.77547e+02 7.90000e+01
1.77740e+02 7.90000e+01
1.77932e+02 7.90000e+01
1.78122e+02 7.90000e+01
1.78311e+02 7.90000e+01
1.78502e+02 7.90000e+01
1.78692e+02 7.90000e+01
1.78885e+02 7.90000e+01
1.79075e+02 7.90000e+01
1.79263e+02 7.90000e+01
1.79453e+02 7.90000e+01
1.79642e+02 7.90000e+01
1.79842e+02 7.90000e+01
1.80033e+02 7.90000e+01
1.80222e+02 7.90000e+01
1.80411e+02 7.90000e+01
1.80601e+02 7.90000e+01
1.80795e+02 7.90000e+01
1.80985e+02 7.90000e+01
1.81174e+02 7.90000e+01
1.81364e+02 7.90000e+01
1.81553e+02 7.90000e+01
1.81745e+02 7.90000e+01
1.81936e+02 7.90000e+01
1.82126e+02 7.90000e+01
1.82316e+02 7.90000e+01
1.82505e+02 7.90000e+01
1.82695e+02 7.90000e+01
1.82889e+02 7.90000e+01
1.83078e+02 7.90000e+01
1.83268e+02 7.90000e+01
1.83457e+02 7.90000e+01
1.83647e+02 7.90000e+01
1.83839e+02 7.90000e+01
1.84030e+02 7.90000e+01
1.84222e+02 7.90000e+01
1.84411e+02 7.90000e+01
1.84600e+02 7.90000e+01
1.84792e+02 7.90000e+01
1.84980e+02 7.90000e+01
1.85168e+02 7.90000e+01
1.85357e+02 7.90000e+01
1.85545e+02 7.90000e+01
1.85735e+02 7.90000e+01
1.85925e+02 7.90000e+01
1.86114e+02 7.90000e+01
1.86302e+02 7.90000e+01
1.86492e+02 7.90000e+01
1.86682e+02 7.90000e+01
1.86874e+02 7.90000e+01
1.87064e+02 7.90000e+01
1.87255e+02 7.90000e+01
1.87445e+02 7.90000e+01
1.87636e+02 7.90000e+01
1.87830e+02 7.90000e+01
1.88020e+02 7.90000e+01
1.88211e+02 7.90000e+01
1.88398e+02 7.90000e+01
1.88586e+02 7.90000e+01
1.88779e+02 7.90000e+01
1.88969e+02 7.90000e+01
1.89157e+02 7.90000e+01
1.89345e+02 7.90000e+01
1.89534e+02 7.90000e+01
1.89723e+02 7.90000e+01
1.89915e+02 7.90000e+01
1.90104e+02 7.90000e+01
