2.01590e-02 6.92000e+02
2.18557e-01 5.12000e+02
4.16288e-01 3.93000e+02
6.10530e-01 3.56000e+02
8.05110e-01 3.05000e+02
9.99071e-01 2.68000e+02
1.19446e+00 2.33000e+02
1.38673e+00 2.22000e+02
1.57983e+00 1.53000e+02
1.77114e+00 1.54000e+02
1.96577e+00 1.19000e+02
2.16030e+00 1.60000e+02
2.35515e+00 1.55000e+02
2.54748e+00 2.00000e+02
2.74106e+00 2.18000e+02
2.93301e+00 2.34000e+02
3.12548e+00 2.16000e+02
3.32277e+00 2.31000e+02
3.51614e+00 1.59000e+02
3.70648e+00 1.48000e+02
3.89880e+00 1.43000e+02
4.08978e+00 1.12000e+02
4.28556e+00 1.01000e+02
4.47755e+00 1.29000e+02
4.66835e+00 1.34000e+02
4.85944e+00 1.35000e+02
5.05900e+00 1.11000e+02
5.27463e+00 1.19000e+02
5.48069e+00 1.22000e+02
5.67296e+00 1.21000e+02
5.86434e+00 1.10000e+02
6.05589e+00 1.16000e+02
6.24885e+00 1.59000e+02
6.44147e+00 1.48000e+02
6.63352e+00 1.45000e+02
6.82692e+00 1.71000e+02
7.01696e+00 1.66000e+02
7.21073e+00 1.93000e+02
7.40213e+00 1.56000e+02
7.59413e+00 1.57000e+02
7.78626e+00 1.88000e+02
7.97765e+00 1.58000e+02
8.17057e+00 1.77000e+02
8.36263e+00 2.28000e+02
8.55435e+00 2.08000e+02
8.74652e+00 1.99000e+02
8.93841e+00 1.92000e+02
9.12987e+00 1.70000e+02
9.32314e+00 1.87000e+02
9.51258e+00 1.39000e+02
9.70347e+00 1.41000e+02
9.89425e+00 1.35000e+02
1.00856e+01 1.57000e+02
1.02785e+01 1.71000e+02
1.04680e+01 1.69000e+02
1.06607e+01 1.92000e+02
1.08521e+01 1.59000e+02
1.10422e+01 1.63000e+02
1.12374e+01 1.56000e+02
1.14303e+01 1.68000e+02
1.16206e+01 1.71000e+02
1.18119e+01 1.71000e+02
1.20031e+01 1.26000e+02
1.21978e+01 1.14000e+02
1.23891e+01 1.59000e+02
1.25794e+01 1.45000e+02
1.27701e+01 1.73000e+02
1.29618e+01 1.48000e+02
1.31535e+01 1.32000e+02
1.33464e+01 1.07000e+02
1.35371e+01 1.28000e+02
1.37286e+01 1.00000e+02
1.39188e+01 7.60000e+01
1.41089e+01 7.60000e+01
1.43031e+01 7.60000e+01
1.44930e+01 7.60000e+01
1.46852e+01 7.60000e+01
1.48761e+01 7.60000e+01
1.50661e+01 7.60000e+01
1.52610e+01 7.60000e+01
1.54524e+01 7.60000e+01
1.56441e+01 7.60000e+01
1.58346e+01 7.60000e+01
1.60275e+01 7.60000e+01
1.62208e+01 7.60000e+01
1.64129e+01 7.60000e+01
1.66058e+01 7.60000e+01
1.67972e+01 7.60000e+01
1.69890e+01 7.60000e+01
1.71822e+01 7.60000e+01
1.73756e+01 7.60000e+01
1.75674e+01 7.60000e+01
1.77589e+01 7.60000e+01
1.79516e+01 7.60000e+01
1.81442e+01 7.60000e+01
1.83392e+01 7.60000e+01
1.85291e+01 7.60000e+01
1.87199e+01 7.60000e+01
1.89102e+01 7.60000e+01
1.91013e+01 7.60000e+01
1.92952e+01 7.60000e+01
1.94892e+01 7.60000e+01
1.96818e+01 7.60000e+01
1.98731e+01 7.60000e+01
2.00772e+01 7.60000e+01
2.02860e+01 7.60000e+01
2.04783e+01 7.60000e+01
2.06700e+01 7.60000e+01
2.08605e+01 7.60000e+01
2.10525e+01 7.60000e+01
2.12484e+01 7.60000e+01
2.14417e+01 7.60000e+01
2.16353e+01 7.60000e+01
2.18278e+01 7.60000e+01
2.20187e+01 7.60000e+01
2.22143e+01 7.60000e+01
2.24055e+01 7.60000e+01
2.25979e+01 7.60000e+01
2.27889e+01 7.60000e+01
2.29810e+01 7.60000e+01
2.31744e+01 7.60000e+01
2.33661e+01 7.60000e+01
2.35582e+01 7.60000e+01
2.37498e+01 7.60000e+01
2.39408e+01 7.60000e+01
2.41320e+01 7.60000e+01
2.43240e+01 7.60000e+01
2.45147e+01 7.60000e+01
2.47055e+01 7.60000e+01
2.48958e+01 7.60000e+01
2.50870e+01 7.60000e+01
2.52801e+01 7.60000e+01
2.54695e+01 7.60000e+01
2.56592e+01 7.60000e+01
2.58484e+01 7.60000e+01
2.60393e+01 7.60000e+01
2.62330e+01 7.60000e+01
2.64229e+01 7.60000e+01
2.66137e+01 7.60000e+01
2.68049e+01 7.60000e+01
2.69943e+01 7.60000e+01
2.71843e+01 7.60000e+01
2.73752e+01 7.60000e+01
2.75657e+01 7.60000e+01
2.77550e+01 7.60000e+01
2.79447e+01 7.60000e+01
2.81354e+01 7.60000e+01
2.83277e+01 7.60000e+01
2.85187e+01 7.60000e+01
2.87099e+01 7.60000e+01
2.88997e+01 7.60000e+01
2.90902e+01 7.60000e+01
2.92844e+01 7.60000e+01
2.94740e+01 7.60000e+01
2.96635e+01 7.60000e+01
2.98535e+01 7.60000e+01
3.00440e+01 7.60000e+01
3.02386e+01 7.60000e+01
3.04312e+01 7.60000e+01
3.06218e+01 7.60000e+01
3.08106e+01 7.60000e+01
3.10017e+01 7.60000e+01
3.11946e+01 7.60000e+01
3.13858e+01 7.60000e+01
3.15759e+01 7.60000e+01
3.17659e+01 7.60000e+01
3.19616e+01 7.60000e+01
3.21520e+01 7.60000e+01
3.23463e+01 7.60000e+01
3.25365e+01 7.60000e+01
3.27254e+01 7.60000e+01
3.29163e+01 7.60000e+01
3.31074e+01 7.60000e+01
3.33014e+01 7.60000e+01
3.34929e+01 7.60000e+01
3.36833e+01 7.60000e+01
3.38744e+01 7.60000e+01
3.40663e+01 7.60000e+01
3.42597e+01 7.60000e+01
3.44515e+01 7.60000e+01
3.46415e+01 7.60000e+01
3.48333e+01 7.60000e+01
3.50289e+01 7.60000e+01
3.52475e+01 7.60000e+01
3.54411e+01 7.60000e+01
3.56334e+01 7.60000e+01
3.58238e+01 7.60000e+01
3.60147e+01 7.60000e+01
3.62078e+01 7.60000e+01
3.63986e+01 7.60000e+01
3.65899e+01 7.60000e+01
3.67801e+01 7.60000e+01
3.69702e+01 7.60000e+01
3.71610e+01 7.60000e+01
3.73538e+01 7.60000e+01
3.75432e+01 7.60000e+01
3.77342e+01 7.60000e+01
3.79245e+01 7.60000e+01
3.81148e+01 7.60000e+01
3.83075e+01 7.60000e+01
3.84972e+01 7.60000e+01
3.86882e+01 7.60000e+01
3.88790e+01 7.60000e+01
3.90687e+01 7.60000e+01
3.92606e+01 7.60000e+01
3.94509e+01 7.60000e+01
3.96414e+01 7.60000e+01
3.98316e+01 7.60000e+01
4.00208e+01 7.60000e+01
4.02143e+01 7.60000e+01
4.04050e+01 7.60000e+01
4.05972e+01 7.60000e+01
4.07880e+01 7.60000e+01
4.09778e+01 7.60000e+01
4.11663e+01 7.60000e+01
4.13606e+01 7.60000e+01
4.15503e+01 7.60000e+01
4.17428e+01 7.60000e+01
4.19346e+01 7.60000e+01
4.21252e+01 7.60000e+01
4.23177e+01 7.60000e+01
4.25086e+01 7.60000e+01
4.27008e+01 7.60000e+01
4.28904e+01 7.60000e+01
4.30815e+01 7.60000e+01
4.32740e+01 7.60000e+01
4.34651e+01 7.60000e+01
4.36555e+01 7.60000e+01
4.38462e+01 7.60000e+01
4.40365e+01 7.60000e+01
4.42276e+01 7.60000e+01
4.44180e+01 7.60000e+01
4.46075e+01 7.60000e+01
4.47974e+01 7.60000e+01
4.49878e+01 7.60000e+01
4.51767e+01 7.60000e+01
4.53706e+01 7.60000e+01
4.55615e+01 7.60000e+01
4.57521e+01 7.60000e+01
4.59418e+01 7.60000e+01
4.61317e+01 7.60000e+01
4.63257e+01 7.60000e+01
4.65159e+01 7.60000e+01
4.67063e+01 7.60000e+01
4.68948e+01 7.60000e+01
4.70853e+01 7.60000e+01
4.72802e+01 7.60000e+01
4.74714e+01 7.60000e+01
4.76611e+01 7.60000e+01
4.78502e+01 7.60000e+01
4.80385e+01 7.60000e+01
4.82300e+01 7.60000e+01
4.84213e+01 7.60000e+01
4.86123e+01 7.60000e+01
4.88040e+01 7.60000e+01
4.89954e+01 7.60000e+01
4.91843e+01 7.60000e+01
4.93771e+01 7.60000e+01
4.95678e+01 7.60000e+01
4.97564e+01 7.60000e+01
4.99460e+01 7.60000e+01
5.01578e+01 7.60000e+01
5.03570e+01 7.60000e+01
5.05477e+01 7.60000e+01
5.07367e+01 7.60000e+01
5.09270e+01 7.60000e+01
5.11170e+01 7.60000e+01
5.13099e+01 7.60000e+01
5.15003e+01 7.60000e+01
5.16901e+01 7.60000e+01
5.18795e+01 7.60000e+01
5.20690e+01 7.60000e+01
5.22614e+01 7.60000e+01
5.24519e+01 7.60000e+01
5.26405e+01 7.60000e+01
5.28302e+01 7.60000e+01
5.30196e+01 7.60000e+01
5.32100e+01 7.60000e+01
5.34017e+01 7.60000e+01
5.35911e+01 7.60000e+01
5.37804e+01 7.60000e+01
5.39704e+01 7.60000e+01
5.41593e+01 7.60000e+01
5.43521e+01 7.60000e+01
5.45426e+01 7.60000e+01
5.47324e+01 7.60000e+01
5.49218e+01 7.60000e+01
5.51112e+01 7.60000e+01
5.53031e+01 7.60000e+01
5.54922e+01 7.60000e+01
5.56827e+01 7.60000e+01
5.58736e+01 7.60000e+01
5.60625e+01 7.60000e+01
5.62562e+01 7.60000e+01
5.64459e+01 7.60000e+01
5.66356e+01 7.60000e+01
5.68268e+01 7.60000e+01
5.70155e+01 7.60000e+01
5.72032e+01 7.60000e+01
5.73974e+01 7.60000e+01
5.75871e+01 7.60000e+01
5.77777e+01 7.60000e+01
5.79680e+01 7.60000e+01
5.81569e+01 7.60000e+01
5.83503e+01 7.60000e+01
5.85401e+01 7.60000e+01
5.87293e+01 7.60000e+01
5.89184e+01 7.60000e+01
5.91077e+01 7.60000e+01
5.93020e+01 7.60000e+01
5.94925e+01 7.60000e+01
5.96836e+01 7.60000e+01
5.98744e+01 7.60000e+01
6.00631e+01 7.60000e+01
6.02542e+01 7.60000e+01
6.04442e+01 7.60000e+01
6.06334e+01 7.60000e+01
6.08243e+01 7.60000e+01
6.10145e+01 7.60000e+01
6.12050e+01 7.60000e+01
6.13979e+01 7.60000e+01
6.15870e+01 7.60000e+01
6.17761e+01 7.60000e+01
6.19662e+01 7.60000e+01
6.21537e+01 7.60000e+01
6.23474e+01 7.60000e+01
6.25376e+01 7.60000e+01
6.27278e+01 7.60000e+01
6.29179e+01 7.60000e+01
6.31090e+01 7.60000e+01
6.33024e+01 7.60000e+01
6.34913e+01 7.60000e+01
6.36798e+01 7.60000e+01
6.38703e+01 7.60000e+01
6.40600e+01 7.60000e+01
6.42542e+01 7.60000e+01
6.44452e+01 7.60000e+01
6.46358e+01 7.60000e+01
6.48259e+01 7.60000e+01
6.50166e+01 7.60000e+01
6.52273e+01 7.60000e+01
6.54233e+01 7.60000e+01
6.56152e+01 7.60000e+01
6.58048e+01 7.60000e+01
6.59936e+01 7.60000e+01
6.61832e+01 7.60000e+01
6.63775e+01 7.60000e+01
6.65695e+01 7.60000e+01
6.67596e+01 7.60000e+01
6.69491e+01 7.60000e+01
6.71391e+01 7.60000e+01
6.73335e+01 7.60000e+01
6.75257e+01 7.60000e+01
6.77171e+01 7.60000e+01
6.79062e+01 7.60000e+01
6.80970e+01 7.60000e+01
6.82910e+01 7.60000e+01
6.84827e+01 7.60000e+01
6.86731e+01 7.60000e+01
6.88645e+01 7.60000e+01
6.90543e+01 7.60000e+01
6.92466e+01 7.60000e+01
6.94376e+01 7.60000e+01
6.96284e+01 7.60000e+01
6.98191e+01 7.60000e+01
7.00078e+01 7.60000e+01
7.01985e+01 7.60000e+01
7.03920e+01 7.60000e+01
7.05827e+01 7.60000e+01
7.07732e+01 7.60000e+01
7.09635e+01 7.60000e+01
7.11542e+01 7.60000e+01
7.13483e+01 7.60000e+01
7.15390e+01 7.60000e+01
7.17304e+01 7.60000e+01
7.19210e+01 7.60000e+01
7.21131e+01 7.60000e+01
7.23071e+01 7.60000e+01
7.24977e+01 7.60000e+01
7.26888e+01 7.60000e+01
7.28791e+01 7.60000e+01
7.30685e+01 7.60000e+01
7.32609e+01 7.60000e+01
7.34516e+01 7.60000e+01
7.36413e+01 7.60000e+01
7.38314e+01 7.60000e+01
7.40220e+01 7.60000e+01
7.42127e+01 7.60000e+01
7.44058e+01 7.60000e+01
7.45960e+01 7.60000e+01
7.47870e+01 7.60000e+01
7.49796e+01 7.60000e+01
7.51709e+01 7.60000e+01
7.53631e+01 7.60000e+01
7.55515e+01 7.60000e+01
7.57424e+01 7.60000e+01
7.59337e+01 7.60000e+01
7.61254e+01 7.60000e+01
7.63197e+01 7.60000e+01
7.65120e+01 7.60000e+01
7.67038e+01 7.60000e+01
7.68962e+01 7.60000e+01
7.70884e+01 7.60000e+01
7.72822e+01 7.60000e+01
7.74729e+01 7.60000e+01
7.76632e+01 7.60000e+01
7.78530e+01 7.60000e+01
7.80437e+01 7.60000e+01
7.82346e+01 7.60000e+01
7.84282e+01 7.60000e+01
7.86201e+01 7.60000e+01
7.88099e+01 7.60000e+01
7.90012e+01 7.60000e+01
7.91917e+01 7.60000e+01
7.93864e+01 7.60000e+01
7.95779e+01 7.60000e+01
7.97695e+01 7.60000e+01
7.99599e+01 7.60000e+01
8.01741e+01 7.60000e+01
8.03823e+01 7.60000e+01
8.05742e+01 7.60000e+01
8.07638e+01 7.60000e+01
8.09552e+01 7.60000e+01
8.11461e+01 7.60000e+01
8.13403e+01 7.60000e+01
8.15328e+01 7.60000e+01
8.17239e+01 7.60000e+01
8.19149e+01 7.60000e+01
8.21060e+01 7.60000e+01
8.22992e+01 7.60000e+01
8.24883e+01 7.60000e+01
8.26797e+01 7.60000e+01
8.28684e+01 7.60000e+01
8.30584e+01 7.60000e+01
8.32492e+01 7.60000e+01
8.34434e+01 7.60000e+01
8.36341e+01 7.60000e+01
8.38243e+01 7.60000e+01
8.40140e+01 7.60000e+01
8.42041e+01 7.60000e+01
8.43973e+01 7.60000e+01
8.45886e+01 7.60000e+01
8.47793e+01 7.60000e+01
8.49707e+01 7.60000e+01
8.51597e+01 7.60000e+01
8.53542e+01 7.60000e+01
8.55463e+01 7.60000e+01
8.57359e+01 7.60000e+01
8.59269e+01 7.60000e+01
8.61171e+01 7.60000e+01
8.63109e+01 7.60000e+01
8.65023e+01 7.60000e+01
8.66948e+01 7.60000e+01
8.68858e+01 7.60000e+01
8.70747e+01 7.60000e+01
8.72662e+01 7.60000e+01
8.74569e+01 7.60000e+01
8.76454e+01 7.60000e+01
8.78354e+01 7.60000e+01
8.80257e+01 7.60000e+01
8.82148e+01 7.60000e+01
8.84101e+01 7.60000e+01
8.86018e+01 7.60000e+01
8.87916e+01 7.60000e+01
8.89823e+01 7.60000e+01
8.91715e+01 7.60000e+01
8.93654e+01 7.60000e+01
8.95565e+01 7.60000e+01
8.97455e+01 7.60000e+01
8.99354e+01 7.60000e+01
9.01257e+01 7.60000e+01
9.03202e+01 7.60000e+01
9.05117e+01 7.60000e+01
9.07046e+01 7.60000e+01
9.08957e+01 7.60000e+01
9.10870e+01 7.60000e+01
9.12824e+01 7.60000e+01
9.14750e+01 7.60000e+01
9.16657e+01 7.60000e+01
9.18574e+01 7.60000e+01
9.20531e+01 7.60000e+01
9.22446e+01 7.60000e+01
9.24386e+01 7.60000e+01
9.26300e+01 7.60000e+01
9.28193e+01 7.60000e+01
9.30104e+01 7.60000e+01
9.32010e+01 7.60000e+01
9.33965e+01 7.60000e+01
9.35875e+01 7.60000e+01
9.37775e+01 7.60000e+01
9.39689e+01 7.60000e+01
9.41584e+01 7.60000e+01
9.43530e+01 7.60000e+01
9.45441e+01 7.60000e+01
9.47348e+01 7.60000e+01
9.49279e+01 7.60000e+01
9.51356e+01 7.60000e+01
9.53357e+01 7.60000e+01
9.55269e+01 7.60000e+01
9.57193e+01 7.60000e+01
9.59110e+01 7.60000e+01
9.61027e+01 7.60000e+01
9.62981e+01 7.60000e+01
9.64914e+01 7.60000e+01
9.66832e+01 7.60000e+01
9.68743e+01 7.60000e+01
9.70661e+01 7.60000e+01
9.72570e+01 7.60000e+01
9.74524e+01 7.60000e+01
9.76424e+01 7.60000e+01
9.78314e+01 7.60000e+01
9.80230e+01 7.60000e+01
9.82136e+01 7.60000e+01
9.84075e+01 7.60000e+01
9.85975e+01 7.60000e+01
9.87870e+01 7.60000e+01
9.89780e+01 7.60000e+01
9.91682e+01 7.60000e+01
9.93611e+01 7.60000e+01
9.95518e+01 7.60000e+01
9.97429e+01 7.60000e+01
9.99329e+01 7.60000e+01
1.00123e+02 7.60000e+01
1.00316e+02 7.60000e+01
1.00506e+02 7.60000e+01
1.00696e+02 7.60000e+01
1.00884e+02 7.60000e+01
1.01074e+02 7.60000e+01
1.01263e+02 7.60000e+01
1.01454e+02 7.60000e+01
1.01644e+02 7.60000e+01
1.01834e+02 7.60000e+01
1.02025e+02 7.60000e+01
1.02216e+02 7.60000e+01
1.02411e+02 7.60000e+01
1.02602e+02 7.60000e+01
1.02794e+02 7.60000e+01
1.02986e+02 7.60000e+01
1.03176e+02 7.60000e+01
1.03370e+02 7.60000e+01
1.03562e+02 7.60000e+01
1.03754e+02 7.60000e+01
1.03947e+02 7.60000e+01
1.04138e+02 7.60000e+01
1.04333e+02 7.60000e+01
1.04527e+02 7.60000e+01
1.04718e+02 7.60000e+01
1.04909e+02 7.60000e+01
1.05102e+02 7.60000e+01
1.05295e+02 7.60000e+01
1.05487e+02 7.60000e+01
1.05678e+02 7.60000e+01
1.05870e+02 7.60000e+01
1.06062e+02 7.60000e+01
1.06255e+02 7.60000e+01
1.06448e+02 7.60000e+01
1.06640e+02 7.60000e+01
1.06831e+02 7.60000e+01
1.07023e+02 7.60000e+01
1.07215e+02 7.60000e+01
1.07411e+02 7.60000e+01
1.07601e+02 7.60000e+01
1.07793e+02 7.60000e+01
1.07986e+02 7.60000e+01
1.08176e+02 7.60000e+01
1.08369e+02 7.60000e+01
1.08562e+02 7.60000e+01
1.08754e+02 7.60000e+01
1.08946e+02 7.60000e+01
1.09138e+02 7.60000e+01
1.09332e+02 7.60000e+01
1.09524e+02 7.60000e+01
1.09713e+02 7.60000e+01
1.09904e+02 7.60000e+01
1.10109e+02 7.60000e+01
1.10326e+02 7.60000e+01
1.10534e+02 7.60000e+01
1.10725e+02 7.60000e+01
1.10916e+02 7.60000e+01
1.11108e+02 7.60000e+01
1.11301e+02 7.60000e+01
1.11495e+02 7.60000e+01
1.11686e+02 7.60000e+01
1.11877e+02 7.60000e+01
1.12070e+02 7.60000e+01
1.12261e+02 7.60000e+01
1.12456e+02 7.60000e+01
1.12648e+02 7.60000e+01
1.12839e+02 7.60000e+01
1.13031e+02 7.60000e+01
1.13222e+02 7.60000e+01
1.13415e+02 7.60000e+01
1.13606e+02 7.60000e+01
1.13796e+02 7.60000e+01
1.13986e+02 7.60000e+01
1.14177e+02 7.60000e+01
1.14371e+02 7.60000e+01
1.14563e+02 7.60000e+01
1.14752e+02 7.60000e+01
1.14943e+02 7.60000e+01
1.15131e+02 7.60000e+01
1.15321e+02 7.60000e+01
1.15513e+02 7.60000e+01
1.15704e+02 7.60000e+01
1.15893e+02 7.60000e+01
1.16084e+02 7.60000e+01
1.16274e+02 7.60000e+01
1.16470e+02 7.60000e+01
1.16660e+02 7.60000e+01
1.16850e+02 7.60000e+01
1.17039e+02 7.60000e+01
1.17230e+02 7.60000e+01
1.17422e+02 7.60000e+01
1.17612e+02 7.60000e+01
1.17804e+02 7.60000e+01
1.17995e+02 7.60000e+01
1.18184e+02 7.60000e+01
1.18378e+02 7.60000e+01
1.18569e+02 7.60000e+01
1.18759e+02 7.60000e+01
1.18951e+02 7.60000e+01
1.19142e+02 7.60000e+01
1.19335e+02 7.60000e+01
1.19527e+02 7.60000e+01
1.19718e+02 7.60000e+01
1.19908e+02 7.60000e+01
1.20100e+02 7.60000e+01
1.20291e+02 7.60000e+01
1.20486e+02 7.60000e+01
1.20678e+02 7.60000e+01
1.20869e+02 7.60000e+01
1.21062e+02 7.60000e+01
1.21254e+02 7.60000e+01
1.21447e+02 7.60000e+01
1.21636e+02 7.60000e+01
1.21825e+02 7.60000e+01
1.22016e+02 7.60000e+01
1.22205e+02 7.60000e+01
1.22398e+02 7.60000e+01
1.22590e+02 7.60000e+01
1.22778e+02 7.60000e+01
1.22969e+02 7.60000e+01
1.23159e+02 7.60000e+01
1.23354e+02 7.60000e+01
1.23545e+02 7.60000e+01
1.23736e+02 7.60000e+01
1.23925e+02 7.60000e+01
1.24116e+02 7.60000e+01
1.24306e+02 7.60000e+01
1.24499e+02 7.60000e+01
1.24691e+02 7.60000e+01
1.24883e+02 7.60000e+01
1.25087e+02 7.60000e+01
1.25298e+02 7.60000e+01
1.25492e+02 7.60000e+01
1.25682e+02 7.60000e+01
1.25873e+02 7.60000e+01
1.26062e+02 7.60000e+01
1.26251e+02 7.60000e+01
1.26444e+02 7.60000e+01
1.26634e+02 7.60000e+01
1.26825e+02 7.60000e+01
1.27014e+02 7.60000e+01
1.27204e+02 7.60000e+01
1.27395e+02 7.60000e+01
1.27586e+02 7.60000e+01
1.27774e+02 7.60000e+01
1.27965e+02 7.60000e+01
1.28156e+02 7.60000e+01
1.28348e+02 7.60000e+01
1.28539e+02 7.60000e+01
1.28730e+02 7.60000e+01
1.28919e+02 7.60000e+01
1.29108e+02 7.60000e+01
1.29297e+02 7.60000e+01
1.29491e+02 7.60000e+01
1.29682e+02 7.60000e+01
1.29872e+02 7.60000e+01
1.30063e+02 7.60000e+01
1.30253e+02 7.60000e+01
1.30447e+02 7.60000e+01
1.30638e+02 7.60000e+01
1.30827e+02 7.60000e+01
1.31018e+02 7.60000e+01
1.31207e+02 7.60000e+01
1.31400e+02 7.60000e+01
1.31591e+02 7.60000e+01
1.31782e+02 7.60000e+01
1.31973e+02 7.60000e+01
1.32164e+02 7.60000e+01
1.32358e+02 7.60000e+01
1.32550e+02 7.60000e+01
1.32741e+02 7.60000e+01
1.32932e+02 7.60000e+01
1.33122e+02 7.60000e+01
1.33312e+02 7.60000e+01
1.33504e+02 7.60000e+01
1.33695e+02 7.60000e+01
1.33885e+02 7.60000e+01
1.34076e+02 7.60000e+01
1.34266e+02 7.60000e+01
1.34459e+02 7.60000e+01
1.34649e+02 7.60000e+01
1.34840e+02 7.60000e+01
1.35030e+02 7.60000e+01
1.35219e+02 7.60000e+01
1.35412e+02 7.60000e+01
1.35603e+02 7.60000e+01
1.35793e+02 7.60000e+01
1.35983e+02 7.60000e+01
1.36173e+02 7.60000e+01
1.36366e+02 7.60000e+01
1.36557e+02 7.60000e+01
1.36748e+02 7.60000e+01
1.36938e+02 7.60000e+01
1.37129e+02 7.60000e+01
1.37319e+02 7.60000e+01
1.37512e+02 7.60000e+01
1.37702e+02 7.60000e+01
1.37892e+02 7.60000e+01
1.38082e+02 7.60000e+01
1.38272e+02 7.60000e+01
1.38465e+02 7.60000e+01
1.38656e+02 7.60000e+01
1.38845e+02 7.60000e+01
1.39035e+02 7.60000e+01
1.39225e+02 7.60000e+01
1.39417e+02 7.60000e+01
1.39609e+02 7.60000e+01
1.39799e+02 7.60000e+01
1.39990e+02 7.60000e+01
1.40204e+02 7.60000e+01
1.40405e+02 7.60000e+01
1.40597e+02 7.60000e+01
1.40788e+02 7.60000e+01
1.40978e+02 7.60000e+01
1.41168e+02 7.60000e+01
1.41361e+02 7.60000e+01
1.41552e+02 7.60000e+01
1.41741e+02 7.60000e+01
1.41931e+02 7.60000e+01
1.42122e+02 7.60000e+01
1.42312e+02 7.60000e+01
1.42507e+02 7.60000e+01
1.42698e+02 7.60000e+01
1.42887e+02 7.60000e+01
1.43076e+02 7.60000e+01
1.43266e+02 7.60000e+01
1.43458e+02 7.60000e+01
1.43650e+02 7.60000e+01
1.43839e+02 7.60000e+01
1.44030e+02 7.60000e+01
1.44219e+02 7.60000e+01
1.44411e+02 7.60000e+01
1.44611e+02 7.60000e+01
1.44806e+02 7.60000e+01
1.44995e+02 7.60000e+01
1.45185e+02 7.60000e+01
1.45380e+02 7.60000e+01
1.45573e+02 7.60000e+01
1.45765e+02 7.60000e+01
1.45955e+02 7.60000e+01
1.46145e+02 7.60000e+01
1.46335e+02 7.60000e+01
1.46530e+02 7.60000e+01
1.46721e+02 7.60000e+01
1.46913e+02 7.60000e+01
1.47104e+02 7.60000e+01
1.47296e+02 7.60000e+01
1.47490e+02 7.60000e+01
1.47682e+02 7.60000e+01
1.47874e+02 7.60000e+01
1.48064e+02 7.60000e+01
1.48254e+02 7.60000e+01
1.48449e+02 7.60000e+01
1.48642e+02 7.60000e+01
1.48833e+02 7.60000e+01
1.49024e+02 7.60000e+01
1.49215e+02 7.60000e+01
1.49409e+02 7.60000e+01
1.49600e+02 7.60000e+01
1.49790e+02 7.60000e+01
1.49982e+02 7.60000e+01
1.50173e+02 7.60000e+01
1.50368e+02 7.60000e+01
1.50560e+02 7.60000e+01
1.50752e+02 7.60000e+01
1.50943e+02 7.60000e+01
1.51134e+02 7.60000e+01
1.51325e+02 7.60000e+01
1.51520e+02 7.60000e+01
1.51710e+02 7.60000e+01
1.51901e+02 7.60000e+01
1.52099e+02 7.60000e+01
1.52293e+02 7.60000e+01
1.52489e+02 7.60000e+01
1.52681e+02 7.60000e+01
1.52874e+02 7.60000e+01
1.53066e+02 7.60000e+01
1.53256e+02 7.60000e+01
1.53451e+02 7.60000e+01
1.53644e+02 7.60000e+01
1.53835e+02 7.60000e+01
1.54028e+02 7.60000e+01
1.54219e+02 7.60000e+01
1.54414e+02 7.60000e+01
1.54607e+02 7.60000e+01
1.54799e+02 7.60000e+01
1.54990e+02 7.60000e+01
1.55202e+02 7.60000e+01
1.55399e+02 7.60000e+01
1.55591e+02 7.60000e+01
1.55781e+02 7.60000e+01
1.55971e+02 7.60000e+01
1.56163e+02 7.60000e+01
1.56354e+02 7.60000e+01
1.56547e+02 7.60000e+01
1.56737e+02 7.60000e+01
1.56927e+02 7.60000e+01
1.57119e+02 7.60000e+01
1.57310e+02 7.60000e+01
1.57504e+02 7.60000e+01
1.57696e+02 7.60000e+01
1.57887e+02 7.60000e+01
1.58078e+02 7.60000e+01
1.58269e+02 7.60000e+01
1.58462e+02 7.60000e+01
1.58653e+02 7.60000e+01
1.58844e+02 7.60000e+01
1.59034e+02 7.60000e+01
1.59227e+02 7.60000e+01
1.59421e+02 7.60000e+01
1.59614e+02 7.60000e+01
1.59806e+02 7.60000e+01
1.59996e+02 7.60000e+01
1.60187e+02 7.60000e+01
1.60380e+02 7.60000e+01
1.60572e+02 7.60000e+01
1.60764e+02 7.60000e+01
1.60955e+02 7.60000e+01
1.61147e+02 7.60000e+01
1.61339e+02 7.60000e+01
1.61532e+02 7.60000e+01
1.61727e+02 7.60000e+01
1.61919e+02 7.60000e+01
1.62111e+02 7.60000e+01
1.62301e+02 7.60000e+01
1.62495e+02 7.60000e+01
1.62687e+02 7.60000e+01
1.62877e+02 7.60000e+01
1.63069e+02 7.60000e+01
1.63261e+02 7.60000e+01
1.63455e+02 7.60000e+01
1.63647e+02 7.60000e+01
1.63839e+02 7.60000e+01
1.64031e+02 7.60000e+01
1.64222e+02 7.60000e+01
1.64418e+02 7.60000e+01
1.64611e+02 7.60000e+01
1.64803e+02 7.60000e+01
1.64995e+02 7.60000e+01
1.65186e+02 7.60000e+01
1.65380e+02 7.60000e+01
1.65574e+02 7.60000e+01
1.65766e+02 7.60000e+01
1.65957e+02 7.60000e+01
1.66150e+02 7.60000e+01
1.66343e+02 7.60000e+01
1.66537e+02 7.60000e+01
1.66728e+02 7.60000e+01
1.66920e+02 7.60000e+01
1.67112e+02 7.60000e+01
1.67305e+02 7.60000e+01
1.67499e+02 7.60000e+01
1.67690e+02 7.60000e+01
1.67882e+02 7.60000e+01
1.68073e+02 7.60000e+01
1.68264e+02 7.60000e+01
1.68460e+02 7.60000e+01
1.68651e+02 7.60000e+01
1.68842e+02 7.60000e+01
1.69034e+02 7.60000e+01
1.69224e+02 7.60000e+01
1.69419e+02 7.60000e+01
1.69611e+02 7.60000e+01
1.69802e+02 7.60000e+01
1.69993e+02 7.60000e+01
1.70208e+02 7.60000e+01
1.70404e+02 7.60000e+01
1.70596e+02 7.60000e+01
1.70786e+02 7.60000e+01
1.70978e+02 7.60000e+01
1.71170e+02 7.60000e+01
1.71363e+02 7.60000e+01
1.71557e+02 7.60000e+01
1.71749e+02 7.60000e+01
1.71938e+02 7.60000e+01
1.72129e+02 7.60000e+01
1.72320e+02 7.60000e+01
1.72515e+02 7.60000e+01
1.72706e+02 7.60000e+01
1.72897e+02 7.60000e+01
1.73088e+02 7.60000e+01
1.73281e+02 7.60000e+01
1.73474e+02 7.60000e+01
1.73666e+02 7.60000e+01
1.73857e+02 7.60000e+01
1.74048e+02 7.60000e+01
1.74239e+02 7.60000e+01
1.74432e+02 7.60000e+01
1.74624e+02 7.60000e+01
1.74815e+02 7.60000e+01
1.75006e+02 7.60000e+01
1.75198e+02 7.60000e+01
1.75389e+02 7.60000e+01
1.75581e+02 7.60000e+01
1.75773e+02 7.60000e+01
1.75965e+02 7.60000e+01
1.76157e+02 7.60000e+01
1.76348e+02 7.60000e+01
1.76543e+02 7.60000e+01
1.76735e+02 7.60000e+01
1.76926e+02 7.60000e+01
1.77118e+02 7.60000e+01
1.77311e+02 7.60000e+01
1.77505e+02 7.60000e+01
1.77695e+02 7.60000e+01
1.77887e+02 7.60000e+01
1.78077e+02 7.60000e+01
1.78269e+02 7.60000e+01
1.78462e+02 7.60000e+01
1.78654e+02 7.60000e+01
1.78844e+02 7.60000e+01
1.79035e+02 7.60000e+01
1.79226e+02 7.60000e+01
1.79421e+02 7.60000e+01
1.79611e+02 7.60000e+01
1.79801e+02 7.60000e+01
1.79994e+02 7.60000e+01
1.80185e+02 7.60000e+01
1.80377e+02 7.60000e+01
1.80572e+02 7.60000e+01
1.80763e+02 7.60000e+01
1.80954e+02 7.60000e+01
1.81147e+02 7.60000e+01
1.81338e+02 7.60000e+01
1.81531e+02 7.60000e+01
1.81723e+02 7.60000e+01
1.81914e+02 7.60000e+01
1.82105e+02 7.60000e+01
1.82297e+02 7.60000e+01
1.82490e+02 7.60000e+01
1.82682e+02 7.60000e+01
1.82873e+02 7.60000e+01
1.83066e+02 7.60000e+01
1.83256e+02 7.60000e+01
1.83450e+02 7.60000e+01
1.83640e+02 7.60000e+01
1.83832e+02 7.60000e+01
1.84024e+02 7.60000e+01
1.84215e+02 7.60000e+01
1.84406e+02 7.60000e+01
1.84600e+02 7.60000e+01
1.84793e+02 7.60000e+01
1.84985e+02 7.60000e+01
1.85201e+02 7.60000e+01
1.85408e+02 7.60000e+01
1.85602e+02 7.60000e+01
1.85795e+02 7.60000e+01
1.85987e+02 7.60000e+01
1.86178e+02 7.60000e+01
1.86370e+02 7.60000e+01
1.86567e+02 7.60000e+01
1.86761e+02 7.60000e+01
1.86953e+02 7.60000e+01
1.87145e+02 7.60000e+01
1.87336e+02 7.60000e+01
1.87531e+02 7.60000e+01
1.87723e+02 7.60000e+01
1.87914e+02 7.60000e+01
1.88106e+02 7.60000e+01
1.88298e+02 7.60000e+01
1.88492e+02 7.60000e+01
1.88685e+02 7.60000e+01
1.88876e+02 7.60000e+01
1.89067e+02 7.60000e+01
1.89258e+02 7.60000e+01
1.89453e+02 7.60000e+01
1.89646e+02 7.60000e+01
1.89838e+02 7.60000e+01
1.90028e+02 7.60000e+01
1.90220e+02 7.60000e+01
1.90412e+02 7.60000e+01
1.90607e+02 7.60000e+01
1.90800e+02 7.60000e+01
1.90992e+02 7.60000e+01
1.91182e+02 7.60000e+01
1.91372e+02 7.60000e+01
1.91566e+02 7.60000e+01
1.91757e+02 7.60000e+01
