1.99420e-02 6.66000e+02
2.15472e-01 4.87000e+02
4.11196e-01 4.38000e+02
6.04378e-01 4.25000e+02
7.98913e-01 4.04000e+02
9.90188e-01 3.69000e+02
1.18355e+00 3.09000e+02
1.37922e+00 2.92000e+02
1.57351e+00 2.83000e+02
1.76720e+00 3.29000e+02
1.96084e+00 3.10000e+02
2.15365e+00 3.50000e+02
2.34694e+00 2.95000e+02
2.54140e+00 1.98000e+02
2.73351e+00 1.42000e+02
2.92454e+00 1.31000e+02
3.11604e+00 1.14000e+02
3.30789e+00 1.36000e+02
3.50199e+00 1.26000e+02
3.69304e+00 1.32000e+02
3.88402e+00 1.23000e+02
4.07479e+00 1.10000e+02
4.26603e+00 1.14000e+02
4.45897e+00 1.20000e+02
4.65055e+00 1.04000e+02
4.84096e+00 9.60000e+01
5.03037e+00 9.50000e+01
5.22075e+00 8.00000e+01
5.41256e+00 7.80000e+01
5.60311e+00 7.80000e+01
5.79289e+00 7.80000e+01
5.98247e+00 7.80000e+01
6.17165e+00 7.80000e+01
6.37342e+00 7.80000e+01
6.58579e+00 7.80000e+01
6.78871e+00 7.80000e+01
6.97867e+00 7.80000e+01
7.16922e+00 7.80000e+01
7.35971e+00 7.80000e+01
7.55319e+00 7.80000e+01
7.74308e+00 7.80000e+01
7.93330e+00 7.80000e+01
8.12192e+00 7.80000e+01
8.31198e+00 7.80000e+01
8.50474e+00 7.80000e+01
8.69555e+00 7.80000e+01
8.88621e+00 7.80000e+01
9.07577e+00 7.80000e+01
9.26582e+00 7.80000e+01
9.45862e+00 7.80000e+01
9.64980e+00 7.80000e+01
9.84316e+00 7.80000e+01
1.00349e+01 7.80000e+01
1.02255e+01 7.80000e+01
1.04196e+01 7.80000e+01
1.06091e+01 7.80000e+01
1.07994e+01 7.80000e+01
1.09905e+01 7.80000e+01
1.11798e+01 7.80000e+01
1.13700e+01 7.80000e+01
1.15619e+01 7.80000e+01
1.17541e+01 7.80000e+01
1.19435e+01 7.80000e+01
1.21327e+01 7.80000e+01
1.23214e+01 7.80000e+01
1.25145e+01 7.80000e+01
1.27054e+01 7.80000e+01
1.28956e+01 7.80000e+01
1.30862e+01 7.80000e+01
1.32751e+01 7.80000e+01
1.34669e+01 7.80000e+01
1.36581e+01 7.80000e+01
1.38468e+01 7.80000e+01
1.40388e+01 7.80000e+01
1.42285e+01 7.80000e+01
1.44219e+01 7.80000e+01
1.46127e+01 7.80000e+01
1.48035e+01 7.80000e+01
1.49933e+01 7.80000e+01
1.51827e+01 7.80000e+01
1.53740e+01 7.80000e+01
1.55647e+01 7.80000e+01
1.57549e+01 7.80000e+01
1.59443e+01 7.80000e+01
1.61342e+01 7.80000e+01
1.63261e+01 7.80000e+01
1.65190e+01 7.80000e+01
1.67093e+01 7.80000e+01
1.68998e+01 7.80000e+01
1.70880e+01 7.80000e+01
1.72773e+01 7.80000e+01
1.74683e+01 7.80000e+01
1.76583e+01 7.80000e+01
1.78483e+01 7.80000e+01
1.80384e+01 7.80000e+01
1.82280e+01 7.80000e+01
1.84212e+01 7.80000e+01
1.86151e+01 7.80000e+01
1.88052e+01 7.80000e+01
1.89956e+01 7.80000e+01
1.91848e+01 7.80000e+01
1.93753e+01 7.80000e+01
1.95683e+01 7.80000e+01
1.97578e+01 7.80000e+01
1.99474e+01 7.80000e+01
2.01368e+01 7.80000e+01
2.03258e+01 7.80000e+01
2.05183e+01 7.80000e+01
2.07097e+01 7.80000e+01
2.09012e+01 7.80000e+01
2.10919e+01 7.80000e+01
2.12823e+01 7.80000e+01
2.14940e+01 7.80000e+01
2.16899e+01 7.80000e+01
2.18796e+01 7.80000e+01
2.20673e+01 7.80000e+01
2.22572e+01 7.80000e+01
2.24487e+01 7.80000e+01
2.26379e+01 7.80000e+01
2.28268e+01 7.80000e+01
2.30168e+01 7.80000e+01
2.32046e+01 7.80000e+01
2.33975e+01 7.80000e+01
2.35874e+01 7.80000e+01
2.37774e+01 7.80000e+01
2.39674e+01 7.80000e+01
2.41563e+01 7.80000e+01
2.43443e+01 7.80000e+01
2.45356e+01 7.80000e+01
2.47247e+01 7.80000e+01
2.49154e+01 7.80000e+01
2.51030e+01 7.80000e+01
2.52920e+01 7.80000e+01
2.54833e+01 7.80000e+01
2.56733e+01 7.80000e+01
2.58679e+01 7.80000e+01
2.60712e+01 7.80000e+01
2.62693e+01 7.80000e+01
2.64628e+01 7.80000e+01
2.66516e+01 7.80000e+01
2.68424e+01 7.80000e+01
2.70326e+01 7.80000e+01
2.72216e+01 7.80000e+01
2.74139e+01 7.80000e+01
2.76064e+01 7.80000e+01
2.77977e+01 7.80000e+01
2.79884e+01 7.80000e+01
2.81785e+01 7.80000e+01
2.83680e+01 7.80000e+01
2.85609e+01 7.80000e+01
2.87511e+01 7.80000e+01
2.89402e+01 7.80000e+01
2.91308e+01 7.80000e+01
2.93203e+01 7.80000e+01
2.95108e+01 7.80000e+01
2.97005e+01 7.80000e+01
2.98912e+01 7.80000e+01
3.00807e+01 7.80000e+01
3.02704e+01 7.80000e+01
3.04643e+01 7.80000e+01
3.06535e+01 7.80000e+01
3.08435e+01 7.80000e+01
3.10327e+01 7.80000e+01
3.12213e+01 7.80000e+01
3.14142e+01 7.80000e+01
3.16028e+01 7.80000e+01
3.17915e+01 7.80000e+01
3.19802e+01 7.80000e+01
3.21697e+01 7.80000e+01
3.23582e+01 7.80000e+01
3.25516e+01 7.80000e+01
3.27419e+01 7.80000e+01
3.29312e+01 7.80000e+01
3.31216e+01 7.80000e+01
3.33122e+01 7.80000e+01
3.35062e+01 7.80000e+01
3.36964e+01 7.80000e+01
3.38867e+01 7.80000e+01
3.40770e+01 7.80000e+01
3.42678e+01 7.80000e+01
3.44618e+01 7.80000e+01
3.46529e+01 7.80000e+01
3.48445e+01 7.80000e+01
3.50345e+01 7.80000e+01
3.52248e+01 7.80000e+01
3.54162e+01 7.80000e+01
3.56059e+01 7.80000e+01
3.57961e+01 7.80000e+01
3.59861e+01 7.80000e+01
3.61748e+01 7.80000e+01
3.63746e+01 7.80000e+01
3.65862e+01 7.80000e+01
3.67763e+01 7.80000e+01
3.69660e+01 7.80000e+01
3.71568e+01 7.80000e+01
3.73470e+01 7.80000e+01
3.75388e+01 7.80000e+01
3.77279e+01 7.80000e+01
3.79177e+01 7.80000e+01
3.81056e+01 7.80000e+01
3.82947e+01 7.80000e+01
3.84880e+01 7.80000e+01
3.86777e+01 7.80000e+01
3.88678e+01 7.80000e+01
3.90580e+01 7.80000e+01
3.92475e+01 7.80000e+01
3.94397e+01 7.80000e+01
3.96295e+01 7.80000e+01
3.98193e+01 7.80000e+01
4.00104e+01 7.80000e+01
4.01992e+01 7.80000e+01
4.03888e+01 7.80000e+01
4.05831e+01 7.80000e+01
4.07716e+01 7.80000e+01
4.09609e+01 7.80000e+01
4.11501e+01 7.80000e+01
4.13392e+01 7.80000e+01
4.15306e+01 7.80000e+01
4.17196e+01 7.80000e+01
4.19070e+01 7.80000e+01
4.20955e+01 7.80000e+01
4.22853e+01 7.80000e+01
4.24781e+01 7.80000e+01
4.26682e+01 7.80000e+01
4.28576e+01 7.80000e+01
4.30480e+01 7.80000e+01
4.32378e+01 7.80000e+01
4.34307e+01 7.80000e+01
4.36209e+01 7.80000e+01
4.38116e+01 7.80000e+01
4.40023e+01 7.80000e+01
4.41939e+01 7.80000e+01
4.43843e+01 7.80000e+01
4.45783e+01 7.80000e+01
4.47701e+01 7.80000e+01
4.49605e+01 7.80000e+01
4.51525e+01 7.80000e+01
4.53434e+01 7.80000e+01
4.55364e+01 7.80000e+01
4.57265e+01 7.80000e+01
4.59164e+01 7.80000e+01
4.61042e+01 7.80000e+01
4.62957e+01 7.80000e+01
4.64885e+01 7.80000e+01
4.66793e+01 7.80000e+01
4.68705e+01 7.80000e+01
4.70582e+01 7.80000e+01
4.72469e+01 7.80000e+01
4.74380e+01 7.80000e+01
4.76279e+01 7.80000e+01
4.78165e+01 7.80000e+01
4.80072e+01 7.80000e+01
4.81973e+01 7.80000e+01
4.83873e+01 7.80000e+01
4.85816e+01 7.80000e+01
4.87715e+01 7.80000e+01
4.89616e+01 7.80000e+01
4.91505e+01 7.80000e+01
4.93400e+01 7.80000e+01
4.95317e+01 7.80000e+01
4.97216e+01 7.80000e+01
4.99122e+01 7.80000e+01
5.01027e+01 7.80000e+01
5.02922e+01 7.80000e+01
5.04845e+01 7.80000e+01
5.06751e+01 7.80000e+01
5.08658e+01 7.80000e+01
5.10560e+01 7.80000e+01
5.12453e+01 7.80000e+01
5.14572e+01 7.80000e+01
5.16627e+01 7.80000e+01
5.18532e+01 7.80000e+01
5.20437e+01 7.80000e+01
5.22330e+01 7.80000e+01
5.24228e+01 7.80000e+01
5.26144e+01 7.80000e+01
5.28027e+01 7.80000e+01
5.29917e+01 7.80000e+01
5.31808e+01 7.80000e+01
5.33711e+01 7.80000e+01
5.35625e+01 7.80000e+01
5.37520e+01 7.80000e+01
5.39414e+01 7.80000e+01
5.41297e+01 7.80000e+01
5.43179e+01 7.80000e+01
5.45102e+01 7.80000e+01
5.46992e+01 7.80000e+01
5.48899e+01 7.80000e+01
5.50803e+01 7.80000e+01
5.52695e+01 7.80000e+01
5.54632e+01 7.80000e+01
5.56519e+01 7.80000e+01
5.58422e+01 7.80000e+01
5.60396e+01 7.80000e+01
5.62278e+01 7.80000e+01
5.64169e+01 7.80000e+01
5.66079e+01 7.80000e+01
5.67971e+01 7.80000e+01
5.69870e+01 7.80000e+01
5.71753e+01 7.80000e+01
5.73646e+01 7.80000e+01
5.75573e+01 7.80000e+01
5.77473e+01 7.80000e+01
5.79371e+01 7.80000e+01
5.81268e+01 7.80000e+01
5.83157e+01 7.80000e+01
5.85066e+01 7.80000e+01
5.86968e+01 7.80000e+01
5.88856e+01 7.80000e+01
5.90755e+01 7.80000e+01
5.92634e+01 7.80000e+01
5.94553e+01 7.80000e+01
5.96451e+01 7.80000e+01
5.98350e+01 7.80000e+01
6.00253e+01 7.80000e+01
6.02139e+01 7.80000e+01
6.04027e+01 7.80000e+01
6.05962e+01 7.80000e+01
6.07852e+01 7.80000e+01
6.09724e+01 7.80000e+01
6.11610e+01 7.80000e+01
6.13499e+01 7.80000e+01
6.15430e+01 7.80000e+01
6.17313e+01 7.80000e+01
6.19221e+01 7.80000e+01
6.21121e+01 7.80000e+01
6.23008e+01 7.80000e+01
6.24926e+01 7.80000e+01
6.26814e+01 7.80000e+01
6.28711e+01 7.80000e+01
6.30602e+01 7.80000e+01
6.32488e+01 7.80000e+01
6.34373e+01 7.80000e+01
6.36293e+01 7.80000e+01
6.38173e+01 7.80000e+01
6.40057e+01 7.80000e+01
6.41946e+01 7.80000e+01
6.43819e+01 7.80000e+01
6.45742e+01 7.80000e+01
6.47636e+01 7.80000e+01
6.49537e+01 7.80000e+01
6.51419e+01 7.80000e+01
6.53296e+01 7.80000e+01
6.55199e+01 7.80000e+01
6.57096e+01 7.80000e+01
6.58985e+01 7.80000e+01
6.60876e+01 7.80000e+01
6.62761e+01 7.80000e+01
6.64840e+01 7.80000e+01
6.66833e+01 7.80000e+01
6.68732e+01 7.80000e+01
6.70622e+01 7.80000e+01
6.72515e+01 7.80000e+01
6.74400e+01 7.80000e+01
6.76323e+01 7.80000e+01
6.78225e+01 7.80000e+01
6.80109e+01 7.80000e+01
6.81994e+01 7.80000e+01
6.83879e+01 7.80000e+01
6.85794e+01 7.80000e+01
6.87696e+01 7.80000e+01
6.89577e+01 7.80000e+01
6.91464e+01 7.80000e+01
6.93344e+01 7.80000e+01
6.95250e+01 7.80000e+01
6.97141e+01 7.80000e+01
6.99051e+01 7.80000e+01
7.00940e+01 7.80000e+01
7.02821e+01 7.80000e+01
7.04715e+01 7.80000e+01
7.06607e+01 7.80000e+01
7.08511e+01 7.80000e+01
7.10411e+01 7.80000e+01
7.12286e+01 7.80000e+01
7.14187e+01 7.80000e+01
7.16117e+01 7.80000e+01
7.18000e+01 7.80000e+01
7.19895e+01 7.80000e+01
7.21780e+01 7.80000e+01
7.23664e+01 7.80000e+01
7.25589e+01 7.80000e+01
7.27488e+01 7.80000e+01
7.29387e+01 7.80000e+01
7.31288e+01 7.80000e+01
7.33186e+01 7.80000e+01
7.35110e+01 7.80000e+01
7.37006e+01 7.80000e+01
7.38894e+01 7.80000e+01
7.40786e+01 7.80000e+01
7.42658e+01 7.80000e+01
7.44543e+01 7.80000e+01
7.46457e+01 7.80000e+01
7.48353e+01 7.80000e+01
7.50242e+01 7.80000e+01
7.52139e+01 7.80000e+01
7.54034e+01 7.80000e+01
7.55941e+01 7.80000e+01
7.57817e+01 7.80000e+01
7.59704e+01 7.80000e+01
7.61594e+01 7.80000e+01
7.63492e+01 7.80000e+01
7.65407e+01 7.80000e+01
7.67305e+01 7.80000e+01
7.69193e+01 7.80000e+01
7.71080e+01 7.80000e+01
7.72971e+01 7.80000e+01
7.74894e+01 7.80000e+01
7.76801e+01 7.80000e+01
7.78698e+01 7.80000e+01
7.80588e+01 7.80000e+01
7.82490e+01 7.80000e+01
7.84390e+01 7.80000e+01
7.86365e+01 7.80000e+01
7.88276e+01 7.80000e+01
7.90175e+01 7.80000e+01
7.92070e+01 7.80000e+01
7.93980e+01 7.80000e+01
7.95900e+01 7.80000e+01
7.97795e+01 7.80000e+01
7.99685e+01 7.80000e+01
8.01590e+01 7.80000e+01
8.03497e+01 7.80000e+01
8.05418e+01 7.80000e+01
8.07316e+01 7.80000e+01
8.09218e+01 7.80000e+01
8.11116e+01 7.80000e+01
8.13002e+01 7.80000e+01
8.15119e+01 7.80000e+01
8.17077e+01 7.80000e+01
8.18979e+01 7.80000e+01
8.20874e+01 7.80000e+01
8.22779e+01 7.80000e+01
8.24667e+01 7.80000e+01
8.26592e+01 7.80000e+01
8.28499e+01 7.80000e+01
8.30390e+01 7.80000e+01
8.32285e+01 7.80000e+01
8.34181e+01 7.80000e+01
8.36120e+01 7.80000e+01
8.37998e+01 7.80000e+01
8.39898e+01 7.80000e+01
8.41790e+01 7.80000e+01
8.43678e+01 7.80000e+01
8.45593e+01 7.80000e+01
8.47505e+01 7.80000e+01
8.49410e+01 7.80000e+01
8.51316e+01 7.80000e+01
8.53221e+01 7.80000e+01
8.55140e+01 7.80000e+01
8.57043e+01 7.80000e+01
8.58953e+01 7.80000e+01
8.60843e+01 7.80000e+01
8.62748e+01 7.80000e+01
8.64647e+01 7.80000e+01
8.66582e+01 7.80000e+01
8.68484e+01 7.80000e+01
8.70389e+01 7.80000e+01
8.72283e+01 7.80000e+01
8.74184e+01 7.80000e+01
8.76101e+01 7.80000e+01
8.78001e+01 7.80000e+01
8.79894e+01 7.80000e+01
8.81790e+01 7.80000e+01
8.83677e+01 7.80000e+01
8.85610e+01 7.80000e+01
8.87504e+01 7.80000e+01
8.89401e+01 7.80000e+01
8.91293e+01 7.80000e+01
8.93192e+01 7.80000e+01
8.95099e+01 7.80000e+01
8.97003e+01 7.80000e+01
8.98903e+01 7.80000e+01
9.00807e+01 7.80000e+01
9.02702e+01 7.80000e+01
9.04589e+01 7.80000e+01
9.06509e+01 7.80000e+01
9.08414e+01 7.80000e+01
9.10303e+01 7.80000e+01
9.12201e+01 7.80000e+01
9.14092e+01 7.80000e+01
9.16017e+01 7.80000e+01
9.17910e+01 7.80000e+01
9.19808e+01 7.80000e+01
9.21703e+01 7.80000e+01
9.23600e+01 7.80000e+01
9.25513e+01 7.80000e+01
9.27416e+01 7.80000e+01
9.29306e+01 7.80000e+01
9.31192e+01 7.80000e+01
9.33087e+01 7.80000e+01
9.35001e+01 7.80000e+01
9.36904e+01 7.80000e+01
9.38813e+01 7.80000e+01
9.40706e+01 7.80000e+01
9.42607e+01 7.80000e+01
9.44503e+01 7.80000e+01
9.46427e+01 7.80000e+01
9.48333e+01 7.80000e+01
9.50224e+01 7.80000e+01
9.52123e+01 7.80000e+01
9.54017e+01 7.80000e+01
9.55943e+01 7.80000e+01
9.57844e+01 7.80000e+01
9.59751e+01 7.80000e+01
9.61648e+01 7.80000e+01
9.63630e+01 7.80000e+01
9.65698e+01 7.80000e+01
9.67589e+01 7.80000e+01
9.69478e+01 7.80000e+01
9.71368e+01 7.80000e+01
9.73255e+01 7.80000e+01
9.75180e+01 7.80000e+01
9.77079e+01 7.80000e+01
9.78976e+01 7.80000e+01
9.80863e+01 7.80000e+01
9.82757e+01 7.80000e+01
9.84663e+01 7.80000e+01
9.86600e+01 7.80000e+01
9.88504e+01 7.80000e+01
9.90400e+01 7.80000e+01
9.92286e+01 7.80000e+01
9.94166e+01 7.80000e+01
9.96079e+01 7.80000e+01
9.97958e+01 7.80000e+01
9.99844e+01 7.80000e+01
1.00173e+02 7.80000e+01
1.00361e+02 7.80000e+01
1.00553e+02 7.80000e+01
1.00742e+02 7.80000e+01
1.00933e+02 7.80000e+01
1.01122e+02 7.80000e+01
1.01311e+02 7.80000e+01
1.01500e+02 7.80000e+01
1.01691e+02 7.80000e+01
1.01881e+02 7.80000e+01
1.02070e+02 7.80000e+01
1.02259e+02 7.80000e+01
1.02448e+02 7.80000e+01
1.02639e+02 7.80000e+01
1.02829e+02 7.80000e+01
1.03019e+02 7.80000e+01
1.03208e+02 7.80000e+01
1.03397e+02 7.80000e+01
1.03589e+02 7.80000e+01
1.03779e+02 7.80000e+01
1.03968e+02 7.80000e+01
1.04158e+02 7.80000e+01
1.04347e+02 7.80000e+01
1.04539e+02 7.80000e+01
1.04729e+02 7.80000e+01
1.04918e+02 7.80000e+01
1.05106e+02 7.80000e+01
1.05296e+02 7.80000e+01
1.05484e+02 7.80000e+01
1.05678e+02 7.80000e+01
1.05866e+02 7.80000e+01
1.06055e+02 7.80000e+01
1.06244e+02 7.80000e+01
1.06431e+02 7.80000e+01
1.06623e+02 7.80000e+01
1.06812e+02 7.80000e+01
1.07001e+02 7.80000e+01
1.07190e+02 7.80000e+01
1.07379e+02 7.80000e+01
1.07569e+02 7.80000e+01
1.07759e+02 7.80000e+01
1.07947e+02 7.80000e+01
1.08136e+02 7.80000e+01
1.08324e+02 7.80000e+01
1.08514e+02 7.80000e+01
1.08706e+02 7.80000e+01
1.08895e+02 7.80000e+01
1.09084e+02 7.80000e+01
1.09271e+02 7.80000e+01
1.09460e+02 7.80000e+01
1.09651e+02 7.80000e+01
1.09840e+02 7.80000e+01
1.10029e+02 7.80000e+01
1.10219e+02 7.80000e+01
1.10407e+02 7.80000e+01
1.10599e+02 7.80000e+01
1.10790e+02 7.80000e+01
1.10979e+02 7.80000e+01
1.11168e+02 7.80000e+01
1.11363e+02 7.80000e+01
1.11574e+02 7.80000e+01
1.11772e+02 7.80000e+01
1.11960e+02 7.80000e+01
1.12149e+02 7.80000e+01
1.12336e+02 7.80000e+01
1.12528e+02 7.80000e+01
1.12717e+02 7.80000e+01
1.12908e+02 7.80000e+01
1.13097e+02 7.80000e+01
1.13285e+02 7.80000e+01
1.13474e+02 7.80000e+01
1.13667e+02 7.80000e+01
1.13857e+02 7.80000e+01
1.14046e+02 7.80000e+01
1.14235e+02 7.80000e+01
1.14426e+02 7.80000e+01
1.14619e+02 7.80000e+01
1.14810e+02 7.80000e+01
1.15001e+02 7.80000e+01
1.15189e+02 7.80000e+01
1.15377e+02 7.80000e+01
1.15567e+02 7.80000e+01
1.15755e+02 7.80000e+01
1.15944e+02 7.80000e+01
1.16135e+02 7.80000e+01
1.16323e+02 7.80000e+01
1.16512e+02 7.80000e+01
1.16703e+02 7.80000e+01
1.16893e+02 7.80000e+01
1.17084e+02 7.80000e+01
1.17274e+02 7.80000e+01
1.17463e+02 7.80000e+01
1.17655e+02 7.80000e+01
1.17846e+02 7.80000e+01
1.18036e+02 7.80000e+01
1.18226e+02 7.80000e+01
1.18415e+02 7.80000e+01
1.18608e+02 7.80000e+01
1.18798e+02 7.80000e+01
1.18988e+02 7.80000e+01
1.19179e+02 7.80000e+01
1.19370e+02 7.80000e+01
1.19563e+02 7.80000e+01
1.19755e+02 7.80000e+01
1.19943e+02 7.80000e+01
1.20131e+02 7.80000e+01
1.20321e+02 7.80000e+01
1.20510e+02 7.80000e+01
1.20704e+02 7.80000e+01
1.20894e+02 7.80000e+01
1.21083e+02 7.80000e+01
1.21273e+02 7.80000e+01
1.21464e+02 7.80000e+01
1.21660e+02 7.80000e+01
1.21851e+02 7.80000e+01
1.22041e+02 7.80000e+01
1.22232e+02 7.80000e+01
1.22422e+02 7.80000e+01
1.22614e+02 7.80000e+01
1.22805e+02 7.80000e+01
1.22994e+02 7.80000e+01
1.23183e+02 7.80000e+01
1.23373e+02 7.80000e+01
1.23566e+02 7.80000e+01
1.23757e+02 7.80000e+01
1.23948e+02 7.80000e+01
1.24137e+02 7.80000e+01
1.24328e+02 7.80000e+01
1.24518e+02 7.80000e+01
1.24713e+02 7.80000e+01
1.24903e+02 7.80000e+01
1.25092e+02 7.80000e+01
1.25281e+02 7.80000e+01
1.25469e+02 7.80000e+01
1.25661e+02 7.80000e+01
1.25852e+02 7.80000e+01
1.26039e+02 7.80000e+01
1.26229e+02 7.80000e+01
1.26435e+02 7.80000e+01
1.26641e+02 7.80000e+01
1.26832e+02 7.80000e+01
1.27022e+02 7.80000e+01
1.27212e+02 7.80000e+01
1.27402e+02 7.80000e+01
1.27594e+02 7.80000e+01
1.27786e+02 7.80000e+01
1.27978e+02 7.80000e+01
1.28167e+02 7.80000e+01
1.28357e+02 7.80000e+01
1.28548e+02 7.80000e+01
1.28739e+02 7.80000e+01
1.28929e+02 7.80000e+01
1.29118e+02 7.80000e+01
1.29307e+02 7.80000e+01
1.29497e+02 7.80000e+01
1.29691e+02 7.80000e+01
1.29881e+02 7.80000e+01
1.30071e+02 7.80000e+01
1.30261e+02 7.80000e+01
1.30452e+02 7.80000e+01
1.30643e+02 7.80000e+01
1.30835e+02 7.80000e+01
1.31025e+02 7.80000e+01
1.31215e+02 7.80000e+01
1.31405e+02 7.80000e+01
1.31597e+02 7.80000e+01
1.31788e+02 7.80000e+01
1.31977e+02 7.80000e+01
1.32168e+02 7.80000e+01
1.32357e+02 7.80000e+01
1.32546e+02 7.80000e+01
1.32741e+02 7.80000e+01
1.32930e+02 7.80000e+01
1.33121e+02 7.80000e+01
1.33311e+02 7.80000e+01
1.33500e+02 7.80000e+01
1.33691e+02 7.80000e+01
1.33879e+02 7.80000e+01
1.34067e+02 7.80000e+01
1.34256e+02 7.80000e+01
1.34445e+02 7.80000e+01
1.34636e+02 7.80000e+01
1.34826e+02 7.80000e+01
1.35015e+02 7.80000e+01
1.35205e+02 7.80000e+01
1.35394e+02 7.80000e+01
1.35586e+02 7.80000e+01
1.35774e+02 7.80000e+01
1.35963e+02 7.80000e+01
1.36152e+02 7.80000e+01
1.36341e+02 7.80000e+01
1.36531e+02 7.80000e+01
1.36722e+02 7.80000e+01
1.36912e+02 7.80000e+01
1.37101e+02 7.80000e+01
1.37291e+02 7.80000e+01
1.37480e+02 7.80000e+01
1.37676e+02 7.80000e+01
1.37867e+02 7.80000e+01
1.38056e+02 7.80000e+01
1.38245e+02 7.80000e+01
1.38434e+02 7.80000e+01
1.38627e+02 7.80000e+01
1.38817e+02 7.80000e+01
1.39006e+02 7.80000e+01
1.39195e+02 7.80000e+01
1.39385e+02 7.80000e+01
1.39576e+02 7.80000e+01
1.39768e+02 7.80000e+01
1.39959e+02 7.80000e+01
1.40148e+02 7.80000e+01
1.40339e+02 7.80000e+01
1.40529e+02 7.80000e+01
1.40722e+02 7.80000e+01
1.40913e+02 7.80000e+01
1.41103e+02 7.80000e+01
1.41293e+02 7.80000e+01
1.41509e+02 7.80000e+01
1.41708e+02 7.80000e+01
1.41899e+02 7.80000e+01
1.42088e+02 7.80000e+01
1.42278e+02 7.80000e+01
1.42468e+02 7.80000e+01
1.42659e+02 7.80000e+01
1.42850e+02 7.80000e+01
1.43040e+02 7.80000e+01
1.43230e+02 7.80000e+01
1.43419e+02 7.80000e+01
1.43611e+02 7.80000e+01
1.43801e+02 7.80000e+01
1.43991e+02 7.80000e+01
1.44180e+02 7.80000e+01
1.44369e+02 7.80000e+01
1.44560e+02 7.80000e+01
1.44751e+02 7.80000e+01
1.44942e+02 7.80000e+01
1.45133e+02 7.80000e+01
1.45323e+02 7.80000e+01
1.45512e+02 7.80000e+01
1.45704e+02 7.80000e+01
1.45900e+02 7.80000e+01
1.46094e+02 7.80000e+01
1.46283e+02 7.80000e+01
1.46473e+02 7.80000e+01
1.46666e+02 7.80000e+01
1.46857e+02 7.80000e+01
1.47046e+02 7.80000e+01
1.47234e+02 7.80000e+01
1.47424e+02 7.80000e+01
1.47616e+02 7.80000e+01
1.47807e+02 7.80000e+01
1.47996e+02 7.80000e+01
1.48185e+02 7.80000e+01
1.48375e+02 7.80000e+01
1.48565e+02 7.80000e+01
1.48756e+02 7.80000e+01
1.48945e+02 7.80000e+01
1.49134e+02 7.80000e+01
1.49324e+02 7.80000e+01
1.49513e+02 7.80000e+01
1.49705e+02 7.80000e+01
1.49893e+02 7.80000e+01
1.50081e+02 7.80000e+01
1.50270e+02 7.80000e+01
1.50458e+02 7.80000e+01
1.50649e+02 7.80000e+01
1.50840e+02 7.80000e+01
1.51030e+02 7.80000e+01
1.51220e+02 7.80000e+01
1.51410e+02 7.80000e+01
1.51602e+02 7.80000e+01
1.51791e+02 7.80000e+01
1.51980e+02 7.80000e+01
1.52169e+02 7.80000e+01
1.52358e+02 7.80000e+01
1.52548e+02 7.80000e+01
1.52742e+02 7.80000e+01
1.52932e+02 7.80000e+01
1.53121e+02 7.80000e+01
1.53312e+02 7.80000e+01
1.53502e+02 7.80000e+01
1.53695e+02 7.80000e+01
1.53885e+02 7.80000e+01
1.54075e+02 7.80000e+01
1.54264e+02 7.80000e+01
1.54453e+02 7.80000e+01
1.54644e+02 7.80000e+01
1.54835e+02 7.80000e+01
1.55023e+02 7.80000e+01
1.55211e+02 7.80000e+01
1.55401e+02 7.80000e+01
1.55594e+02 7.80000e+01
1.55784e+02 7.80000e+01
1.55974e+02 7.80000e+01
1.56162e+02 7.80000e+01
1.56360e+02 7.80000e+01
1.56564e+02 7.80000e+01
1.56758e+02 7.80000e+01
1.56948e+02 7.80000e+01
1.57138e+02 7.80000e+01
1.57326e+02 7.80000e+01
1.57515e+02 7.80000e+01
1.57707e+02 7.80000e+01
1.57898e+02 7.80000e+01
1.58088e+02 7.80000e+01
1.58278e+02 7.80000e+01
1.58468e+02 7.80000e+01
1.58660e+02 7.80000e+01
1.58852e+02 7.80000e+01
1.59043e+02 7.80000e+01
1.59231e+02 7.80000e+01
1.59422e+02 7.80000e+01
1.59614e+02 7.80000e+01
1.59804e+02 7.80000e+01
1.59994e+02 7.80000e+01
1.60183e+02 7.80000e+01
1.60372e+02 7.80000e+01
1.60561e+02 7.80000e+01
1.60755e+02 7.80000e+01
1.60947e+02 7.80000e+01
1.61138e+02 7.80000e+01
1.61326e+02 7.80000e+01
1.61516e+02 7.80000e+01
1.61710e+02 7.80000e+01
1.61900e+02 7.80000e+01
1.62089e+02 7.80000e+01
1.62280e+02 7.80000e+01
1.62470e+02 7.80000e+01
1.62662e+02 7.80000e+01
1.62854e+02 7.80000e+01
1.63044e+02 7.80000e+01
1.63233e+02 7.80000e+01
1.63424e+02 7.80000e+01
1.63617e+02 7.80000e+01
1.63806e+02 7.80000e+01
1.63995e+02 7.80000e+01
1.64184e+02 7.80000e+01
1.64373e+02 7.80000e+01
1.64562e+02 7.80000e+01
1.64755e+02 7.80000e+01
1.64944e+02 7.80000e+01
1.65131e+02 7.80000e+01
1.65321e+02 7.80000e+01
1.65511e+02 7.80000e+01
1.65702e+02 7.80000e+01
1.65891e+02 7.80000e+01
1.66082e+02 7.80000e+01
1.66272e+02 7.80000e+01
1.66461e+02 7.80000e+01
1.66653e+02 7.80000e+01
1.66843e+02 7.80000e+01
1.67031e+02 7.80000e+01
1.67219e+02 7.80000e+01
1.67410e+02 7.80000e+01
1.67600e+02 7.80000e+01
1.67791e+02 7.80000e+01
1.67979e+02 7.80000e+01
1.68167e+02 7.80000e+01
1.68357e+02 7.80000e+01
1.68547e+02 7.80000e+01
1.68738e+02 7.80000e+01
1.68928e+02 7.80000e+01
1.69116e+02 7.80000e+01
1.69307e+02 7.80000e+01
1.69496e+02 7.80000e+01
1.69690e+02 7.80000e+01
1.69880e+02 7.80000e+01
1.70069e+02 7.80000e+01
1.70260e+02 7.80000e+01
1.70451e+02 7.80000e+01
1.70645e+02 7.80000e+01
1.70837e+02 7.80000e+01
1.71027e+02 7.80000e+01
1.71216e+02 7.80000e+01
1.71422e+02 7.80000e+01
1.71632e+02 7.80000e+01
1.71825e+02 7.80000e+01
1.72015e+02 7.80000e+01
1.72205e+02 7.80000e+01
1.72396e+02 7.80000e+01
1.72585e+02 7.80000e+01
1.72777e+02 7.80000e+01
1.72968e+02 7.80000e+01
1.73157e+02 7.80000e+01
1.73345e+02 7.80000e+01
1.73536e+02 7.80000e+01
1.73729e+02 7.80000e+01
1.73919e+02 7.80000e+01
1.74107e+02 7.80000e+01
1.74295e+02 7.80000e+01
1.74485e+02 7.80000e+01
1.74676e+02 7.80000e+01
1.74865e+02 7.80000e+01
1.75055e+02 7.80000e+01
1.75244e+02 7.80000e+01
1.75435e+02 7.80000e+01
1.75627e+02 7.80000e+01
1.75817e+02 7.80000e+01
1.76009e+02 7.80000e+01
1.76198e+02 7.80000e+01
1.76388e+02 7.80000e+01
1.76578e+02 7.80000e+01
1.76769e+02 7.80000e+01
1.76959e+02 7.80000e+01
1.77147e+02 7.80000e+01
1.77336e+02 7.80000e+01
1.77525e+02 7.80000e+01
1.77716e+02 7.80000e+01
1.77907e+02 7.80000e+01
1.78097e+02 7.80000e+01
1.78287e+02 7.80000e+01
1.78477e+02 7.80000e+01
1.78671e+02 7.80000e+01
1.78860e+02 7.80000e+01
1.79050e+02 7.80000e+01
1.79240e+02 7.80000e+01
1.79430e+02 7.80000e+01
1.79620e+02 7.80000e+01
1.79812e+02 7.80000e+01
1.80004e+02 7.80000e+01
1.80193e+02 7.80000e+01
1.80383e+02 7.80000e+01
1.80572e+02 7.80000e+01
1.80765e+02 7.80000e+01
1.80955e+02 7.80000e+01
1.81144e+02 7.80000e+01
1.81335e+02 7.80000e+01
1.81524e+02 7.80000e+01
1.81717e+02 7.80000e+01
1.81905e+02 7.80000e+01
1.82094e+02 7.80000e+01
1.82284e+02 7.80000e+01
1.82472e+02 7.80000e+01
1.82664e+02 7.80000e+01
1.82853e+02 7.80000e+01
1.83043e+02 7.80000e+01
1.83232e+02 7.80000e+01
1.83422e+02 7.80000e+01
1.83611e+02 7.80000e+01
1.83802e+02 7.80000e+01
1.83992e+02 7.80000e+01
1.84181e+02 7.80000e+01
1.84370e+02 7.80000e+01
1.84558e+02 7.80000e+01
1.84751e+02 7.80000e+01
1.84940e+02 7.80000e+01
1.85128e+02 7.80000e+01
1.85317e+02 7.80000e+01
1.85506e+02 7.80000e+01
1.85699e+02 7.80000e+01
1.85888e+02 7.80000e+01
1.86076e+02 7.80000e+01
1.86264e+02 7.80000e+01
1.86471e+02 7.80000e+01
1.86672e+02 7.80000e+01
1.86862e+02 7.80000e+01
1.87051e+02 7.80000e+01
1.87239e+02 7.80000e+01
1.87426e+02 7.80000e+01
1.87617e+02 7.80000e+01
1.87812e+02 7.80000e+01
1.88002e+02 7.80000e+01
1.88192e+02 7.80000e+01
1.88382e+02 7.80000e+01
1.88572e+02 7.80000e+01
1.88765e+02 7.80000e+01
1.88954e+02 7.80000e+01
1.89144e+02 7.80000e+01
1.89333e+02 7.80000e+01
1.89522e+02 7.80000e+01
1.89714e+02 7.80000e+01
1.89903e+02 7.80000e+01
1.90092e+02 7.80000e+01
1.90281e+02 7.80000e+01
1.90469e+02 7.80000e+01
