1.98660e-02 6.32000e+02
2.14038e-01 4.72000e+02
4.07973e-01 4.37000e+02
6.01961e-01 3.49000e+02
7.95112e-01 3.34000e+02
9.86627e-01 2.80000e+02
1.17823e+00 2.20000e+02
1.36844e+00 2.38000e+02
1.56241e+00 1.84000e+02
1.75226e+00 1.60000e+02
1.94395e+00 1.66000e+02
2.13555e+00 1.58000e+02
2.32855e+00 1.65000e+02
2.52126e+00 1.62000e+02
2.71152e+00 9.90000e+01
2.90134e+00 1.14000e+02
3.09115e+00 9.60000e+01
3.28123e+00 7.60000e+01
3.47490e+00 7.10000e+01
3.66350e+00 7.50000e+01
3.85379e+00 7.40000e+01
4.04275e+00 1.02000e+02
4.23184e+00 7.90000e+01
4.42350e+00 8.40000e+01
4.61542e+00 7.00000e+01
4.80530e+00 6.40000e+01
4.99508e+00 4.90000e+01
5.18330e+00 4.90000e+01
5.37369e+00 4.90000e+01
5.56700e+00 4.90000e+01
5.75487e+00 4.90000e+01
5.94489e+00 4.90000e+01
6.13385e+00 4.90000e+01
6.32402e+00 4.90000e+01
6.51507e+00 4.90000e+01
6.70459e+00 4.90000e+01
6.89420e+00 4.90000e+01
7.10180e+00 4.90000e+01
7.30792e+00 4.90000e+01
7.50056e+00 4.90000e+01
7.69059e+00 4.90000e+01
7.88115e+00 4.90000e+01
8.06864e+00 4.90000e+01
8.25773e+00 4.90000e+01
8.44950e+00 4.90000e+01
8.63884e+00 4.90000e+01
8.82679e+00 4.90000e+01
9.01714e+00 4.90000e+01
9.20571e+00 4.90000e+01
9.39451e+00 4.90000e+01
9.58856e+00 4.90000e+01
9.77818e+00 4.90000e+01
9.96602e+00 4.90000e+01
1.01557e+01 4.90000e+01
1.03455e+01 4.90000e+01
1.05372e+01 4.90000e+01
1.07270e+01 4.90000e+01
1.09160e+01 4.90000e+01
1.11035e+01 4.90000e+01
1.12939e+01 4.90000e+01
1.14871e+01 4.90000e+01
1.16786e+01 4.90000e+01
1.18696e+01 4.90000e+01
1.20583e+01 4.90000e+01
1.22467e+01 4.90000e+01
1.24388e+01 4.90000e+01
1.26301e+01 4.90000e+01
1.28197e+01 4.90000e+01
1.30089e+01 4.90000e+01
1.31979e+01 4.90000e+01
1.33889e+01 4.90000e+01
1.35808e+01 4.90000e+01
1.37687e+01 4.90000e+01
1.39560e+01 4.90000e+01
1.41454e+01 4.90000e+01
1.43354e+01 4.90000e+01
1.45285e+01 4.90000e+01
1.47182e+01 4.90000e+01
1.49063e+01 4.90000e+01
1.50962e+01 4.90000e+01
1.52854e+01 4.90000e+01
1.54782e+01 4.90000e+01
1.56668e+01 4.90000e+01
1.58561e+01 4.90000e+01
1.60462e+01 4.90000e+01
1.62357e+01 4.90000e+01
1.64256e+01 4.90000e+01
1.66180e+01 4.90000e+01
1.68058e+01 4.90000e+01
1.69952e+01 4.90000e+01
1.71846e+01 4.90000e+01
1.73731e+01 4.90000e+01
1.75664e+01 4.90000e+01
1.77546e+01 4.90000e+01
1.79450e+01 4.90000e+01
1.81343e+01 4.90000e+01
1.83229e+01 4.90000e+01
1.85142e+01 4.90000e+01
1.87016e+01 4.90000e+01
1.88903e+01 4.90000e+01
1.90794e+01 4.90000e+01
1.92753e+01 4.90000e+01
1.94700e+01 4.90000e+01
1.96625e+01 4.90000e+01
1.98541e+01 4.90000e+01
2.00446e+01 4.90000e+01
2.02347e+01 4.90000e+01
2.04249e+01 4.90000e+01
2.06173e+01 4.90000e+01
2.08069e+01 4.90000e+01
2.09978e+01 4.90000e+01
2.11877e+01 4.90000e+01
2.13768e+01 4.90000e+01
2.15702e+01 4.90000e+01
2.17588e+01 4.90000e+01
2.19482e+01 4.90000e+01
2.21609e+01 4.90000e+01
2.23554e+01 4.90000e+01
2.25476e+01 4.90000e+01
2.27379e+01 4.90000e+01
2.29278e+01 4.90000e+01
2.31179e+01 4.90000e+01
2.33072e+01 4.90000e+01
2.35009e+01 4.90000e+01
2.36913e+01 4.90000e+01
2.38826e+01 4.90000e+01
2.40728e+01 4.90000e+01
2.42617e+01 4.90000e+01
2.44540e+01 4.90000e+01
2.46444e+01 4.90000e+01
2.48331e+01 4.90000e+01
2.50242e+01 4.90000e+01
2.52137e+01 4.90000e+01
2.54044e+01 4.90000e+01
2.55975e+01 4.90000e+01
2.57867e+01 4.90000e+01
2.59771e+01 4.90000e+01
2.61676e+01 4.90000e+01
2.63566e+01 4.90000e+01
2.65543e+01 4.90000e+01
2.67496e+01 4.90000e+01
2.69393e+01 4.90000e+01
2.71283e+01 4.90000e+01
2.73170e+01 4.90000e+01
2.75085e+01 4.90000e+01
2.76985e+01 4.90000e+01
2.78901e+01 4.90000e+01
2.80793e+01 4.90000e+01
2.82681e+01 4.90000e+01
2.84592e+01 4.90000e+01
2.86487e+01 4.90000e+01
2.88384e+01 4.90000e+01
2.90280e+01 4.90000e+01
2.92174e+01 4.90000e+01
2.94060e+01 4.90000e+01
2.95987e+01 4.90000e+01
2.97882e+01 4.90000e+01
2.99781e+01 4.90000e+01
3.01682e+01 4.90000e+01
3.03572e+01 4.90000e+01
3.05488e+01 4.90000e+01
3.07397e+01 4.90000e+01
3.09299e+01 4.90000e+01
3.11182e+01 4.90000e+01
3.13081e+01 4.90000e+01
3.15008e+01 4.90000e+01
3.16891e+01 4.90000e+01
3.18791e+01 4.90000e+01
3.20683e+01 4.90000e+01
3.22584e+01 4.90000e+01
3.24484e+01 4.90000e+01
3.26396e+01 4.90000e+01
3.28284e+01 4.90000e+01
3.30170e+01 4.90000e+01
3.32048e+01 4.90000e+01
3.33956e+01 4.90000e+01
3.35886e+01 4.90000e+01
3.37776e+01 4.90000e+01
3.39664e+01 4.90000e+01
3.41573e+01 4.90000e+01
3.43481e+01 4.90000e+01
3.45411e+01 4.90000e+01
3.47311e+01 4.90000e+01
3.49210e+01 4.90000e+01
3.51110e+01 4.90000e+01
3.53020e+01 4.90000e+01
3.54953e+01 4.90000e+01
3.56851e+01 4.90000e+01
3.58751e+01 4.90000e+01
3.60647e+01 4.90000e+01
3.62534e+01 4.90000e+01
3.64433e+01 4.90000e+01
3.66355e+01 4.90000e+01
3.68242e+01 4.90000e+01
3.70218e+01 4.90000e+01
3.72235e+01 4.90000e+01
3.74131e+01 4.90000e+01
3.76063e+01 4.90000e+01
3.77949e+01 4.90000e+01
3.79854e+01 4.90000e+01
3.81743e+01 4.90000e+01
3.83630e+01 4.90000e+01
3.85549e+01 4.90000e+01
3.87430e+01 4.90000e+01
3.89315e+01 4.90000e+01
3.91209e+01 4.90000e+01
3.93100e+01 4.90000e+01
3.95014e+01 4.90000e+01
3.96904e+01 4.90000e+01
3.98806e+01 4.90000e+01
4.00708e+01 4.90000e+01
4.02624e+01 4.90000e+01
4.04544e+01 4.90000e+01
4.06485e+01 4.90000e+01
4.08384e+01 4.90000e+01
4.10282e+01 4.90000e+01
4.12159e+01 4.90000e+01
4.14048e+01 4.90000e+01
4.16066e+01 4.90000e+01
4.17963e+01 4.90000e+01
4.19860e+01 4.90000e+01
4.21759e+01 4.90000e+01
4.23638e+01 4.90000e+01
4.25557e+01 4.90000e+01
4.27441e+01 4.90000e+01
4.29328e+01 4.90000e+01
4.31228e+01 4.90000e+01
4.33128e+01 4.90000e+01
4.35042e+01 4.90000e+01
4.36940e+01 4.90000e+01
4.38822e+01 4.90000e+01
4.40701e+01 4.90000e+01
4.42592e+01 4.90000e+01
4.44493e+01 4.90000e+01
4.46397e+01 4.90000e+01
4.48282e+01 4.90000e+01
4.50174e+01 4.90000e+01
4.52065e+01 4.90000e+01
4.53952e+01 4.90000e+01
4.55882e+01 4.90000e+01
4.57781e+01 4.90000e+01
4.59680e+01 4.90000e+01
4.61558e+01 4.90000e+01
4.63441e+01 4.90000e+01
4.65340e+01 4.90000e+01
4.67214e+01 4.90000e+01
4.69107e+01 4.90000e+01
4.71006e+01 4.90000e+01
4.72906e+01 4.90000e+01
4.74811e+01 4.90000e+01
4.76719e+01 4.90000e+01
4.78614e+01 4.90000e+01
4.80514e+01 4.90000e+01
4.82398e+01 4.90000e+01
4.84290e+01 4.90000e+01
4.86205e+01 4.90000e+01
4.88094e+01 4.90000e+01
4.89998e+01 4.90000e+01
4.91895e+01 4.90000e+01
4.93794e+01 4.90000e+01
4.95725e+01 4.90000e+01
4.97626e+01 4.90000e+01
4.99525e+01 4.90000e+01
5.01410e+01 4.90000e+01
5.03305e+01 4.90000e+01
5.05237e+01 4.90000e+01
5.07135e+01 4.90000e+01
5.09034e+01 4.90000e+01
5.10911e+01 4.90000e+01
5.12787e+01 4.90000e+01
5.14684e+01 4.90000e+01
5.16602e+01 4.90000e+01
5.18508e+01 4.90000e+01
5.20524e+01 4.90000e+01
5.22533e+01 4.90000e+01
5.24431e+01 4.90000e+01
5.26354e+01 4.90000e+01
5.28251e+01 4.90000e+01
5.30139e+01 4.90000e+01
5.32012e+01 4.90000e+01
5.33888e+01 4.90000e+01
5.35826e+01 4.90000e+01
5.37718e+01 4.90000e+01
5.39625e+01 4.90000e+01
5.41514e+01 4.90000e+01
5.43399e+01 4.90000e+01
5.45319e+01 4.90000e+01
5.47198e+01 4.90000e+01
5.49058e+01 4.90000e+01
5.50941e+01 4.90000e+01
5.52831e+01 4.90000e+01
5.54731e+01 4.90000e+01
5.56629e+01 4.90000e+01
5.58532e+01 4.90000e+01
5.60413e+01 4.90000e+01
5.62292e+01 4.90000e+01
5.64167e+01 4.90000e+01
5.66144e+01 4.90000e+01
5.68031e+01 4.90000e+01
5.69908e+01 4.90000e+01
5.71795e+01 4.90000e+01
5.73692e+01 4.90000e+01
5.75628e+01 4.90000e+01
5.77529e+01 4.90000e+01
5.79421e+01 4.90000e+01
5.81321e+01 4.90000e+01
5.83230e+01 4.90000e+01
5.85156e+01 4.90000e+01
5.87057e+01 4.90000e+01
5.88953e+01 4.90000e+01
5.90843e+01 4.90000e+01
5.92742e+01 4.90000e+01
5.94651e+01 4.90000e+01
5.96583e+01 4.90000e+01
5.98472e+01 4.90000e+01
6.00362e+01 4.90000e+01
6.02250e+01 4.90000e+01
6.04140e+01 4.90000e+01
6.06070e+01 4.90000e+01
6.07976e+01 4.90000e+01
6.09888e+01 4.90000e+01
6.11791e+01 4.90000e+01
6.13686e+01 4.90000e+01
6.15636e+01 4.90000e+01
6.17532e+01 4.90000e+01
6.19421e+01 4.90000e+01
6.21315e+01 4.90000e+01
6.23222e+01 4.90000e+01
6.25137e+01 4.90000e+01
6.27050e+01 4.90000e+01
6.28937e+01 4.90000e+01
6.30842e+01 4.90000e+01
6.32734e+01 4.90000e+01
6.34633e+01 4.90000e+01
6.36545e+01 4.90000e+01
6.38450e+01 4.90000e+01
6.40351e+01 4.90000e+01
6.42242e+01 4.90000e+01
6.44127e+01 4.90000e+01
6.46061e+01 4.90000e+01
6.47948e+01 4.90000e+01
6.49841e+01 4.90000e+01
6.51745e+01 4.90000e+01
6.53640e+01 4.90000e+01
6.55574e+01 4.90000e+01
6.57475e+01 4.90000e+01
6.59359e+01 4.90000e+01
6.61249e+01 4.90000e+01
6.63130e+01 4.90000e+01
6.65018e+01 4.90000e+01
6.66961e+01 4.90000e+01
6.68838e+01 4.90000e+01
6.70913e+01 4.90000e+01
6.73004e+01 4.90000e+01
6.74913e+01 4.90000e+01
6.76847e+01 4.90000e+01
6.78741e+01 4.90000e+01
6.80636e+01 4.90000e+01
6.82529e+01 4.90000e+01
6.84432e+01 4.90000e+01
6.86359e+01 4.90000e+01
6.88252e+01 4.90000e+01
6.90144e+01 4.90000e+01
6.92039e+01 4.90000e+01
6.93922e+01 4.90000e+01
6.95872e+01 4.90000e+01
6.97770e+01 4.90000e+01
6.99670e+01 4.90000e+01
7.01577e+01 4.90000e+01
7.03481e+01 4.90000e+01
7.05373e+01 4.90000e+01
7.07276e+01 4.90000e+01
7.09157e+01 4.90000e+01
7.11049e+01 4.90000e+01
7.12944e+01 4.90000e+01
7.14841e+01 4.90000e+01
7.16762e+01 4.90000e+01
7.18656e+01 4.90000e+01
7.20551e+01 4.90000e+01
7.22440e+01 4.90000e+01
7.24331e+01 4.90000e+01
7.26252e+01 4.90000e+01
7.28147e+01 4.90000e+01
7.30056e+01 4.90000e+01
7.31947e+01 4.90000e+01
7.33859e+01 4.90000e+01
7.35787e+01 4.90000e+01
7.37680e+01 4.90000e+01
7.39569e+01 4.90000e+01
7.41459e+01 4.90000e+01
7.43350e+01 4.90000e+01
7.45253e+01 4.90000e+01
7.47178e+01 4.90000e+01
7.49066e+01 4.90000e+01
7.50958e+01 4.90000e+01
7.52847e+01 4.90000e+01
7.54737e+01 4.90000e+01
7.56663e+01 4.90000e+01
7.58555e+01 4.90000e+01
7.60451e+01 4.90000e+01
7.62344e+01 4.90000e+01
7.64233e+01 4.90000e+01
7.66152e+01 4.90000e+01
7.68051e+01 4.90000e+01
7.69942e+01 4.90000e+01
7.71841e+01 4.90000e+01
7.73735e+01 4.90000e+01
7.75659e+01 4.90000e+01
7.77547e+01 4.90000e+01
7.79451e+01 4.90000e+01
7.81357e+01 4.90000e+01
7.83314e+01 4.90000e+01
7.85231e+01 4.90000e+01
7.87155e+01 4.90000e+01
7.89055e+01 4.90000e+01
7.90957e+01 4.90000e+01
7.92867e+01 4.90000e+01
7.94783e+01 4.90000e+01
7.96705e+01 4.90000e+01
7.98618e+01 4.90000e+01
8.00528e+01 4.90000e+01
8.02446e+01 4.90000e+01
8.04359e+01 4.90000e+01
8.06301e+01 4.90000e+01
8.08196e+01 4.90000e+01
8.10086e+01 4.90000e+01
8.11981e+01 4.90000e+01
8.13892e+01 4.90000e+01
8.15844e+01 4.90000e+01
8.17744e+01 4.90000e+01
8.19645e+01 4.90000e+01
8.21808e+01 4.90000e+01
8.23753e+01 4.90000e+01
8.25692e+01 4.90000e+01
8.27607e+01 4.90000e+01
8.29486e+01 4.90000e+01
8.31367e+01 4.90000e+01
8.33257e+01 4.90000e+01
8.35151e+01 4.90000e+01
8.37079e+01 4.90000e+01
8.38953e+01 4.90000e+01
8.40837e+01 4.90000e+01
8.42723e+01 4.90000e+01
8.44621e+01 4.90000e+01
8.46537e+01 4.90000e+01
8.48426e+01 4.90000e+01
8.50319e+01 4.90000e+01
8.52223e+01 4.90000e+01
8.54115e+01 4.90000e+01
8.56048e+01 4.90000e+01
8.57939e+01 4.90000e+01
8.59835e+01 4.90000e+01
8.61730e+01 4.90000e+01
8.63633e+01 4.90000e+01
8.65570e+01 4.90000e+01
8.67461e+01 4.90000e+01
8.69332e+01 4.90000e+01
8.71222e+01 4.90000e+01
8.73112e+01 4.90000e+01
8.75003e+01 4.90000e+01
8.76933e+01 4.90000e+01
8.78828e+01 4.90000e+01
8.80746e+01 4.90000e+01
8.82652e+01 4.90000e+01
8.84550e+01 4.90000e+01
8.86479e+01 4.90000e+01
8.88362e+01 4.90000e+01
8.90257e+01 4.90000e+01
8.92147e+01 4.90000e+01
8.94041e+01 4.90000e+01
8.95957e+01 4.90000e+01
8.97849e+01 4.90000e+01
8.99726e+01 4.90000e+01
9.01626e+01 4.90000e+01
9.03515e+01 4.90000e+01
9.05406e+01 4.90000e+01
9.07336e+01 4.90000e+01
9.09226e+01 4.90000e+01
9.11123e+01 4.90000e+01
9.13034e+01 4.90000e+01
9.14924e+01 4.90000e+01
9.16853e+01 4.90000e+01
9.18751e+01 4.90000e+01
9.20650e+01 4.90000e+01
9.22552e+01 4.90000e+01
9.24448e+01 4.90000e+01
9.26360e+01 4.90000e+01
9.28246e+01 4.90000e+01
9.30141e+01 4.90000e+01
9.32030e+01 4.90000e+01
9.33920e+01 4.90000e+01
9.35859e+01 4.90000e+01
9.37755e+01 4.90000e+01
9.39657e+01 4.90000e+01
9.41544e+01 4.90000e+01
9.43438e+01 4.90000e+01
9.45314e+01 4.90000e+01
9.47230e+01 4.90000e+01
9.49123e+01 4.90000e+01
9.51012e+01 4.90000e+01
9.52907e+01 4.90000e+01
9.54800e+01 4.90000e+01
9.56715e+01 4.90000e+01
9.58609e+01 4.90000e+01
9.60477e+01 4.90000e+01
9.62356e+01 4.90000e+01
9.64229e+01 4.90000e+01
9.66142e+01 4.90000e+01
9.68013e+01 4.90000e+01
9.69932e+01 4.90000e+01
9.71968e+01 4.90000e+01
9.73861e+01 4.90000e+01
9.75779e+01 4.90000e+01
9.77664e+01 4.90000e+01
9.79545e+01 4.90000e+01
9.81430e+01 4.90000e+01
9.83314e+01 4.90000e+01
9.85210e+01 4.90000e+01
9.87122e+01 4.90000e+01
9.89019e+01 4.90000e+01
9.90905e+01 4.90000e+01
9.92804e+01 4.90000e+01
9.94695e+01 4.90000e+01
9.96630e+01 4.90000e+01
9.98533e+01 4.90000e+01
1.00043e+02 4.90000e+01
1.00233e+02 4.90000e+01
1.00424e+02 4.90000e+01
1.00616e+02 4.90000e+01
1.00805e+02 4.90000e+01
1.00995e+02 4.90000e+01
1.01185e+02 4.90000e+01
1.01373e+02 4.90000e+01
1.01564e+02 4.90000e+01
1.01756e+02 4.90000e+01
1.01945e+02 4.90000e+01
1.02135e+02 4.90000e+01
1.02325e+02 4.90000e+01
1.02512e+02 4.90000e+01
1.02705e+02 4.90000e+01
1.02893e+02 4.90000e+01
1.03082e+02 4.90000e+01
1.03271e+02 4.90000e+01
1.03460e+02 4.90000e+01
1.03652e+02 4.90000e+01
1.03841e+02 4.90000e+01
1.04029e+02 4.90000e+01
1.04217e+02 4.90000e+01
1.04405e+02 4.90000e+01
1.04596e+02 4.90000e+01
1.04786e+02 4.90000e+01
1.04976e+02 4.90000e+01
1.05166e+02 4.90000e+01
1.05355e+02 4.90000e+01
1.05543e+02 4.90000e+01
1.05737e+02 4.90000e+01
1.05926e+02 4.90000e+01
1.06117e+02 4.90000e+01
1.06306e+02 4.90000e+01
1.06494e+02 4.90000e+01
1.06687e+02 4.90000e+01
1.06877e+02 4.90000e+01
1.07069e+02 4.90000e+01
1.07260e+02 4.90000e+01
1.07450e+02 4.90000e+01
1.07642e+02 4.90000e+01
1.07833e+02 4.90000e+01
1.08021e+02 4.90000e+01
1.08211e+02 4.90000e+01
1.08402e+02 4.90000e+01
1.08595e+02 4.90000e+01
1.08786e+02 4.90000e+01
1.08976e+02 4.90000e+01
1.09165e+02 4.90000e+01
1.09354e+02 4.90000e+01
1.09543e+02 4.90000e+01
1.09734e+02 4.90000e+01
1.09923e+02 4.90000e+01
1.10111e+02 4.90000e+01
1.10301e+02 4.90000e+01
1.10491e+02 4.90000e+01
1.10684e+02 4.90000e+01
1.10873e+02 4.90000e+01
1.11062e+02 4.90000e+01
1.11252e+02 4.90000e+01
1.11441e+02 4.90000e+01
1.11633e+02 4.90000e+01
1.11823e+02 4.90000e+01
1.12022e+02 4.90000e+01
1.12229e+02 4.90000e+01
1.12422e+02 4.90000e+01
1.12614e+02 4.90000e+01
1.12803e+02 4.90000e+01
1.12995e+02 4.90000e+01
1.13184e+02 4.90000e+01
1.13375e+02 4.90000e+01
1.13566e+02 4.90000e+01
1.13759e+02 4.90000e+01
1.13949e+02 4.90000e+01
1.14139e+02 4.90000e+01
1.14329e+02 4.90000e+01
1.14519e+02 4.90000e+01
1.14712e+02 4.90000e+01
1.14901e+02 4.90000e+01
1.15104e+02 4.90000e+01
1.15294e+02 4.90000e+01
1.15484e+02 4.90000e+01
1.15678e+02 4.90000e+01
1.15869e+02 4.90000e+01
1.16059e+02 4.90000e+01
1.16248e+02 4.90000e+01
1.16438e+02 4.90000e+01
1.16632e+02 4.90000e+01
1.16822e+02 4.90000e+01
1.17012e+02 4.90000e+01
1.17201e+02 4.90000e+01
1.17391e+02 4.90000e+01
1.17583e+02 4.90000e+01
1.17775e+02 4.90000e+01
1.17966e+02 4.90000e+01
1.18157e+02 4.90000e+01
1.18346e+02 4.90000e+01
1.18535e+02 4.90000e+01
1.18728e+02 4.90000e+01
1.18917e+02 4.90000e+01
1.19107e+02 4.90000e+01
1.19297e+02 4.90000e+01
1.19487e+02 4.90000e+01
1.19679e+02 4.90000e+01
1.19870e+02 4.90000e+01
1.20059e+02 4.90000e+01
1.20248e+02 4.90000e+01
1.20439e+02 4.90000e+01
1.20629e+02 4.90000e+01
1.20819e+02 4.90000e+01
1.21010e+02 4.90000e+01
1.21198e+02 4.90000e+01
1.21388e+02 4.90000e+01
1.21577e+02 4.90000e+01
1.21768e+02 4.90000e+01
1.21957e+02 4.90000e+01
1.22147e+02 4.90000e+01
1.22337e+02 4.90000e+01
1.22526e+02 4.90000e+01
1.22717e+02 4.90000e+01
1.22906e+02 4.90000e+01
1.23096e+02 4.90000e+01
1.23287e+02 4.90000e+01
1.23475e+02 4.90000e+01
1.23666e+02 4.90000e+01
1.23856e+02 4.90000e+01
1.24044e+02 4.90000e+01
1.24233e+02 4.90000e+01
1.24422e+02 4.90000e+01
1.24612e+02 4.90000e+01
1.24801e+02 4.90000e+01
1.24990e+02 4.90000e+01
1.25179e+02 4.90000e+01
1.25367e+02 4.90000e+01
1.25556e+02 4.90000e+01
1.25748e+02 4.90000e+01
1.25938e+02 4.90000e+01
1.26127e+02 4.90000e+01
1.26317e+02 4.90000e+01
1.26505e+02 4.90000e+01
1.26696e+02 4.90000e+01
1.26885e+02 4.90000e+01
1.27091e+02 4.90000e+01
1.27296e+02 4.90000e+01
1.27487e+02 4.90000e+01
1.27680e+02 4.90000e+01
1.27869e+02 4.90000e+01
1.28057e+02 4.90000e+01
1.28246e+02 4.90000e+01
1.28436e+02 4.90000e+01
1.28626e+02 4.90000e+01
1.28816e+02 4.90000e+01
1.29006e+02 4.90000e+01
1.29194e+02 4.90000e+01
1.29384e+02 4.90000e+01
1.29572e+02 4.90000e+01
1.29765e+02 4.90000e+01
1.29953e+02 4.90000e+01
1.30142e+02 4.90000e+01
1.30330e+02 4.90000e+01
1.30518e+02 4.90000e+01
1.30711e+02 4.90000e+01
1.30900e+02 4.90000e+01
1.31089e+02 4.90000e+01
1.31279e+02 4.90000e+01
1.31468e+02 4.90000e+01
1.31662e+02 4.90000e+01
1.31851e+02 4.90000e+01
1.32040e+02 4.90000e+01
1.32230e+02 4.90000e+01
1.32419e+02 4.90000e+01
1.32608e+02 4.90000e+01
1.32801e+02 4.90000e+01
1.32989e+02 4.90000e+01
1.33178e+02 4.90000e+01
1.33367e+02 4.90000e+01
1.33557e+02 4.90000e+01
1.33750e+02 4.90000e+01
1.33939e+02 4.90000e+01
1.34129e+02 4.90000e+01
1.34318e+02 4.90000e+01
1.34508e+02 4.90000e+01
1.34701e+02 4.90000e+01
1.34891e+02 4.90000e+01
1.35082e+02 4.90000e+01
1.35271e+02 4.90000e+01
1.35460e+02 4.90000e+01
1.35653e+02 4.90000e+01
1.35843e+02 4.90000e+01
1.36033e+02 4.90000e+01
1.36224e+02 4.90000e+01
1.36414e+02 4.90000e+01
1.36602e+02 4.90000e+01
1.36794e+02 4.90000e+01
1.36983e+02 4.90000e+01
1.37172e+02 4.90000e+01
1.37360e+02 4.90000e+01
1.37550e+02 4.90000e+01
1.37743e+02 4.90000e+01
1.37932e+02 4.90000e+01
1.38121e+02 4.90000e+01
1.38312e+02 4.90000e+01
1.38504e+02 4.90000e+01
1.38695e+02 4.90000e+01
1.38884e+02 4.90000e+01
1.39073e+02 4.90000e+01
1.39263e+02 4.90000e+01
1.39452e+02 4.90000e+01
1.39645e+02 4.90000e+01
1.39836e+02 4.90000e+01
1.40025e+02 4.90000e+01
1.40212e+02 4.90000e+01
1.40402e+02 4.90000e+01
1.40592e+02 4.90000e+01
1.40781e+02 4.90000e+01
1.40972e+02 4.90000e+01
1.41161e+02 4.90000e+01
1.41350e+02 4.90000e+01
1.41539e+02 4.90000e+01
1.41732e+02 4.90000e+01
1.41921e+02 4.90000e+01
1.42129e+02 4.90000e+01
1.42330e+02 4.90000e+01
1.42522e+02 4.90000e+01
1.42715e+02 4.90000e+01
1.42907e+02 4.90000e+01
1.43099e+02 4.90000e+01
1.43289e+02 4.90000e+01
1.43481e+02 4.90000e+01
1.43674e+02 4.90000e+01
1.43864e+02 4.90000e+01
1.44052e+02 4.90000e+01
1.44239e+02 4.90000e+01
1.44429e+02 4.90000e+01
1.44617e+02 4.90000e+01
1.44809e+02 4.90000e+01
1.44998e+02 4.90000e+01
1.45186e+02 4.90000e+01
1.45375e+02 4.90000e+01
1.45564e+02 4.90000e+01
1.45757e+02 4.90000e+01
1.45945e+02 4.90000e+01
1.46134e+02 4.90000e+01
1.46323e+02 4.90000e+01
1.46512e+02 4.90000e+01
1.46704e+02 4.90000e+01
1.46892e+02 4.90000e+01
1.47081e+02 4.90000e+01
1.47271e+02 4.90000e+01
1.47460e+02 4.90000e+01
1.47652e+02 4.90000e+01
1.47840e+02 4.90000e+01
1.48031e+02 4.90000e+01
1.48220e+02 4.90000e+01
1.48409e+02 4.90000e+01
1.48598e+02 4.90000e+01
1.48790e+02 4.90000e+01
1.48979e+02 4.90000e+01
1.49167e+02 4.90000e+01
1.49356e+02 4.90000e+01
1.49546e+02 4.90000e+01
1.49739e+02 4.90000e+01
1.49931e+02 4.90000e+01
1.50122e+02 4.90000e+01
1.50311e+02 4.90000e+01
1.50501e+02 4.90000e+01
1.50693e+02 4.90000e+01
1.50882e+02 4.90000e+01
1.51071e+02 4.90000e+01
1.51263e+02 4.90000e+01
1.51452e+02 4.90000e+01
1.51643e+02 4.90000e+01
1.51833e+02 4.90000e+01
1.52022e+02 4.90000e+01
1.52210e+02 4.90000e+01
1.52400e+02 4.90000e+01
1.52589e+02 4.90000e+01
1.52780e+02 4.90000e+01
1.52970e+02 4.90000e+01
1.53159e+02 4.90000e+01
1.53349e+02 4.90000e+01
1.53538e+02 4.90000e+01
1.53730e+02 4.90000e+01
1.53920e+02 4.90000e+01
1.54110e+02 4.90000e+01
1.54300e+02 4.90000e+01
1.54490e+02 4.90000e+01
1.54681e+02 4.90000e+01
1.54872e+02 4.90000e+01
1.55063e+02 4.90000e+01
1.55252e+02 4.90000e+01
1.55442e+02 4.90000e+01
1.55632e+02 4.90000e+01
1.55824e+02 4.90000e+01
1.56012e+02 4.90000e+01
1.56199e+02 4.90000e+01
1.56389e+02 4.90000e+01
1.56579e+02 4.90000e+01
1.56773e+02 4.90000e+01
1.56963e+02 4.90000e+01
1.57175e+02 4.90000e+01
1.57378e+02 4.90000e+01
1.57569e+02 4.90000e+01
1.57762e+02 4.90000e+01
1.57954e+02 4.90000e+01
1.58145e+02 4.90000e+01
1.58335e+02 4.90000e+01
1.58528e+02 4.90000e+01
1.58721e+02 4.90000e+01
1.58911e+02 4.90000e+01
1.59100e+02 4.90000e+01
1.59291e+02 4.90000e+01
1.59484e+02 4.90000e+01
1.59677e+02 4.90000e+01
1.59866e+02 4.90000e+01
1.60056e+02 4.90000e+01
1.60247e+02 4.90000e+01
1.60437e+02 4.90000e+01
1.60627e+02 4.90000e+01
1.60820e+02 4.90000e+01
1.61010e+02 4.90000e+01
1.61199e+02 4.90000e+01
1.61389e+02 4.90000e+01
1.61580e+02 4.90000e+01
1.61774e+02 4.90000e+01
1.61965e+02 4.90000e+01
1.62155e+02 4.90000e+01
1.62344e+02 4.90000e+01
1.62535e+02 4.90000e+01
1.62728e+02 4.90000e+01
1.62917e+02 4.90000e+01
1.63107e+02 4.90000e+01
1.63298e+02 4.90000e+01
1.63489e+02 4.90000e+01
1.63683e+02 4.90000e+01
1.63874e+02 4.90000e+01
1.64065e+02 4.90000e+01
1.64254e+02 4.90000e+01
1.64444e+02 4.90000e+01
1.64634e+02 4.90000e+01
1.64826e+02 4.90000e+01
1.65015e+02 4.90000e+01
1.65204e+02 4.90000e+01
1.65395e+02 4.90000e+01
1.65586e+02 4.90000e+01
1.65778e+02 4.90000e+01
1.65969e+02 4.90000e+01
1.66157e+02 4.90000e+01
1.66348e+02 4.90000e+01
1.66537e+02 4.90000e+01
1.66730e+02 4.90000e+01
1.66920e+02 4.90000e+01
1.67110e+02 4.90000e+01
1.67300e+02 4.90000e+01
1.67491e+02 4.90000e+01
1.67682e+02 4.90000e+01
1.67873e+02 4.90000e+01
1.68063e+02 4.90000e+01
1.68253e+02 4.90000e+01
1.68444e+02 4.90000e+01
1.68635e+02 4.90000e+01
1.68826e+02 4.90000e+01
1.69019e+02 4.90000e+01
1.69209e+02 4.90000e+01
1.69400e+02 4.90000e+01
1.69589e+02 4.90000e+01
1.69784e+02 4.90000e+01
1.69974e+02 4.90000e+01
1.70164e+02 4.90000e+01
1.70355e+02 4.90000e+01
1.70545e+02 4.90000e+01
1.70738e+02 4.90000e+01
1.70927e+02 4.90000e+01
1.71115e+02 4.90000e+01
1.71305e+02 4.90000e+01
1.71495e+02 4.90000e+01
1.71687e+02 4.90000e+01
1.71878e+02 4.90000e+01
1.72085e+02 4.90000e+01
1.72294e+02 4.90000e+01
1.72484e+02 4.90000e+01
1.72675e+02 4.90000e+01
1.72866e+02 4.90000e+01
1.73055e+02 4.90000e+01
1.73244e+02 4.90000e+01
1.73432e+02 4.90000e+01
1.73622e+02 4.90000e+01
1.73814e+02 4.90000e+01
1.74004e+02 4.90000e+01
1.74192e+02 4.90000e+01
1.74382e+02 4.90000e+01
1.74571e+02 4.90000e+01
1.74763e+02 4.90000e+01
1.74953e+02 4.90000e+01
1.75144e+02 4.90000e+01
1.75333e+02 4.90000e+01
1.75523e+02 4.90000e+01
1.75716e+02 4.90000e+01
1.75905e+02 4.90000e+01
1.76096e+02 4.90000e+01
1.76286e+02 4.90000e+01
1.76475e+02 4.90000e+01
1.76666e+02 4.90000e+01
1.76860e+02 4.90000e+01
1.77049e+02 4.90000e+01
1.77240e+02 4.90000e+01
1.77431e+02 4.90000e+01
1.77621e+02 4.90000e+01
1.77814e+02 4.90000e+01
1.78003e+02 4.90000e+01
1.78192e+02 4.90000e+01
1.78381e+02 4.90000e+01
1.78571e+02 4.90000e+01
1.78765e+02 4.90000e+01
1.78955e+02 4.90000e+01
1.79145e+02 4.90000e+01
1.79335e+02 4.90000e+01
1.79525e+02 4.90000e+01
1.79718e+02 4.90000e+01
1.79909e+02 4.90000e+01
1.80098e+02 4.90000e+01
1.80286e+02 4.90000e+01
1.80475e+02 4.90000e+01
1.80665e+02 4.90000e+01
1.80858e+02 4.90000e+01
1.81048e+02 4.90000e+01
1.81239e+02 4.90000e+01
1.81428e+02 4.90000e+01
1.81620e+02 4.90000e+01
1.81813e+02 4.90000e+01
1.82004e+02 4.90000e+01
1.82194e+02 4.90000e+01
1.82386e+02 4.90000e+01
1.82575e+02 4.90000e+01
1.82769e+02 4.90000e+01
1.82960e+02 4.90000e+01
1.83150e+02 4.90000e+01
1.83341e+02 4.90000e+01
1.83531e+02 4.90000e+01
1.83722e+02 4.90000e+01
1.83911e+02 4.90000e+01
1.84102e+02 4.90000e+01
1.84294e+02 4.90000e+01
1.84484e+02 4.90000e+01
1.84673e+02 4.90000e+01
1.84865e+02 4.90000e+01
1.85056e+02 4.90000e+01
1.85246e+02 4.90000e+01
1.85435e+02 4.90000e+01
1.85626e+02 4.90000e+01
1.85820e+02 4.90000e+01
1.86010e+02 4.90000e+01
1.86200e+02 4.90000e+01
1.86390e+02 4.90000e+01
1.86581e+02 4.90000e+01
1.86773e+02 4.90000e+01
1.86963e+02 4.90000e+01
1.87179e+02 4.90000e+01
1.87379e+02 4.90000e+01
1.87570e+02 4.90000e+01
1.87763e+02 4.90000e+01
1.87953e+02 4.90000e+01
1.88141e+02 4.90000e+01
1.88330e+02 4.90000e+01
1.88521e+02 4.90000e+01
1.88714e+02 4.90000e+01
1.88904e+02 4.90000e+01
1.89095e+02 4.90000e+01
1.89286e+02 4.90000e+01
1.89476e+02 4.90000e+01
1.89667e+02 4.90000e+01
1.89860e+02 4.90000e+01
1.90049e+02 4.90000e+01
1.90239e+02 4.90000e+01
1.90429e+02 4.90000e+01
