3.12780e-02 6.73000e+02
2.24580e-01 5.11000e+02
4.19095e-01 3.93000e+02
6.12371e-01 3.89000e+02
8.06894e-01 3.07000e+02
9.98606e-01 2.29000e+02
1.18996e+00 2.44000e+02
1.38192e+00 1.89000e+02
1.57457e+00 2.03000e+02
1.76702e+00 1.85000e+02
1.96209e+00 2.40000e+02
2.15640e+00 2.53000e+02
2.34866e+00 2.16000e+02
2.54114e+00 1.46000e+02
2.73212e+00 1.56000e+02
2.92701e+00 1.52000e+02
3.11935e+00 1.14000e+02
3.31144e+00 1.15000e+02
3.50435e+00 1.50000e+02
3.69483e+00 1.46000e+02
3.88970e+00 1.12000e+02
4.08066e+00 7.80000e+01
4.27344e+00 7.40000e+01
4.46380e+00 7.60000e+01
4.65412e+00 7.60000e+01
4.84793e+00 7.70000e+01
5.03918e+00 6.30000e+01
5.22936e+00 7.30000e+01
5.41992e+00 6.50000e+01
5.61332e+00 6.50000e+01
5.80648e+00 6.50000e+01
5.99739e+00 6.50000e+01
6.18848e+00 6.50000e+01
6.37852e+00 6.50000e+01
6.57022e+00 6.50000e+01
6.75983e+00 6.50000e+01
6.95212e+00 6.50000e+01
7.14289e+00 6.50000e+01
7.33310e+00 6.50000e+01
7.52296e+00 6.50000e+01
7.71228e+00 6.50000e+01
7.90458e+00 6.50000e+01
8.09406e+00 6.50000e+01
8.30071e+00 6.50000e+01
8.49889e+00 6.50000e+01
8.69114e+00 6.50000e+01
8.88398e+00 6.50000e+01
9.07397e+00 6.50000e+01
9.26313e+00 6.50000e+01
9.45367e+00 6.50000e+01
9.64591e+00 6.50000e+01
9.84072e+00 6.50000e+01
1.00318e+01 6.50000e+01
1.02226e+01 6.50000e+01
1.04149e+01 6.50000e+01
1.06067e+01 6.50000e+01
1.08006e+01 6.50000e+01
1.09922e+01 6.50000e+01
1.11832e+01 6.50000e+01
1.13744e+01 6.50000e+01
1.15656e+01 6.50000e+01
1.17571e+01 6.50000e+01
1.19519e+01 6.50000e+01
1.21427e+01 6.50000e+01
1.23341e+01 6.50000e+01
1.25252e+01 6.50000e+01
1.27241e+01 6.50000e+01
1.29254e+01 6.50000e+01
1.31156e+01 6.50000e+01
1.33062e+01 6.50000e+01
1.34987e+01 6.50000e+01
1.36904e+01 6.50000e+01
1.38847e+01 6.50000e+01
1.40751e+01 6.50000e+01
1.42652e+01 6.50000e+01
1.44559e+01 6.50000e+01
1.46466e+01 6.50000e+01
1.48410e+01 6.50000e+01
1.50323e+01 6.50000e+01
1.52225e+01 6.50000e+01
1.54130e+01 6.50000e+01
1.56041e+01 6.50000e+01
1.57948e+01 6.50000e+01
1.59858e+01 6.50000e+01
1.61759e+01 6.50000e+01
1.63636e+01 6.50000e+01
1.65539e+01 6.50000e+01
1.67436e+01 6.50000e+01
1.69356e+01 6.50000e+01
1.71259e+01 6.50000e+01
1.73170e+01 6.50000e+01
1.75088e+01 6.50000e+01
1.76993e+01 6.50000e+01
1.78936e+01 6.50000e+01
1.80831e+01 6.50000e+01
1.82739e+01 6.50000e+01
1.84655e+01 6.50000e+01
1.86561e+01 6.50000e+01
1.88491e+01 6.50000e+01
1.90383e+01 6.50000e+01
1.92287e+01 6.50000e+01
1.94196e+01 6.50000e+01
1.96111e+01 6.50000e+01
1.98021e+01 6.50000e+01
1.99943e+01 6.50000e+01
2.01860e+01 6.50000e+01
2.03817e+01 6.50000e+01
2.05722e+01 6.50000e+01
2.07632e+01 6.50000e+01
2.09573e+01 6.50000e+01
2.11484e+01 6.50000e+01
2.13375e+01 6.50000e+01
2.15272e+01 6.50000e+01
2.17177e+01 6.50000e+01
2.19103e+01 6.50000e+01
2.20995e+01 6.50000e+01
2.22877e+01 6.50000e+01
2.24792e+01 6.50000e+01
2.26689e+01 6.50000e+01
2.28614e+01 6.50000e+01
2.30515e+01 6.50000e+01
2.32562e+01 6.50000e+01
2.34511e+01 6.50000e+01
2.36419e+01 6.50000e+01
2.38338e+01 6.50000e+01
2.40254e+01 6.50000e+01
2.42162e+01 6.50000e+01
2.44060e+01 6.50000e+01
2.45964e+01 6.50000e+01
2.47888e+01 6.50000e+01
2.49823e+01 6.50000e+01
2.51727e+01 6.50000e+01
2.53652e+01 6.50000e+01
2.55560e+01 6.50000e+01
2.57467e+01 6.50000e+01
2.59392e+01 6.50000e+01
2.61298e+01 6.50000e+01
2.63201e+01 6.50000e+01
2.65097e+01 6.50000e+01
2.67004e+01 6.50000e+01
2.68935e+01 6.50000e+01
2.70844e+01 6.50000e+01
2.72746e+01 6.50000e+01
2.74658e+01 6.50000e+01
2.76579e+01 6.50000e+01
2.78654e+01 6.50000e+01
2.80696e+01 6.50000e+01
2.82590e+01 6.50000e+01
2.84486e+01 6.50000e+01
2.86385e+01 6.50000e+01
2.88302e+01 6.50000e+01
2.90204e+01 6.50000e+01
2.92088e+01 6.50000e+01
2.93986e+01 6.50000e+01
2.95887e+01 6.50000e+01
2.97802e+01 6.50000e+01
2.99727e+01 6.50000e+01
3.01627e+01 6.50000e+01
3.03524e+01 6.50000e+01
3.05431e+01 6.50000e+01
3.07327e+01 6.50000e+01
3.09278e+01 6.50000e+01
3.11174e+01 6.50000e+01
3.13076e+01 6.50000e+01
3.14980e+01 6.50000e+01
3.16887e+01 6.50000e+01
3.18819e+01 6.50000e+01
3.20722e+01 6.50000e+01
3.22630e+01 6.50000e+01
3.24519e+01 6.50000e+01
3.26427e+01 6.50000e+01
3.28359e+01 6.50000e+01
3.30276e+01 6.50000e+01
3.32184e+01 6.50000e+01
3.34082e+01 6.50000e+01
3.35971e+01 6.50000e+01
3.37860e+01 6.50000e+01
3.39796e+01 6.50000e+01
3.41706e+01 6.50000e+01
3.43610e+01 6.50000e+01
3.45499e+01 6.50000e+01
3.47390e+01 6.50000e+01
3.49309e+01 6.50000e+01
3.51205e+01 6.50000e+01
3.53110e+01 6.50000e+01
3.55024e+01 6.50000e+01
3.56923e+01 6.50000e+01
3.58847e+01 6.50000e+01
3.60748e+01 6.50000e+01
3.62654e+01 6.50000e+01
3.64538e+01 6.50000e+01
3.66452e+01 6.50000e+01
3.68379e+01 6.50000e+01
3.70277e+01 6.50000e+01
3.72165e+01 6.50000e+01
3.74056e+01 6.50000e+01
3.75965e+01 6.50000e+01
3.77874e+01 6.50000e+01
3.79809e+01 6.50000e+01
3.81781e+01 6.50000e+01
3.83811e+01 6.50000e+01
3.85720e+01 6.50000e+01
3.87617e+01 6.50000e+01
3.89548e+01 6.50000e+01
3.91467e+01 6.50000e+01
3.93372e+01 6.50000e+01
3.95290e+01 6.50000e+01
3.97201e+01 6.50000e+01
3.99124e+01 6.50000e+01
4.01025e+01 6.50000e+01
4.02942e+01 6.50000e+01
4.04848e+01 6.50000e+01
4.06760e+01 6.50000e+01
4.08694e+01 6.50000e+01
4.10601e+01 6.50000e+01
4.12513e+01 6.50000e+01
4.14411e+01 6.50000e+01
4.16311e+01 6.50000e+01
4.18232e+01 6.50000e+01
4.20167e+01 6.50000e+01
4.22067e+01 6.50000e+01
4.23964e+01 6.50000e+01
4.25862e+01 6.50000e+01
4.27768e+01 6.50000e+01
4.29702e+01 6.50000e+01
4.31619e+01 6.50000e+01
4.33515e+01 6.50000e+01
4.35424e+01 6.50000e+01
4.37323e+01 6.50000e+01
4.39239e+01 6.50000e+01
4.41128e+01 6.50000e+01
4.43030e+01 6.50000e+01
4.44927e+01 6.50000e+01
4.46846e+01 6.50000e+01
4.48791e+01 6.50000e+01
4.50695e+01 6.50000e+01
4.52608e+01 6.50000e+01
4.54512e+01 6.50000e+01
4.56413e+01 6.50000e+01
4.58321e+01 6.50000e+01
4.60257e+01 6.50000e+01
4.62165e+01 6.50000e+01
4.64056e+01 6.50000e+01
4.65948e+01 6.50000e+01
4.67846e+01 6.50000e+01
4.69794e+01 6.50000e+01
4.71693e+01 6.50000e+01
4.73600e+01 6.50000e+01
4.75508e+01 6.50000e+01
4.77400e+01 6.50000e+01
4.79319e+01 6.50000e+01
4.81230e+01 6.50000e+01
4.83124e+01 6.50000e+01
4.85017e+01 6.50000e+01
4.86921e+01 6.50000e+01
4.88848e+01 6.50000e+01
4.90744e+01 6.50000e+01
4.92645e+01 6.50000e+01
4.94545e+01 6.50000e+01
4.96443e+01 6.50000e+01
4.98328e+01 6.50000e+01
5.00280e+01 6.50000e+01
5.02178e+01 6.50000e+01
5.04088e+01 6.50000e+01
5.05982e+01 6.50000e+01
5.07876e+01 6.50000e+01
5.09809e+01 6.50000e+01
5.11713e+01 6.50000e+01
5.13616e+01 6.50000e+01
5.15526e+01 6.50000e+01
5.17434e+01 6.50000e+01
5.19379e+01 6.50000e+01
5.21282e+01 6.50000e+01
5.23192e+01 6.50000e+01
5.25088e+01 6.50000e+01
5.27000e+01 6.50000e+01
5.28925e+01 6.50000e+01
5.30818e+01 6.50000e+01
5.32941e+01 6.50000e+01
5.35044e+01 6.50000e+01
5.36974e+01 6.50000e+01
5.38915e+01 6.50000e+01
5.40812e+01 6.50000e+01
5.42716e+01 6.50000e+01
5.44626e+01 6.50000e+01
5.46526e+01 6.50000e+01
5.48432e+01 6.50000e+01
5.50364e+01 6.50000e+01
5.52257e+01 6.50000e+01
5.54156e+01 6.50000e+01
5.56058e+01 6.50000e+01
5.57952e+01 6.50000e+01
5.59872e+01 6.50000e+01
5.61775e+01 6.50000e+01
5.63676e+01 6.50000e+01
5.65581e+01 6.50000e+01
5.67483e+01 6.50000e+01
5.69412e+01 6.50000e+01
5.71307e+01 6.50000e+01
5.73217e+01 6.50000e+01
5.75122e+01 6.50000e+01
5.77027e+01 6.50000e+01
5.78959e+01 6.50000e+01
5.80858e+01 6.50000e+01
5.82747e+01 6.50000e+01
5.84656e+01 6.50000e+01
5.86549e+01 6.50000e+01
5.88455e+01 6.50000e+01
5.90383e+01 6.50000e+01
5.92275e+01 6.50000e+01
5.94177e+01 6.50000e+01
5.96103e+01 6.50000e+01
5.98017e+01 6.50000e+01
5.99948e+01 6.50000e+01
6.01837e+01 6.50000e+01
6.03736e+01 6.50000e+01
6.05638e+01 6.50000e+01
6.07539e+01 6.50000e+01
6.09470e+01 6.50000e+01
6.11363e+01 6.50000e+01
6.13258e+01 6.50000e+01
6.15170e+01 6.50000e+01
6.17073e+01 6.50000e+01
6.19010e+01 6.50000e+01
6.20909e+01 6.50000e+01
6.22796e+01 6.50000e+01
6.24700e+01 6.50000e+01
6.26620e+01 6.50000e+01
6.28512e+01 6.50000e+01
6.30437e+01 6.50000e+01
6.32324e+01 6.50000e+01
6.34222e+01 6.50000e+01
6.36106e+01 6.50000e+01
6.38004e+01 6.50000e+01
6.39927e+01 6.50000e+01
6.41842e+01 6.50000e+01
6.43740e+01 6.50000e+01
6.45647e+01 6.50000e+01
6.47553e+01 6.50000e+01
6.49471e+01 6.50000e+01
6.51368e+01 6.50000e+01
6.53273e+01 6.50000e+01
6.55174e+01 6.50000e+01
6.57080e+01 6.50000e+01
6.59021e+01 6.50000e+01
6.60931e+01 6.50000e+01
6.62829e+01 6.50000e+01
6.64734e+01 6.50000e+01
6.66638e+01 6.50000e+01
6.68550e+01 6.50000e+01
6.70497e+01 6.50000e+01
6.72391e+01 6.50000e+01
6.74308e+01 6.50000e+01
6.76224e+01 6.50000e+01
6.78135e+01 6.50000e+01
6.80074e+01 6.50000e+01
6.82130e+01 6.50000e+01
6.84242e+01 6.50000e+01
6.86159e+01 6.50000e+01
6.88081e+01 6.50000e+01
6.90008e+01 6.50000e+01
6.91897e+01 6.50000e+01
6.93803e+01 6.50000e+01
6.95720e+01 6.50000e+01
6.97622e+01 6.50000e+01
6.99560e+01 6.50000e+01
7.01446e+01 6.50000e+01
7.03341e+01 6.50000e+01
7.05241e+01 6.50000e+01
7.07150e+01 6.50000e+01
7.09058e+01 6.50000e+01
7.10965e+01 6.50000e+01
7.12879e+01 6.50000e+01
7.14774e+01 6.50000e+01
7.16691e+01 6.50000e+01
7.18621e+01 6.50000e+01
7.20558e+01 6.50000e+01
7.22470e+01 6.50000e+01
7.24374e+01 6.50000e+01
7.26288e+01 6.50000e+01
7.28326e+01 6.50000e+01
7.30273e+01 6.50000e+01
7.32168e+01 6.50000e+01
7.34074e+01 6.50000e+01
7.35982e+01 6.50000e+01
7.37883e+01 6.50000e+01
7.39812e+01 6.50000e+01
7.41717e+01 6.50000e+01
7.43615e+01 6.50000e+01
7.45515e+01 6.50000e+01
7.47418e+01 6.50000e+01
7.49352e+01 6.50000e+01
7.51272e+01 6.50000e+01
7.53190e+01 6.50000e+01
7.55104e+01 6.50000e+01
7.57019e+01 6.50000e+01
7.58950e+01 6.50000e+01
7.60865e+01 6.50000e+01
7.62762e+01 6.50000e+01
7.64668e+01 6.50000e+01
7.66566e+01 6.50000e+01
7.68465e+01 6.50000e+01
7.70398e+01 6.50000e+01
7.72292e+01 6.50000e+01
7.74193e+01 6.50000e+01
7.76107e+01 6.50000e+01
7.77992e+01 6.50000e+01
7.79936e+01 6.50000e+01
7.81828e+01 6.50000e+01
7.83728e+01 6.50000e+01
7.85630e+01 6.50000e+01
7.87512e+01 6.50000e+01
7.89437e+01 6.50000e+01
7.91348e+01 6.50000e+01
7.93265e+01 6.50000e+01
7.95177e+01 6.50000e+01
7.97077e+01 6.50000e+01
7.99008e+01 6.50000e+01
8.00934e+01 6.50000e+01
8.02866e+01 6.50000e+01
8.04814e+01 6.50000e+01
8.06725e+01 6.50000e+01
8.08634e+01 6.50000e+01
8.10595e+01 6.50000e+01
8.12507e+01 6.50000e+01
8.14424e+01 6.50000e+01
8.16343e+01 6.50000e+01
8.18262e+01 6.50000e+01
8.20208e+01 6.50000e+01
8.22129e+01 6.50000e+01
8.24041e+01 6.50000e+01
8.25930e+01 6.50000e+01
8.27815e+01 6.50000e+01
8.29754e+01 6.50000e+01
8.31730e+01 6.50000e+01
8.33791e+01 6.50000e+01
8.35732e+01 6.50000e+01
8.37647e+01 6.50000e+01
8.39575e+01 6.50000e+01
8.41490e+01 6.50000e+01
8.43386e+01 6.50000e+01
8.45296e+01 6.50000e+01
8.47214e+01 6.50000e+01
8.49155e+01 6.50000e+01
8.51051e+01 6.50000e+01
8.52967e+01 6.50000e+01
8.54883e+01 6.50000e+01
8.56794e+01 6.50000e+01
8.58695e+01 6.50000e+01
8.60627e+01 6.50000e+01
8.62530e+01 6.50000e+01
8.64443e+01 6.50000e+01
8.66347e+01 6.50000e+01
8.68253e+01 6.50000e+01
8.70163e+01 6.50000e+01
8.72066e+01 6.50000e+01
8.73974e+01 6.50000e+01
8.75868e+01 6.50000e+01
8.77778e+01 6.50000e+01
8.79727e+01 6.50000e+01
8.81610e+01 6.50000e+01
8.83514e+01 6.50000e+01
8.85415e+01 6.50000e+01
8.87315e+01 6.50000e+01
8.89229e+01 6.50000e+01
8.91115e+01 6.50000e+01
8.93013e+01 6.50000e+01
8.94915e+01 6.50000e+01
8.96807e+01 6.50000e+01
8.98716e+01 6.50000e+01
9.00636e+01 6.50000e+01
9.02536e+01 6.50000e+01
9.04434e+01 6.50000e+01
9.06329e+01 6.50000e+01
9.08216e+01 6.50000e+01
9.10122e+01 6.50000e+01
9.12013e+01 6.50000e+01
9.13904e+01 6.50000e+01
9.15800e+01 6.50000e+01
9.17682e+01 6.50000e+01
9.19594e+01 6.50000e+01
9.21487e+01 6.50000e+01
9.23375e+01 6.50000e+01
9.25266e+01 6.50000e+01
9.27157e+01 6.50000e+01
9.29059e+01 6.50000e+01
9.30980e+01 6.50000e+01
9.32879e+01 6.50000e+01
9.34790e+01 6.50000e+01
9.36688e+01 6.50000e+01
9.38582e+01 6.50000e+01
9.40512e+01 6.50000e+01
9.42411e+01 6.50000e+01
9.44313e+01 6.50000e+01
9.46211e+01 6.50000e+01
9.48082e+01 6.50000e+01
9.49991e+01 6.50000e+01
9.51882e+01 6.50000e+01
9.53773e+01 6.50000e+01
9.55672e+01 6.50000e+01
9.57572e+01 6.50000e+01
9.59485e+01 6.50000e+01
9.61394e+01 6.50000e+01
9.63294e+01 6.50000e+01
9.65177e+01 6.50000e+01
9.67062e+01 6.50000e+01
9.68936e+01 6.50000e+01
9.70855e+01 6.50000e+01
9.72748e+01 6.50000e+01
9.74649e+01 6.50000e+01
9.76537e+01 6.50000e+01
9.78419e+01 6.50000e+01
9.80344e+01 6.50000e+01
9.82379e+01 6.50000e+01
9.84378e+01 6.50000e+01
9.86282e+01 6.50000e+01
9.88166e+01 6.50000e+01
9.90101e+01 6.50000e+01
9.91982e+01 6.50000e+01
9.93879e+01 6.50000e+01
9.95785e+01 6.50000e+01
9.97685e+01 6.50000e+01
9.99604e+01 6.50000e+01
1.00150e+02 6.50000e+01
1.00339e+02 6.50000e+01
1.00530e+02 6.50000e+01
1.00719e+02 6.50000e+01
1.00911e+02 6.50000e+01
1.01103e+02 6.50000e+01
1.01292e+02 6.50000e+01
1.01483e+02 6.50000e+01
1.01672e+02 6.50000e+01
1.01862e+02 6.50000e+01
1.02054e+02 6.50000e+01
1.02244e+02 6.50000e+01
1.02434e+02 6.50000e+01
1.02625e+02 6.50000e+01
1.02826e+02 6.50000e+01
1.03019e+02 6.50000e+01
1.03208e+02 6.50000e+01
1.03397e+02 6.50000e+01
1.03586e+02 6.50000e+01
1.03775e+02 6.50000e+01
1.03967e+02 6.50000e+01
1.04157e+02 6.50000e+01
1.04346e+02 6.50000e+01
1.04535e+02 6.50000e+01
1.04725e+02 6.50000e+01
1.04914e+02 6.50000e+01
1.05107e+02 6.50000e+01
1.05295e+02 6.50000e+01
1.05486e+02 6.50000e+01
1.05678e+02 6.50000e+01
1.05867e+02 6.50000e+01
1.06059e+02 6.50000e+01
1.06248e+02 6.50000e+01
1.06436e+02 6.50000e+01
1.06627e+02 6.50000e+01
1.06816e+02 6.50000e+01
1.07009e+02 6.50000e+01
1.07199e+02 6.50000e+01
1.07389e+02 6.50000e+01
1.07578e+02 6.50000e+01
1.07770e+02 6.50000e+01
1.07963e+02 6.50000e+01
1.08153e+02 6.50000e+01
1.08345e+02 6.50000e+01
1.08535e+02 6.50000e+01
1.08724e+02 6.50000e+01
1.08912e+02 6.50000e+01
1.09105e+02 6.50000e+01
1.09294e+02 6.50000e+01
1.09484e+02 6.50000e+01
1.09674e+02 6.50000e+01
1.09863e+02 6.50000e+01
1.10055e+02 6.50000e+01
1.10244e+02 6.50000e+01
1.10433e+02 6.50000e+01
1.10623e+02 6.50000e+01
1.10811e+02 6.50000e+01
1.11002e+02 6.50000e+01
1.11192e+02 6.50000e+01
1.11380e+02 6.50000e+01
1.11570e+02 6.50000e+01
1.11759e+02 6.50000e+01
1.11949e+02 6.50000e+01
1.12139e+02 6.50000e+01
1.12329e+02 6.50000e+01
1.12518e+02 6.50000e+01
1.12707e+02 6.50000e+01
1.12896e+02 6.50000e+01
1.13088e+02 6.50000e+01
1.13296e+02 6.50000e+01
1.13502e+02 6.50000e+01
1.13692e+02 6.50000e+01
1.13883e+02 6.50000e+01
1.14076e+02 6.50000e+01
1.14266e+02 6.50000e+01
1.14455e+02 6.50000e+01
1.14646e+02 6.50000e+01
1.14837e+02 6.50000e+01
1.15031e+02 6.50000e+01
1.15224e+02 6.50000e+01
1.15414e+02 6.50000e+01
1.15604e+02 6.50000e+01
1.15797e+02 6.50000e+01
1.15991e+02 6.50000e+01
1.16182e+02 6.50000e+01
1.16373e+02 6.50000e+01
1.16563e+02 6.50000e+01
1.16753e+02 6.50000e+01
1.16943e+02 6.50000e+01
1.17136e+02 6.50000e+01
1.17325e+02 6.50000e+01
1.17515e+02 6.50000e+01
1.17709e+02 6.50000e+01
1.17899e+02 6.50000e+01
1.18092e+02 6.50000e+01
1.18281e+02 6.50000e+01
1.18471e+02 6.50000e+01
1.18661e+02 6.50000e+01
1.18851e+02 6.50000e+01
1.19042e+02 6.50000e+01
1.19234e+02 6.50000e+01
1.19423e+02 6.50000e+01
1.19614e+02 6.50000e+01
1.19804e+02 6.50000e+01
1.19998e+02 6.50000e+01
1.20189e+02 6.50000e+01
1.20381e+02 6.50000e+01
1.20572e+02 6.50000e+01
1.20762e+02 6.50000e+01
1.20953e+02 6.50000e+01
1.21144e+02 6.50000e+01
1.21332e+02 6.50000e+01
1.21523e+02 6.50000e+01
1.21714e+02 6.50000e+01
1.21906e+02 6.50000e+01
1.22099e+02 6.50000e+01
1.22289e+02 6.50000e+01
1.22478e+02 6.50000e+01
1.22669e+02 6.50000e+01
1.22858e+02 6.50000e+01
1.23052e+02 6.50000e+01
1.23244e+02 6.50000e+01
1.23435e+02 6.50000e+01
1.23627e+02 6.50000e+01
1.23817e+02 6.50000e+01
1.24008e+02 6.50000e+01
1.24198e+02 6.50000e+01
1.24390e+02 6.50000e+01
1.24582e+02 6.50000e+01
1.24773e+02 6.50000e+01
1.24966e+02 6.50000e+01
1.25156e+02 6.50000e+01
1.25347e+02 6.50000e+01
1.25538e+02 6.50000e+01
1.25728e+02 6.50000e+01
1.25918e+02 6.50000e+01
1.26113e+02 6.50000e+01
1.26302e+02 6.50000e+01
1.26493e+02 6.50000e+01
1.26684e+02 6.50000e+01
1.26874e+02 6.50000e+01
1.27067e+02 6.50000e+01
1.27258e+02 6.50000e+01
1.27450e+02 6.50000e+01
1.27642e+02 6.50000e+01
1.27833e+02 6.50000e+01
1.28027e+02 6.50000e+01
1.28234e+02 6.50000e+01
1.28444e+02 6.50000e+01
1.28642e+02 6.50000e+01
1.28832e+02 6.50000e+01
1.29027e+02 6.50000e+01
1.29219e+02 6.50000e+01
1.29410e+02 6.50000e+01
1.29601e+02 6.50000e+01
1.29792e+02 6.50000e+01
1.29985e+02 6.50000e+01
1.30177e+02 6.50000e+01
1.30370e+02 6.50000e+01
1.30561e+02 6.50000e+01
1.30751e+02 6.50000e+01
1.30941e+02 6.50000e+01
1.31135e+02 6.50000e+01
1.31325e+02 6.50000e+01
1.31516e+02 6.50000e+01
1.31707e+02 6.50000e+01
1.31898e+02 6.50000e+01
1.32092e+02 6.50000e+01
1.32282e+02 6.50000e+01
1.32472e+02 6.50000e+01
1.32665e+02 6.50000e+01
1.32856e+02 6.50000e+01
1.33049e+02 6.50000e+01
1.33240e+02 6.50000e+01
1.33430e+02 6.50000e+01
1.33621e+02 6.50000e+01
1.33813e+02 6.50000e+01
1.34007e+02 6.50000e+01
1.34199e+02 6.50000e+01
1.34391e+02 6.50000e+01
1.34583e+02 6.50000e+01
1.34775e+02 6.50000e+01
1.34968e+02 6.50000e+01
1.35161e+02 6.50000e+01
1.35352e+02 6.50000e+01
1.35544e+02 6.50000e+01
1.35736e+02 6.50000e+01
1.35928e+02 6.50000e+01
1.36123e+02 6.50000e+01
1.36315e+02 6.50000e+01
1.36507e+02 6.50000e+01
1.36697e+02 6.50000e+01
1.36887e+02 6.50000e+01
1.37081e+02 6.50000e+01
1.37272e+02 6.50000e+01
1.37464e+02 6.50000e+01
1.37655e+02 6.50000e+01
1.37847e+02 6.50000e+01
1.38042e+02 6.50000e+01
1.38233e+02 6.50000e+01
1.38425e+02 6.50000e+01
1.38618e+02 6.50000e+01
1.38809e+02 6.50000e+01
1.39002e+02 6.50000e+01
1.39196e+02 6.50000e+01
1.39394e+02 6.50000e+01
1.39604e+02 6.50000e+01
1.39806e+02 6.50000e+01
1.40003e+02 6.50000e+01
1.40194e+02 6.50000e+01
1.40384e+02 6.50000e+01
1.40578e+02 6.50000e+01
1.40770e+02 6.50000e+01
1.40961e+02 6.50000e+01
1.41157e+02 6.50000e+01
1.41350e+02 6.50000e+01
1.41542e+02 6.50000e+01
1.41735e+02 6.50000e+01
1.41927e+02 6.50000e+01
1.42123e+02 6.50000e+01
1.42315e+02 6.50000e+01
1.42507e+02 6.50000e+01
1.42700e+02 6.50000e+01
1.42892e+02 6.50000e+01
1.43085e+02 6.50000e+01
1.43300e+02 6.50000e+01
1.43512e+02 6.50000e+01
1.43704e+02 6.50000e+01
1.43895e+02 6.50000e+01
1.44090e+02 6.50000e+01
1.44283e+02 6.50000e+01
1.44474e+02 6.50000e+01
1.44666e+02 6.50000e+01
1.44857e+02 6.50000e+01
1.45050e+02 6.50000e+01
1.45241e+02 6.50000e+01
1.45432e+02 6.50000e+01
1.45622e+02 6.50000e+01
1.45812e+02 6.50000e+01
1.46006e+02 6.50000e+01
1.46196e+02 6.50000e+01
1.46385e+02 6.50000e+01
1.46575e+02 6.50000e+01
1.46766e+02 6.50000e+01
1.46957e+02 6.50000e+01
1.47148e+02 6.50000e+01
1.47338e+02 6.50000e+01
1.47527e+02 6.50000e+01
1.47719e+02 6.50000e+01
1.47909e+02 6.50000e+01
1.48102e+02 6.50000e+01
1.48291e+02 6.50000e+01
1.48484e+02 6.50000e+01
1.48675e+02 6.50000e+01
1.48866e+02 6.50000e+01
1.49060e+02 6.50000e+01
1.49251e+02 6.50000e+01
1.49442e+02 6.50000e+01
1.49634e+02 6.50000e+01
1.49824e+02 6.50000e+01
1.50017e+02 6.50000e+01
1.50208e+02 6.50000e+01
1.50399e+02 6.50000e+01
1.50590e+02 6.50000e+01
1.50782e+02 6.50000e+01
1.50973e+02 6.50000e+01
1.51167e+02 6.50000e+01
1.51358e+02 6.50000e+01
1.51549e+02 6.50000e+01
1.51740e+02 6.50000e+01
1.51931e+02 6.50000e+01
1.52127e+02 6.50000e+01
1.52318e+02 6.50000e+01
1.52508e+02 6.50000e+01
1.52700e+02 6.50000e+01
1.52889e+02 6.50000e+01
1.53081e+02 6.50000e+01
1.53272e+02 6.50000e+01
1.53464e+02 6.50000e+01
1.53654e+02 6.50000e+01
1.53846e+02 6.50000e+01
1.54041e+02 6.50000e+01
1.54232e+02 6.50000e+01
1.54422e+02 6.50000e+01
1.54613e+02 6.50000e+01
1.54803e+02 6.50000e+01
1.54995e+02 6.50000e+01
1.55188e+02 6.50000e+01
1.55380e+02 6.50000e+01
1.55571e+02 6.50000e+01
1.55763e+02 6.50000e+01
1.55955e+02 6.50000e+01
1.56151e+02 6.50000e+01
1.56342e+02 6.50000e+01
1.56532e+02 6.50000e+01
1.56723e+02 6.50000e+01
1.56915e+02 6.50000e+01
1.57111e+02 6.50000e+01
1.57304e+02 6.50000e+01
1.57496e+02 6.50000e+01
1.57687e+02 6.50000e+01
1.57878e+02 6.50000e+01
1.58072e+02 6.50000e+01
1.58282e+02 6.50000e+01
1.58481e+02 6.50000e+01
1.58671e+02 6.50000e+01
1.58861e+02 6.50000e+01
1.59053e+02 6.50000e+01
1.59243e+02 6.50000e+01
1.59433e+02 6.50000e+01
1.59624e+02 6.50000e+01
1.59813e+02 6.50000e+01
1.60002e+02 6.50000e+01
1.60196e+02 6.50000e+01
1.60387e+02 6.50000e+01
1.60577e+02 6.50000e+01
1.60769e+02 6.50000e+01
1.60960e+02 6.50000e+01
1.61153e+02 6.50000e+01
1.61343e+02 6.50000e+01
1.61534e+02 6.50000e+01
1.61723e+02 6.50000e+01
1.61914e+02 6.50000e+01
1.62106e+02 6.50000e+01
1.62297e+02 6.50000e+01
1.62487e+02 6.50000e+01
1.62680e+02 6.50000e+01
1.62878e+02 6.50000e+01
1.63071e+02 6.50000e+01
1.63262e+02 6.50000e+01
1.63454e+02 6.50000e+01
1.63645e+02 6.50000e+01
1.63835e+02 6.50000e+01
1.64027e+02 6.50000e+01
1.64217e+02 6.50000e+01
1.64406e+02 6.50000e+01
1.64596e+02 6.50000e+01
1.64788e+02 6.50000e+01
1.64979e+02 6.50000e+01
1.65173e+02 6.50000e+01
1.65365e+02 6.50000e+01
1.65555e+02 6.50000e+01
1.65745e+02 6.50000e+01
1.65935e+02 6.50000e+01
1.66126e+02 6.50000e+01
1.66315e+02 6.50000e+01
1.66504e+02 6.50000e+01
1.66693e+02 6.50000e+01
1.66882e+02 6.50000e+01
1.67074e+02 6.50000e+01
1.67264e+02 6.50000e+01
1.67453e+02 6.50000e+01
1.67644e+02 6.50000e+01
1.67833e+02 6.50000e+01
1.68023e+02 6.50000e+01
1.68214e+02 6.50000e+01
1.68403e+02 6.50000e+01
1.68592e+02 6.50000e+01
1.68782e+02 6.50000e+01
1.68971e+02 6.50000e+01
1.69164e+02 6.50000e+01
1.69356e+02 6.50000e+01
1.69545e+02 6.50000e+01
1.69735e+02 6.50000e+01
1.69925e+02 6.50000e+01
1.70119e+02 6.50000e+01
1.70310e+02 6.50000e+01
1.70500e+02 6.50000e+01
1.70688e+02 6.50000e+01
1.70877e+02 6.50000e+01
1.71070e+02 6.50000e+01
1.71261e+02 6.50000e+01
1.71450e+02 6.50000e+01
1.71641e+02 6.50000e+01
1.71830e+02 6.50000e+01
1.72019e+02 6.50000e+01
1.72212e+02 6.50000e+01
1.72400e+02 6.50000e+01
1.72590e+02 6.50000e+01
1.72780e+02 6.50000e+01
1.72969e+02 6.50000e+01
1.73163e+02 6.50000e+01
1.73373e+02 6.50000e+01
1.73565e+02 6.50000e+01
1.73756e+02 6.50000e+01
1.73944e+02 6.50000e+01
1.74134e+02 6.50000e+01
1.74323e+02 6.50000e+01
1.74514e+02 6.50000e+01
1.74703e+02 6.50000e+01
1.74892e+02 6.50000e+01
1.75085e+02 6.50000e+01
1.75274e+02 6.50000e+01
1.75462e+02 6.50000e+01
1.75651e+02 6.50000e+01
1.75841e+02 6.50000e+01
1.76031e+02 6.50000e+01
1.76221e+02 6.50000e+01
1.76409e+02 6.50000e+01
1.76598e+02 6.50000e+01
1.76787e+02 6.50000e+01
1.76975e+02 6.50000e+01
1.77168e+02 6.50000e+01
1.77357e+02 6.50000e+01
1.77546e+02 6.50000e+01
1.77742e+02 6.50000e+01
1.77935e+02 6.50000e+01
1.78127e+02 6.50000e+01
1.78316e+02 6.50000e+01
1.78505e+02 6.50000e+01
1.78693e+02 6.50000e+01
1.78881e+02 6.50000e+01
1.79072e+02 6.50000e+01
1.79260e+02 6.50000e+01
1.79449e+02 6.50000e+01
1.79638e+02 6.50000e+01
1.79828e+02 6.50000e+01
1.80017e+02 6.50000e+01
1.80209e+02 6.50000e+01
1.80399e+02 6.50000e+01
1.80589e+02 6.50000e+01
1.80779e+02 6.50000e+01
1.80968e+02 6.50000e+01
1.81160e+02 6.50000e+01
1.81350e+02 6.50000e+01
1.81542e+02 6.50000e+01
1.81731e+02 6.50000e+01
1.81923e+02 6.50000e+01
1.82115e+02 6.50000e+01
1.82305e+02 6.50000e+01
1.82495e+02 6.50000e+01
1.82683e+02 6.50000e+01
1.82874e+02 6.50000e+01
1.83068e+02 6.50000e+01
1.83257e+02 6.50000e+01
1.83446e+02 6.50000e+01
1.83634e+02 6.50000e+01
1.83824e+02 6.50000e+01
1.84013e+02 6.50000e+01
1.84205e+02 6.50000e+01
1.84394e+02 6.50000e+01
1.84584e+02 6.50000e+01
1.84774e+02 6.50000e+01
1.84962e+02 6.50000e+01
1.85155e+02 6.50000e+01
1.85345e+02 6.50000e+01
1.85536e+02 6.50000e+01
1.85725e+02 6.50000e+01
1.85915e+02 6.50000e+01
1.86105e+02 6.50000e+01
1.86295e+02 6.50000e+01
1.86485e+02 6.50000e+01
1.86675e+02 6.50000e+01
1.86865e+02 6.50000e+01
1.87057e+02 6.50000e+01
1.87247e+02 6.50000e+01
1.87436e+02 6.50000e+01
1.87625e+02 6.50000e+01
1.87816e+02 6.50000e+01
1.88004e+02 6.50000e+01
1.88207e+02 6.50000e+01
1.88410e+02 6.50000e+01
1.88599e+02 6.50000e+01
1.88788e+02 6.50000e+01
1.88977e+02 6.50000e+01
1.89170e+02 6.50000e+01
1.89359e+02 6.50000e+01
1.89550e+02 6.50000e+01
1.89739e+02 6.50000e+01
1.89928e+02 6.50000e+01
1.90120e+02 6.50000e+01
1.90310e+02 6.50000e+01
1.90500e+02 6.50000e+01
1.90690e+02 6.50000e+01
1.90880e+02 6.50000e+01
1.91071e+02 6.50000e+01
1.91260e+02 6.50000e+01
