2.04020e-02 6.92000e+02
2.18268e-01 4.71000e+02
4.13532e-01 4.00000e+02
6.07403e-01 2.96000e+02
7.99864e-01 2.64000e+02
9.90626e-01 2.81000e+02
1.18377e+00 3.03000e+02
1.37656e+00 1.62000e+02
1.56817e+00 1.36000e+02
1.75841e+00 1.54000e+02
1.94739e+00 1.16000e+02
2.13817e+00 1.16000e+02
2.33398e+00 1.16000e+02
2.52435e+00 1.16000e+02
2.71446e+00 1.22000e+02
2.90396e+00 1.13000e+02
3.09381e+00 1.03000e+02
3.28615e+00 1.03000e+02
3.47510e+00 1.03000e+02
3.66502e+00 1.03000e+02
3.85557e+00 1.03000e+02
4.04466e+00 1.03000e+02
4.23661e+00 1.03000e+02
4.42664e+00 1.03000e+02
4.61823e+00 1.03000e+02
4.80797e+00 1.03000e+02
4.99607e+00 1.03000e+02
5.18420e+00 1.03000e+02
5.37579e+00 1.03000e+02
5.56487e+00 1.03000e+02
5.75368e+00 1.03000e+02
5.94033e+00 1.03000e+02
6.12945e+00 1.03000e+02
6.31980e+00 1.03000e+02
6.50929e+00 1.03000e+02
6.69916e+00 1.03000e+02
6.88700e+00 1.03000e+02
7.07555e+00 1.03000e+02
7.28217e+00 1.03000e+02
7.48424e+00 1.03000e+02
7.67409e+00 1.03000e+02
7.86254e+00 1.03000e+02
8.05079e+00 1.03000e+02
8.24176e+00 1.03000e+02
8.43054e+00 1.03000e+02
8.61953e+00 1.03000e+02
8.80937e+00 1.03000e+02
8.99807e+00 1.03000e+02
9.18657e+00 1.03000e+02
9.37884e+00 1.03000e+02
9.56746e+00 1.03000e+02
9.75733e+00 1.03000e+02
9.94556e+00 1.03000e+02
1.01337e+01 1.03000e+02
1.03249e+01 1.03000e+02
1.05143e+01 1.03000e+02
1.07049e+01 1.03000e+02
1.08934e+01 1.03000e+02
1.10825e+01 1.03000e+02
1.12736e+01 1.03000e+02
1.14621e+01 1.03000e+02
1.16513e+01 1.03000e+02
1.18428e+01 1.03000e+02
1.20301e+01 1.03000e+02
1.22188e+01 1.03000e+02
1.24097e+01 1.03000e+02
1.26001e+01 1.03000e+02
1.27891e+01 1.03000e+02
1.29771e+01 1.03000e+02
1.31658e+01 1.03000e+02
1.33570e+01 1.03000e+02
1.35470e+01 1.03000e+02
1.37364e+01 1.03000e+02
1.39254e+01 1.03000e+02
1.41157e+01 1.03000e+02
1.43091e+01 1.03000e+02
1.44997e+01 1.03000e+02
1.46909e+01 1.03000e+02
1.48789e+01 1.03000e+02
1.50677e+01 1.03000e+02
1.52604e+01 1.03000e+02
1.54493e+01 1.03000e+02
1.56382e+01 1.03000e+02
1.58280e+01 1.03000e+02
1.60167e+01 1.03000e+02
1.62066e+01 1.03000e+02
1.63997e+01 1.03000e+02
1.65886e+01 1.03000e+02
1.67782e+01 1.03000e+02
1.69668e+01 1.03000e+02
1.71553e+01 1.03000e+02
1.73475e+01 1.03000e+02
1.75358e+01 1.03000e+02
1.77254e+01 1.03000e+02
1.79140e+01 1.03000e+02
1.81013e+01 1.03000e+02
1.82939e+01 1.03000e+02
1.84841e+01 1.03000e+02
1.86792e+01 1.03000e+02
1.88661e+01 1.03000e+02
1.90541e+01 1.03000e+02
1.92459e+01 1.03000e+02
1.94353e+01 1.03000e+02
1.96241e+01 1.03000e+02
1.98134e+01 1.03000e+02
2.00014e+01 1.03000e+02
2.01910e+01 1.03000e+02
2.03828e+01 1.03000e+02
2.05722e+01 1.03000e+02
2.07618e+01 1.03000e+02
2.09511e+01 1.03000e+02
2.11407e+01 1.03000e+02
2.13348e+01 1.03000e+02
2.15251e+01 1.03000e+02
2.17148e+01 1.03000e+02
2.19027e+01 1.03000e+02
2.20903e+01 1.03000e+02
2.22974e+01 1.03000e+02
2.25021e+01 1.03000e+02
2.26914e+01 1.03000e+02
2.28811e+01 1.03000e+02
2.30706e+01 1.03000e+02
2.32625e+01 1.03000e+02
2.34502e+01 1.03000e+02
2.36386e+01 1.03000e+02
2.38279e+01 1.03000e+02
2.40157e+01 1.03000e+02
2.42044e+01 1.03000e+02
2.43959e+01 1.03000e+02
2.45839e+01 1.03000e+02
2.47725e+01 1.03000e+02
2.49614e+01 1.03000e+02
2.51492e+01 1.03000e+02
2.53407e+01 1.03000e+02
2.55279e+01 1.03000e+02
2.57156e+01 1.03000e+02
2.59031e+01 1.03000e+02
2.60918e+01 1.03000e+02
2.62833e+01 1.03000e+02
2.64717e+01 1.03000e+02
2.66609e+01 1.03000e+02
2.68651e+01 1.03000e+02
2.70601e+01 1.03000e+02
2.72522e+01 1.03000e+02
2.74408e+01 1.03000e+02
2.76299e+01 1.03000e+02
2.78196e+01 1.03000e+02
2.80087e+01 1.03000e+02
2.81974e+01 1.03000e+02
2.83884e+01 1.03000e+02
2.85757e+01 1.03000e+02
2.87646e+01 1.03000e+02
2.89532e+01 1.03000e+02
2.91406e+01 1.03000e+02
2.93326e+01 1.03000e+02
2.95229e+01 1.03000e+02
2.97112e+01 1.03000e+02
2.98987e+01 1.03000e+02
3.00861e+01 1.03000e+02
3.02777e+01 1.03000e+02
3.04658e+01 1.03000e+02
3.06562e+01 1.03000e+02
3.08461e+01 1.03000e+02
3.10357e+01 1.03000e+02
3.12251e+01 1.03000e+02
3.14178e+01 1.03000e+02
3.16074e+01 1.03000e+02
3.17970e+01 1.03000e+02
3.19863e+01 1.03000e+02
3.21750e+01 1.03000e+02
3.23672e+01 1.03000e+02
3.25551e+01 1.03000e+02
3.27428e+01 1.03000e+02
3.29302e+01 1.03000e+02
3.31186e+01 1.03000e+02
3.33103e+01 1.03000e+02
3.34991e+01 1.03000e+02
3.36875e+01 1.03000e+02
3.38764e+01 1.03000e+02
3.40655e+01 1.03000e+02
3.42566e+01 1.03000e+02
3.44462e+01 1.03000e+02
3.46362e+01 1.03000e+02
3.48245e+01 1.03000e+02
3.50135e+01 1.03000e+02
3.52023e+01 1.03000e+02
3.53933e+01 1.03000e+02
3.55815e+01 1.03000e+02
3.57703e+01 1.03000e+02
3.59585e+01 1.03000e+02
3.61473e+01 1.03000e+02
3.63386e+01 1.03000e+02
3.65277e+01 1.03000e+02
3.67164e+01 1.03000e+02
3.69046e+01 1.03000e+02
3.70941e+01 1.03000e+02
3.72987e+01 1.03000e+02
3.74962e+01 1.03000e+02
3.76868e+01 1.03000e+02
3.78754e+01 1.03000e+02
3.80632e+01 1.03000e+02
3.82536e+01 1.03000e+02
3.84438e+01 1.03000e+02
3.86329e+01 1.03000e+02
3.88218e+01 1.03000e+02
3.90104e+01 1.03000e+02
3.91989e+01 1.03000e+02
3.93903e+01 1.03000e+02
3.95789e+01 1.03000e+02
3.97670e+01 1.03000e+02
3.99550e+01 1.03000e+02
4.01453e+01 1.03000e+02
4.03377e+01 1.03000e+02
4.05270e+01 1.03000e+02
4.07161e+01 1.03000e+02
4.09056e+01 1.03000e+02
4.10960e+01 1.03000e+02
4.12889e+01 1.03000e+02
4.14792e+01 1.03000e+02
4.16678e+01 1.03000e+02
4.18587e+01 1.03000e+02
4.20477e+01 1.03000e+02
4.22346e+01 1.03000e+02
4.24258e+01 1.03000e+02
4.26135e+01 1.03000e+02
4.28036e+01 1.03000e+02
4.29934e+01 1.03000e+02
4.31824e+01 1.03000e+02
4.33757e+01 1.03000e+02
4.35643e+01 1.03000e+02
4.37543e+01 1.03000e+02
4.39423e+01 1.03000e+02
4.41294e+01 1.03000e+02
4.43206e+01 1.03000e+02
4.45094e+01 1.03000e+02
4.46972e+01 1.03000e+02
4.48851e+01 1.03000e+02
4.50734e+01 1.03000e+02
4.52619e+01 1.03000e+02
4.54526e+01 1.03000e+02
4.56414e+01 1.03000e+02
4.58309e+01 1.03000e+02
4.60199e+01 1.03000e+02
4.62073e+01 1.03000e+02
4.63984e+01 1.03000e+02
4.65859e+01 1.03000e+02
4.67741e+01 1.03000e+02
4.69616e+01 1.03000e+02
4.71503e+01 1.03000e+02
4.73414e+01 1.03000e+02
4.75300e+01 1.03000e+02
4.77200e+01 1.03000e+02
4.79097e+01 1.03000e+02
4.80971e+01 1.03000e+02
4.82894e+01 1.03000e+02
4.84787e+01 1.03000e+02
4.86688e+01 1.03000e+02
4.88570e+01 1.03000e+02
4.90440e+01 1.03000e+02
4.92310e+01 1.03000e+02
4.94232e+01 1.03000e+02
4.96124e+01 1.03000e+02
4.98016e+01 1.03000e+02
4.99893e+01 1.03000e+02
5.01789e+01 1.03000e+02
5.03704e+01 1.03000e+02
5.05597e+01 1.03000e+02
5.07474e+01 1.03000e+02
5.09341e+01 1.03000e+02
5.11221e+01 1.03000e+02
5.13128e+01 1.03000e+02
5.15019e+01 1.03000e+02
5.16907e+01 1.03000e+02
5.18783e+01 1.03000e+02
5.20655e+01 1.03000e+02
5.22669e+01 1.03000e+02
5.24704e+01 1.03000e+02
5.26587e+01 1.03000e+02
5.28474e+01 1.03000e+02
5.30352e+01 1.03000e+02
5.32220e+01 1.03000e+02
5.34131e+01 1.03000e+02
5.36016e+01 1.03000e+02
5.37912e+01 1.03000e+02
5.39790e+01 1.03000e+02
5.41682e+01 1.03000e+02
5.43611e+01 1.03000e+02
5.45498e+01 1.03000e+02
5.47378e+01 1.03000e+02
5.49262e+01 1.03000e+02
5.51143e+01 1.03000e+02
5.53047e+01 1.03000e+02
5.54927e+01 1.03000e+02
5.56813e+01 1.03000e+02
5.58693e+01 1.03000e+02
5.60571e+01 1.03000e+02
5.62443e+01 1.03000e+02
5.64366e+01 1.03000e+02
5.66238e+01 1.03000e+02
5.68162e+01 1.03000e+02
5.70036e+01 1.03000e+02
5.71909e+01 1.03000e+02
5.73821e+01 1.03000e+02
5.75702e+01 1.03000e+02
5.77574e+01 1.03000e+02
5.79455e+01 1.03000e+02
5.81334e+01 1.03000e+02
5.83248e+01 1.03000e+02
5.85143e+01 1.03000e+02
5.87026e+01 1.03000e+02
5.88912e+01 1.03000e+02
5.90814e+01 1.03000e+02
5.92705e+01 1.03000e+02
5.94626e+01 1.03000e+02
5.96508e+01 1.03000e+02
5.98365e+01 1.03000e+02
6.00240e+01 1.03000e+02
6.02123e+01 1.03000e+02
6.04029e+01 1.03000e+02
6.05909e+01 1.03000e+02
6.07791e+01 1.03000e+02
6.09678e+01 1.03000e+02
6.11556e+01 1.03000e+02
6.13471e+01 1.03000e+02
6.15356e+01 1.03000e+02
6.17242e+01 1.03000e+02
6.19132e+01 1.03000e+02
6.21007e+01 1.03000e+02
6.22916e+01 1.03000e+02
6.24821e+01 1.03000e+02
6.26682e+01 1.03000e+02
6.28563e+01 1.03000e+02
6.30439e+01 1.03000e+02
6.32312e+01 1.03000e+02
6.34225e+01 1.03000e+02
6.36112e+01 1.03000e+02
6.38002e+01 1.03000e+02
6.39874e+01 1.03000e+02
6.41755e+01 1.03000e+02
6.43665e+01 1.03000e+02
6.45566e+01 1.03000e+02
6.47454e+01 1.03000e+02
6.49351e+01 1.03000e+02
6.51240e+01 1.03000e+02
6.53149e+01 1.03000e+02
6.55039e+01 1.03000e+02
6.56933e+01 1.03000e+02
6.58815e+01 1.03000e+02
6.60707e+01 1.03000e+02
6.62593e+01 1.03000e+02
6.64521e+01 1.03000e+02
6.66409e+01 1.03000e+02
6.68306e+01 1.03000e+02
6.70196e+01 1.03000e+02
6.72147e+01 1.03000e+02
6.74277e+01 1.03000e+02
6.76156e+01 1.03000e+02
6.78036e+01 1.03000e+02
6.79917e+01 1.03000e+02
6.81812e+01 1.03000e+02
6.83720e+01 1.03000e+02
6.85620e+01 1.03000e+02
6.87523e+01 1.03000e+02
6.89422e+01 1.03000e+02
6.91303e+01 1.03000e+02
6.93206e+01 1.03000e+02
6.95096e+01 1.03000e+02
6.96988e+01 1.03000e+02
6.98873e+01 1.03000e+02
7.00753e+01 1.03000e+02
7.02634e+01 1.03000e+02
7.04560e+01 1.03000e+02
7.06451e+01 1.03000e+02
7.08336e+01 1.03000e+02
7.10220e+01 1.03000e+02
7.12106e+01 1.03000e+02
7.14007e+01 1.03000e+02
7.15886e+01 1.03000e+02
7.17796e+01 1.03000e+02
7.19686e+01 1.03000e+02
7.21564e+01 1.03000e+02
7.23484e+01 1.03000e+02
7.25370e+01 1.03000e+02
7.27251e+01 1.03000e+02
7.29130e+01 1.03000e+02
7.30999e+01 1.03000e+02
7.32876e+01 1.03000e+02
7.34788e+01 1.03000e+02
7.36681e+01 1.03000e+02
7.38582e+01 1.03000e+02
7.40470e+01 1.03000e+02
7.42348e+01 1.03000e+02
7.44268e+01 1.03000e+02
7.46153e+01 1.03000e+02
7.48029e+01 1.03000e+02
7.49931e+01 1.03000e+02
7.51826e+01 1.03000e+02
7.53758e+01 1.03000e+02
7.55648e+01 1.03000e+02
7.57546e+01 1.03000e+02
7.59433e+01 1.03000e+02
7.61322e+01 1.03000e+02
7.63223e+01 1.03000e+02
7.65134e+01 1.03000e+02
7.67019e+01 1.03000e+02
7.68904e+01 1.03000e+02
7.70790e+01 1.03000e+02
7.72672e+01 1.03000e+02
7.74585e+01 1.03000e+02
7.76465e+01 1.03000e+02
7.78335e+01 1.03000e+02
7.80217e+01 1.03000e+02
7.82097e+01 1.03000e+02
7.84016e+01 1.03000e+02
7.85928e+01 1.03000e+02
7.87865e+01 1.03000e+02
7.89756e+01 1.03000e+02
7.91645e+01 1.03000e+02
7.93550e+01 1.03000e+02
7.95429e+01 1.03000e+02
7.97305e+01 1.03000e+02
7.99168e+01 1.03000e+02
8.01043e+01 1.03000e+02
8.02911e+01 1.03000e+02
8.04820e+01 1.03000e+02
8.06712e+01 1.03000e+02
8.08592e+01 1.03000e+02
8.10477e+01 1.03000e+02
8.12354e+01 1.03000e+02
8.14285e+01 1.03000e+02
8.16170e+01 1.03000e+02
8.18065e+01 1.03000e+02
8.19955e+01 1.03000e+02
8.21845e+01 1.03000e+02
8.24009e+01 1.03000e+02
8.25983e+01 1.03000e+02
8.27871e+01 1.03000e+02
8.29750e+01 1.03000e+02
8.31627e+01 1.03000e+02
8.33544e+01 1.03000e+02
8.35430e+01 1.03000e+02
8.37317e+01 1.03000e+02
8.39213e+01 1.03000e+02
8.41109e+01 1.03000e+02
8.42995e+01 1.03000e+02
8.44913e+01 1.03000e+02
8.46787e+01 1.03000e+02
8.48653e+01 1.03000e+02
8.50534e+01 1.03000e+02
8.52411e+01 1.03000e+02
8.54320e+01 1.03000e+02
8.56204e+01 1.03000e+02
8.58101e+01 1.03000e+02
8.59989e+01 1.03000e+02
8.61875e+01 1.03000e+02
8.63791e+01 1.03000e+02
8.65671e+01 1.03000e+02
8.67568e+01 1.03000e+02
8.69465e+01 1.03000e+02
8.71338e+01 1.03000e+02
8.73229e+01 1.03000e+02
8.75149e+01 1.03000e+02
8.77044e+01 1.03000e+02
8.78924e+01 1.03000e+02
8.80812e+01 1.03000e+02
8.82688e+01 1.03000e+02
8.84615e+01 1.03000e+02
8.86519e+01 1.03000e+02
8.88412e+01 1.03000e+02
8.90304e+01 1.03000e+02
8.92194e+01 1.03000e+02
8.94124e+01 1.03000e+02
8.96015e+01 1.03000e+02
8.97919e+01 1.03000e+02
8.99804e+01 1.03000e+02
9.01688e+01 1.03000e+02
9.03608e+01 1.03000e+02
9.05513e+01 1.03000e+02
9.07403e+01 1.03000e+02
9.09297e+01 1.03000e+02
9.11189e+01 1.03000e+02
9.13078e+01 1.03000e+02
9.15006e+01 1.03000e+02
9.16895e+01 1.03000e+02
9.18774e+01 1.03000e+02
9.20653e+01 1.03000e+02
9.22536e+01 1.03000e+02
9.24455e+01 1.03000e+02
9.26343e+01 1.03000e+02
9.28239e+01 1.03000e+02
9.30136e+01 1.03000e+02
9.32011e+01 1.03000e+02
9.33932e+01 1.03000e+02
9.35861e+01 1.03000e+02
9.37752e+01 1.03000e+02
9.39652e+01 1.03000e+02
9.41542e+01 1.03000e+02
9.43456e+01 1.03000e+02
9.45363e+01 1.03000e+02
9.47250e+01 1.03000e+02
9.49131e+01 1.03000e+02
9.51022e+01 1.03000e+02
9.52916e+01 1.03000e+02
9.54839e+01 1.03000e+02
9.56722e+01 1.03000e+02
9.58617e+01 1.03000e+02
9.60515e+01 1.03000e+02
9.62401e+01 1.03000e+02
9.64309e+01 1.03000e+02
9.66214e+01 1.03000e+02
9.68094e+01 1.03000e+02
9.69977e+01 1.03000e+02
9.71873e+01 1.03000e+02
9.74043e+01 1.03000e+02
9.75988e+01 1.03000e+02
9.77874e+01 1.03000e+02
9.79756e+01 1.03000e+02
9.81646e+01 1.03000e+02
9.83541e+01 1.03000e+02
9.85445e+01 1.03000e+02
9.87332e+01 1.03000e+02
9.89227e+01 1.03000e+02
9.91125e+01 1.03000e+02
9.93018e+01 1.03000e+02
9.94931e+01 1.03000e+02
9.96830e+01 1.03000e+02
9.98709e+01 1.03000e+02
1.00060e+02 1.03000e+02
1.00248e+02 1.03000e+02
1.00440e+02 1.03000e+02
1.00631e+02 1.03000e+02
1.00820e+02 1.03000e+02
1.01010e+02 1.03000e+02
1.01198e+02 1.03000e+02
1.01388e+02 1.03000e+02
1.01576e+02 1.03000e+02
1.01767e+02 1.03000e+02
1.01956e+02 1.03000e+02
1.02146e+02 1.03000e+02
1.02335e+02 1.03000e+02
1.02527e+02 1.03000e+02
1.02717e+02 1.03000e+02
1.02907e+02 1.03000e+02
1.03097e+02 1.03000e+02
1.03287e+02 1.03000e+02
1.03480e+02 1.03000e+02
1.03670e+02 1.03000e+02
1.03859e+02 1.03000e+02
1.04048e+02 1.03000e+02
1.04237e+02 1.03000e+02
1.04429e+02 1.03000e+02
1.04619e+02 1.03000e+02
1.04810e+02 1.03000e+02
1.05002e+02 1.03000e+02
1.05191e+02 1.03000e+02
1.05383e+02 1.03000e+02
1.05572e+02 1.03000e+02
1.05761e+02 1.03000e+02
1.05951e+02 1.03000e+02
1.06141e+02 1.03000e+02
1.06332e+02 1.03000e+02
1.06526e+02 1.03000e+02
1.06716e+02 1.03000e+02
1.06905e+02 1.03000e+02
1.07095e+02 1.03000e+02
1.07283e+02 1.03000e+02
1.07476e+02 1.03000e+02
1.07664e+02 1.03000e+02
1.07853e+02 1.03000e+02
1.08042e+02 1.03000e+02
1.08230e+02 1.03000e+02
1.08422e+02 1.03000e+02
1.08611e+02 1.03000e+02
1.08801e+02 1.03000e+02
1.08988e+02 1.03000e+02
1.09176e+02 1.03000e+02
1.09366e+02 1.03000e+02
1.09557e+02 1.03000e+02
1.09745e+02 1.03000e+02
1.09934e+02 1.03000e+02
1.10122e+02 1.03000e+02
1.10310e+02 1.03000e+02
1.10501e+02 1.03000e+02
1.10691e+02 1.03000e+02
1.10879e+02 1.03000e+02
1.11067e+02 1.03000e+02
1.11255e+02 1.03000e+02
1.11446e+02 1.03000e+02
1.11637e+02 1.03000e+02
1.11826e+02 1.03000e+02
1.12015e+02 1.03000e+02
1.12207e+02 1.03000e+02
1.12421e+02 1.03000e+02
1.12615e+02 1.03000e+02
1.12803e+02 1.03000e+02
1.12991e+02 1.03000e+02
1.13179e+02 1.03000e+02
1.13369e+02 1.03000e+02
1.13558e+02 1.03000e+02
1.13747e+02 1.03000e+02
1.13937e+02 1.03000e+02
1.14126e+02 1.03000e+02
1.14315e+02 1.03000e+02
1.14507e+02 1.03000e+02
1.14694e+02 1.03000e+02
1.14883e+02 1.03000e+02
1.15071e+02 1.03000e+02
1.15258e+02 1.03000e+02
1.15448e+02 1.03000e+02
1.15637e+02 1.03000e+02
1.15824e+02 1.03000e+02
1.16013e+02 1.03000e+02
1.16201e+02 1.03000e+02
1.16390e+02 1.03000e+02
1.16579e+02 1.03000e+02
1.16774e+02 1.03000e+02
1.16972e+02 1.03000e+02
1.17162e+02 1.03000e+02
1.17348e+02 1.03000e+02
1.17540e+02 1.03000e+02
1.17726e+02 1.03000e+02
1.17915e+02 1.03000e+02
1.18103e+02 1.03000e+02
1.18290e+02 1.03000e+02
1.18480e+02 1.03000e+02
1.18668e+02 1.03000e+02
1.18856e+02 1.03000e+02
1.19043e+02 1.03000e+02
1.19230e+02 1.03000e+02
1.19421e+02 1.03000e+02
1.19609e+02 1.03000e+02
1.19797e+02 1.03000e+02
1.19984e+02 1.03000e+02
1.20172e+02 1.03000e+02
1.20359e+02 1.03000e+02
1.20549e+02 1.03000e+02
1.20737e+02 1.03000e+02
1.20924e+02 1.03000e+02
1.21113e+02 1.03000e+02
1.21300e+02 1.03000e+02
1.21491e+02 1.03000e+02
1.21680e+02 1.03000e+02
1.21868e+02 1.03000e+02
1.22056e+02 1.03000e+02
1.22245e+02 1.03000e+02
1.22434e+02 1.03000e+02
1.22623e+02 1.03000e+02
1.22812e+02 1.03000e+02
1.23000e+02 1.03000e+02
1.23188e+02 1.03000e+02
1.23376e+02 1.03000e+02
1.23566e+02 1.03000e+02
1.23753e+02 1.03000e+02
1.23942e+02 1.03000e+02
1.24129e+02 1.03000e+02
1.24316e+02 1.03000e+02
1.24507e+02 1.03000e+02
1.24696e+02 1.03000e+02
1.24883e+02 1.03000e+02
1.25071e+02 1.03000e+02
1.25258e+02 1.03000e+02
1.25449e+02 1.03000e+02
1.25636e+02 1.03000e+02
1.25824e+02 1.03000e+02
1.26010e+02 1.03000e+02
1.26197e+02 1.03000e+02
1.26387e+02 1.03000e+02
1.26576e+02 1.03000e+02
1.26765e+02 1.03000e+02
1.26953e+02 1.03000e+02
1.27141e+02 1.03000e+02
1.27339e+02 1.03000e+02
1.27537e+02 1.03000e+02
1.27726e+02 1.03000e+02
1.27915e+02 1.03000e+02
1.28104e+02 1.03000e+02
1.28292e+02 1.03000e+02
1.28484e+02 1.03000e+02
1.28673e+02 1.03000e+02
1.28862e+02 1.03000e+02
1.29050e+02 1.03000e+02
1.29238e+02 1.03000e+02
1.29429e+02 1.03000e+02
1.29618e+02 1.03000e+02
1.29805e+02 1.03000e+02
1.29993e+02 1.03000e+02
1.30182e+02 1.03000e+02
1.30370e+02 1.03000e+02
1.30562e+02 1.03000e+02
1.30751e+02 1.03000e+02
1.30939e+02 1.03000e+02
1.31127e+02 1.03000e+02
1.31316e+02 1.03000e+02
1.31509e+02 1.03000e+02
1.31698e+02 1.03000e+02
1.31887e+02 1.03000e+02
1.32076e+02 1.03000e+02
1.32264e+02 1.03000e+02
1.32456e+02 1.03000e+02
1.32645e+02 1.03000e+02
1.32831e+02 1.03000e+02
1.33019e+02 1.03000e+02
1.33206e+02 1.03000e+02
1.33396e+02 1.03000e+02
1.33588e+02 1.03000e+02
1.33776e+02 1.03000e+02
1.33965e+02 1.03000e+02
1.34152e+02 1.03000e+02
1.34340e+02 1.03000e+02
1.34530e+02 1.03000e+02
1.34718e+02 1.03000e+02
1.34906e+02 1.03000e+02
1.35094e+02 1.03000e+02
1.35282e+02 1.03000e+02
1.35474e+02 1.03000e+02
1.35663e+02 1.03000e+02
1.35851e+02 1.03000e+02
1.36039e+02 1.03000e+02
1.36227e+02 1.03000e+02
1.36420e+02 1.03000e+02
1.36608e+02 1.03000e+02
1.36797e+02 1.03000e+02
1.36985e+02 1.03000e+02
1.37173e+02 1.03000e+02
1.37360e+02 1.03000e+02
1.37550e+02 1.03000e+02
1.37736e+02 1.03000e+02
1.37923e+02 1.03000e+02
1.38111e+02 1.03000e+02
1.38299e+02 1.03000e+02
1.38491e+02 1.03000e+02
1.38681e+02 1.03000e+02
1.38874e+02 1.03000e+02
1.39063e+02 1.03000e+02
1.39251e+02 1.03000e+02
1.39442e+02 1.03000e+02
1.39631e+02 1.03000e+02
1.39818e+02 1.03000e+02
1.40006e+02 1.03000e+02
1.40194e+02 1.03000e+02
1.40382e+02 1.03000e+02
1.40574e+02 1.03000e+02
1.40762e+02 1.03000e+02
1.40951e+02 1.03000e+02
1.41140e+02 1.03000e+02
1.41328e+02 1.03000e+02
1.41520e+02 1.03000e+02
1.41709e+02 1.03000e+02
1.41897e+02 1.03000e+02
1.42086e+02 1.03000e+02
1.42291e+02 1.03000e+02
1.42498e+02 1.03000e+02
1.42688e+02 1.03000e+02
1.42876e+02 1.03000e+02
1.43064e+02 1.03000e+02
1.43254e+02 1.03000e+02
1.43444e+02 1.03000e+02
1.43633e+02 1.03000e+02
1.43823e+02 1.03000e+02
1.44012e+02 1.03000e+02
1.44200e+02 1.03000e+02
1.44388e+02 1.03000e+02
1.44582e+02 1.03000e+02
1.44770e+02 1.03000e+02
1.44958e+02 1.03000e+02
1.45148e+02 1.03000e+02
1.45336e+02 1.03000e+02
1.45527e+02 1.03000e+02
1.45718e+02 1.03000e+02
1.45907e+02 1.03000e+02
1.46096e+02 1.03000e+02
1.46284e+02 1.03000e+02
1.46476e+02 1.03000e+02
1.46664e+02 1.03000e+02
1.46856e+02 1.03000e+02
1.47044e+02 1.03000e+02
1.47232e+02 1.03000e+02
1.47422e+02 1.03000e+02
1.47611e+02 1.03000e+02
1.47799e+02 1.03000e+02
1.47987e+02 1.03000e+02
1.48173e+02 1.03000e+02
1.48362e+02 1.03000e+02
1.48554e+02 1.03000e+02
1.48743e+02 1.03000e+02
1.48930e+02 1.03000e+02
1.49117e+02 1.03000e+02
1.49306e+02 1.03000e+02
1.49496e+02 1.03000e+02
1.49684e+02 1.03000e+02
1.49873e+02 1.03000e+02
1.50061e+02 1.03000e+02
1.50249e+02 1.03000e+02
1.50439e+02 1.03000e+02
1.50629e+02 1.03000e+02
1.50818e+02 1.03000e+02
1.51006e+02 1.03000e+02
1.51194e+02 1.03000e+02
1.51381e+02 1.03000e+02
1.51573e+02 1.03000e+02
1.51760e+02 1.03000e+02
1.51947e+02 1.03000e+02
1.52134e+02 1.03000e+02
1.52323e+02 1.03000e+02
1.52514e+02 1.03000e+02
1.52703e+02 1.03000e+02
1.52893e+02 1.03000e+02
1.53080e+02 1.03000e+02
1.53268e+02 1.03000e+02
1.53457e+02 1.03000e+02
1.53645e+02 1.03000e+02
1.53833e+02 1.03000e+02
1.54020e+02 1.03000e+02
1.54208e+02 1.03000e+02
1.54396e+02 1.03000e+02
1.54587e+02 1.03000e+02
1.54774e+02 1.03000e+02
1.54962e+02 1.03000e+02
1.55151e+02 1.03000e+02
1.55339e+02 1.03000e+02
1.55530e+02 1.03000e+02
1.55719e+02 1.03000e+02
1.55907e+02 1.03000e+02
1.56095e+02 1.03000e+02
1.56283e+02 1.03000e+02
1.56473e+02 1.03000e+02
1.56661e+02 1.03000e+02
1.56849e+02 1.03000e+02
1.57038e+02 1.03000e+02
1.57237e+02 1.03000e+02
1.57445e+02 1.03000e+02
1.57634e+02 1.03000e+02
1.57822e+02 1.03000e+02
1.58012e+02 1.03000e+02
1.58198e+02 1.03000e+02
1.58385e+02 1.03000e+02
1.58576e+02 1.03000e+02
1.58765e+02 1.03000e+02
1.58954e+02 1.03000e+02
1.59144e+02 1.03000e+02
1.59332e+02 1.03000e+02
1.59523e+02 1.03000e+02
1.59711e+02 1.03000e+02
1.59899e+02 1.03000e+02
1.60088e+02 1.03000e+02
1.60277e+02 1.03000e+02
1.60469e+02 1.03000e+02
1.60659e+02 1.03000e+02
1.60849e+02 1.03000e+02
1.61040e+02 1.03000e+02
1.61228e+02 1.03000e+02
1.61416e+02 1.03000e+02
1.61608e+02 1.03000e+02
1.61797e+02 1.03000e+02
1.61986e+02 1.03000e+02
1.62174e+02 1.03000e+02
1.62361e+02 1.03000e+02
1.62552e+02 1.03000e+02
1.62740e+02 1.03000e+02
1.62928e+02 1.03000e+02
1.63117e+02 1.03000e+02
1.63307e+02 1.03000e+02
1.63500e+02 1.03000e+02
1.63689e+02 1.03000e+02
1.63879e+02 1.03000e+02
1.64067e+02 1.03000e+02
1.64257e+02 1.03000e+02
1.64449e+02 1.03000e+02
1.64638e+02 1.03000e+02
1.64825e+02 1.03000e+02
1.65014e+02 1.03000e+02
1.65202e+02 1.03000e+02
1.65389e+02 1.03000e+02
1.65580e+02 1.03000e+02
1.65769e+02 1.03000e+02
1.65957e+02 1.03000e+02
1.66146e+02 1.03000e+02
1.66334e+02 1.03000e+02
1.66525e+02 1.03000e+02
1.66712e+02 1.03000e+02
1.66900e+02 1.03000e+02
1.67088e+02 1.03000e+02
1.67278e+02 1.03000e+02
1.67469e+02 1.03000e+02
1.67658e+02 1.03000e+02
1.67846e+02 1.03000e+02
1.68034e+02 1.03000e+02
1.68222e+02 1.03000e+02
1.68412e+02 1.03000e+02
1.68603e+02 1.03000e+02
1.68792e+02 1.03000e+02
1.68978e+02 1.03000e+02
1.69166e+02 1.03000e+02
1.69355e+02 1.03000e+02
1.69548e+02 1.03000e+02
1.69736e+02 1.03000e+02
1.69924e+02 1.03000e+02
1.70112e+02 1.03000e+02
1.70301e+02 1.03000e+02
1.70492e+02 1.03000e+02
1.70681e+02 1.03000e+02
1.70869e+02 1.03000e+02
1.71058e+02 1.03000e+02
1.71247e+02 1.03000e+02
1.71436e+02 1.03000e+02
1.71628e+02 1.03000e+02
1.71818e+02 1.03000e+02
1.72006e+02 1.03000e+02
1.72197e+02 1.03000e+02
1.72407e+02 1.03000e+02
1.72600e+02 1.03000e+02
1.72789e+02 1.03000e+02
1.72976e+02 1.03000e+02
1.73165e+02 1.03000e+02
1.73356e+02 1.03000e+02
1.73545e+02 1.03000e+02
1.73733e+02 1.03000e+02
1.73922e+02 1.03000e+02
1.74111e+02 1.03000e+02
1.74301e+02 1.03000e+02
1.74493e+02 1.03000e+02
1.74681e+02 1.03000e+02
1.74869e+02 1.03000e+02
1.75057e+02 1.03000e+02
1.75246e+02 1.03000e+02
1.75435e+02 1.03000e+02
1.75627e+02 1.03000e+02
1.75816e+02 1.03000e+02
1.76005e+02 1.03000e+02
1.76194e+02 1.03000e+02
1.76383e+02 1.03000e+02
1.76574e+02 1.03000e+02
1.76765e+02 1.03000e+02
1.76955e+02 1.03000e+02
1.77144e+02 1.03000e+02
1.77334e+02 1.03000e+02
1.77527e+02 1.03000e+02
1.77716e+02 1.03000e+02
1.77905e+02 1.03000e+02
1.78094e+02 1.03000e+02
1.78284e+02 1.03000e+02
1.78476e+02 1.03000e+02
1.78665e+02 1.03000e+02
1.78855e+02 1.03000e+02
1.79045e+02 1.03000e+02
1.79235e+02 1.03000e+02
1.79423e+02 1.03000e+02
1.79615e+02 1.03000e+02
1.79805e+02 1.03000e+02
1.79994e+02 1.03000e+02
1.80181e+02 1.03000e+02
1.80370e+02 1.03000e+02
1.80562e+02 1.03000e+02
1.80751e+02 1.03000e+02
1.80941e+02 1.03000e+02
1.81130e+02 1.03000e+02
1.81320e+02 1.03000e+02
1.81513e+02 1.03000e+02
1.81702e+02 1.03000e+02
1.81890e+02 1.03000e+02
1.82079e+02 1.03000e+02
1.82267e+02 1.03000e+02
1.82457e+02 1.03000e+02
1.82648e+02 1.03000e+02
1.82836e+02 1.03000e+02
1.83024e+02 1.03000e+02
1.83213e+02 1.03000e+02
1.83402e+02 1.03000e+02
1.83595e+02 1.03000e+02
1.83784e+02 1.03000e+02
1.83972e+02 1.03000e+02
1.84160e+02 1.03000e+02
1.84349e+02 1.03000e+02
1.84542e+02 1.03000e+02
1.84732e+02 1.03000e+02
1.84923e+02 1.03000e+02
1.85111e+02 1.03000e+02
1.85299e+02 1.03000e+02
1.85492e+02 1.03000e+02
1.85681e+02 1.03000e+02
1.85870e+02 1.03000e+02
1.86057e+02 1.03000e+02
1.86244e+02 1.03000e+02
1.86433e+02 1.03000e+02
1.86627e+02 1.03000e+02
1.86817e+02 1.03000e+02
1.87006e+02 1.03000e+02
1.87197e+02 1.03000e+02
1.87406e+02 1.03000e+02
1.87598e+02 1.03000e+02
1.87788e+02 1.03000e+02
1.87977e+02 1.03000e+02
1.88165e+02 1.03000e+02
1.88354e+02 1.03000e+02
1.88547e+02 1.03000e+02
1.88736e+02 1.03000e+02
1.88925e+02 1.03000e+02
1.89112e+02 1.03000e+02
1.89301e+02 1.03000e+02
1.89494e+02 1.03000e+02
