1.99620e-02 6.63000e+02
2.16665e-01 4.17000e+02
4.11758e-01 3.98000e+02
6.05226e-01 3.58000e+02
7.99860e-01 3.49000e+02
9.95930e-01 3.58000e+02
1.18977e+00 3.75000e+02
1.38195e+00 3.09000e+02
1.57627e+00 2.98000e+02
1.76932e+00 2.86000e+02
1.96356e+00 2.70000e+02
2.15603e+00 1.90000e+02
2.34824e+00 2.06000e+02
2.53928e+00 1.88000e+02
2.72959e+00 1.86000e+02
2.92359e+00 2.02000e+02
3.11536e+00 1.87000e+02
3.30612e+00 2.03000e+02
3.49718e+00 2.47000e+02
3.68724e+00 1.91000e+02
3.88310e+00 2.30000e+02
4.07501e+00 2.36000e+02
4.26687e+00 2.18000e+02
4.45774e+00 1.56000e+02
4.65039e+00 1.87000e+02
4.84132e+00 2.06000e+02
5.03564e+00 2.05000e+02
5.22754e+00 2.21000e+02
5.41807e+00 2.44000e+02
5.60871e+00 2.41000e+02
5.79946e+00 2.29000e+02
5.99145e+00 2.37000e+02
6.18241e+00 2.38000e+02
6.37193e+00 3.02000e+02
6.56192e+00 2.45000e+02
6.75244e+00 2.17000e+02
6.94561e+00 2.14000e+02
7.13413e+00 2.04000e+02
7.32474e+00 2.23000e+02
7.51582e+00 2.58000e+02
7.70625e+00 2.26000e+02
7.89988e+00 2.50000e+02
8.08948e+00 2.03000e+02
8.27843e+00 1.68000e+02
8.46810e+00 2.08000e+02
8.65662e+00 2.02000e+02
8.84771e+00 1.85000e+02
9.04182e+00 1.91000e+02
9.23352e+00 1.63000e+02
9.42338e+00 1.60000e+02
9.61363e+00 1.43000e+02
9.80466e+00 1.47000e+02
9.99842e+00 1.73000e+02
1.01897e+01 1.38000e+02
1.03791e+01 1.64000e+02
1.05692e+01 2.14000e+02
1.07593e+01 2.11000e+02
1.09524e+01 2.51000e+02
1.11420e+01 2.00000e+02
1.13546e+01 2.28000e+02
1.15633e+01 2.28000e+02
1.17558e+01 2.54000e+02
1.19509e+01 2.41000e+02
1.21430e+01 2.41000e+02
1.23337e+01 2.32000e+02
1.25245e+01 2.62000e+02
1.27156e+01 2.63000e+02
1.29101e+01 3.29000e+02
1.31025e+01 3.02000e+02
1.32926e+01 2.88000e+02
1.34828e+01 2.59000e+02
1.36735e+01 3.52000e+02
1.38681e+01 2.75000e+02
1.40591e+01 3.00000e+02
1.42507e+01 2.53000e+02
1.44421e+01 3.05000e+02
1.46312e+01 3.12000e+02
1.48229e+01 3.14000e+02
1.50168e+01 3.36000e+02
1.52078e+01 2.64000e+02
1.53984e+01 2.63000e+02
1.55887e+01 2.07000e+02
1.57803e+01 1.78000e+02
1.59746e+01 1.37000e+02
1.61646e+01 1.35000e+02
1.63547e+01 1.64000e+02
1.65442e+01 1.62000e+02
1.67334e+01 1.78000e+02
1.69269e+01 1.60000e+02
1.71179e+01 1.84000e+02
1.73091e+01 1.80000e+02
1.75000e+01 1.24000e+02
1.76911e+01 1.82000e+02
1.78839e+01 1.37000e+02
1.80733e+01 1.70000e+02
1.82624e+01 1.75000e+02
1.84527e+01 1.68000e+02
1.86433e+01 1.70000e+02
1.88326e+01 1.72000e+02
1.90257e+01 2.00000e+02
1.92163e+01 2.58000e+02
1.94074e+01 2.30000e+02
1.95969e+01 2.43000e+02
1.97871e+01 2.08000e+02
1.99818e+01 2.03000e+02
2.01729e+01 1.69000e+02
2.03634e+01 1.41000e+02
2.05531e+01 1.02000e+02
2.07426e+01 1.22000e+02
2.09345e+01 1.23000e+02
2.11245e+01 1.38000e+02
2.13144e+01 1.14000e+02
2.15049e+01 1.57000e+02
2.16948e+01 1.58000e+02
2.18875e+01 1.63000e+02
2.20792e+01 1.15000e+02
2.22701e+01 1.39000e+02
2.24618e+01 1.53000e+02
2.26532e+01 1.59000e+02
2.28444e+01 1.72000e+02
2.30402e+01 1.31000e+02
2.32325e+01 1.23000e+02
2.34234e+01 1.79000e+02
2.36139e+01 1.67000e+02
2.38024e+01 1.80000e+02
2.39968e+01 2.65000e+02
2.41886e+01 2.41000e+02
2.43796e+01 1.96000e+02
2.45714e+01 2.44000e+02
2.47615e+01 2.21000e+02
2.49562e+01 2.30000e+02
2.51470e+01 1.96000e+02
2.53371e+01 1.92000e+02
2.55272e+01 2.27000e+02
2.57185e+01 2.18000e+02
2.59103e+01 1.64000e+02
2.61008e+01 1.70000e+02
2.63108e+01 1.75000e+02
2.65159e+01 1.39000e+02
2.67079e+01 1.89000e+02
2.69035e+01 2.00000e+02
2.70958e+01 1.96000e+02
2.72879e+01 2.10000e+02
2.74798e+01 1.72000e+02
2.76712e+01 1.61000e+02
2.78617e+01 1.30000e+02
2.80556e+01 1.94000e+02
2.82476e+01 2.18000e+02
2.84400e+01 1.76000e+02
2.86319e+01 2.29000e+02
2.88220e+01 1.92000e+02
2.90158e+01 2.01000e+02
2.92068e+01 2.17000e+02
2.93971e+01 1.68000e+02
2.95880e+01 1.59000e+02
2.97797e+01 1.62000e+02
2.99757e+01 1.76000e+02
3.01662e+01 1.82000e+02
3.03572e+01 1.77000e+02
3.05480e+01 1.37000e+02
3.07437e+01 1.19000e+02
3.09469e+01 9.90000e+01
3.11381e+01 1.10000e+02
3.13295e+01 1.09000e+02
3.15212e+01 9.90000e+01
3.17114e+01 9.80000e+01
3.19042e+01 1.15000e+02
3.20945e+01 1.12000e+02
3.22858e+01 1.20000e+02
3.24748e+01 9.50000e+01
3.26650e+01 1.07000e+02
3.28546e+01 1.28000e+02
3.30473e+01 1.31000e+02
3.32376e+01 1.11000e+02
3.34292e+01 1.04000e+02
3.36182e+01 8.80000e+01
3.38085e+01 8.80000e+01
3.40023e+01 8.80000e+01
3.41928e+01 8.80000e+01
3.43836e+01 8.80000e+01
3.45747e+01 8.80000e+01
3.47641e+01 8.80000e+01
3.49578e+01 8.80000e+01
3.51485e+01 8.80000e+01
3.53379e+01 8.80000e+01
3.55293e+01 8.80000e+01
3.57184e+01 8.80000e+01
3.59103e+01 8.80000e+01
3.61014e+01 8.80000e+01
3.62917e+01 8.80000e+01
3.64819e+01 8.80000e+01
3.66721e+01 8.80000e+01
3.68620e+01 8.80000e+01
3.70548e+01 8.80000e+01
3.72451e+01 8.80000e+01
3.74347e+01 8.80000e+01
3.76243e+01 8.80000e+01
3.78143e+01 8.80000e+01
3.80084e+01 8.80000e+01
3.82043e+01 8.80000e+01
3.84083e+01 8.80000e+01
3.86097e+01 8.80000e+01
3.88032e+01 8.80000e+01
3.89976e+01 8.80000e+01
3.91898e+01 8.80000e+01
3.93782e+01 8.80000e+01
3.95689e+01 8.80000e+01
3.97592e+01 8.80000e+01
3.99539e+01 8.80000e+01
4.01454e+01 8.80000e+01
4.03350e+01 8.80000e+01
4.05265e+01 8.80000e+01
4.07177e+01 8.80000e+01
4.09085e+01 8.80000e+01
4.11007e+01 8.80000e+01
4.13068e+01 8.80000e+01
4.15105e+01 8.80000e+01
4.16998e+01 8.80000e+01
4.18905e+01 8.80000e+01
4.20863e+01 8.80000e+01
4.22785e+01 8.80000e+01
4.24696e+01 8.80000e+01
4.26593e+01 8.80000e+01
4.28504e+01 8.80000e+01
4.30441e+01 8.80000e+01
4.32358e+01 8.80000e+01
4.34267e+01 8.80000e+01
4.36191e+01 8.80000e+01
4.38093e+01 8.80000e+01
4.40037e+01 8.80000e+01
4.41931e+01 8.80000e+01
4.43837e+01 8.80000e+01
4.45733e+01 8.80000e+01
4.47641e+01 8.80000e+01
4.49582e+01 8.80000e+01
4.51496e+01 8.80000e+01
4.53403e+01 8.80000e+01
4.55314e+01 8.80000e+01
4.57215e+01 8.80000e+01
4.59131e+01 8.80000e+01
4.61062e+01 8.80000e+01
4.62977e+01 8.80000e+01
4.64881e+01 8.80000e+01
4.66794e+01 8.80000e+01
4.68688e+01 8.80000e+01
4.70625e+01 8.80000e+01
4.72542e+01 8.80000e+01
4.74451e+01 8.80000e+01
4.76383e+01 8.80000e+01
4.78293e+01 8.80000e+01
4.80236e+01 8.80000e+01
4.82155e+01 8.80000e+01
4.84079e+01 8.80000e+01
4.85997e+01 8.80000e+01
4.87911e+01 8.80000e+01
4.89867e+01 8.80000e+01
4.91784e+01 8.80000e+01
4.93682e+01 8.80000e+01
4.95585e+01 8.80000e+01
4.97496e+01 8.80000e+01
4.99437e+01 8.80000e+01
5.01373e+01 8.80000e+01
5.03286e+01 8.80000e+01
5.05205e+01 8.80000e+01
5.07116e+01 8.80000e+01
5.09014e+01 8.80000e+01
5.10968e+01 8.80000e+01
5.12871e+01 8.80000e+01
5.14759e+01 8.80000e+01
5.16661e+01 8.80000e+01
5.18563e+01 8.80000e+01
5.20507e+01 8.80000e+01
5.22417e+01 8.80000e+01
5.24304e+01 8.80000e+01
5.26212e+01 8.80000e+01
5.28107e+01 8.80000e+01
5.30053e+01 8.80000e+01
5.31973e+01 8.80000e+01
5.33909e+01 8.80000e+01
5.35822e+01 8.80000e+01
5.37717e+01 8.80000e+01
5.39658e+01 8.80000e+01
5.41571e+01 8.80000e+01
5.43468e+01 8.80000e+01
5.45393e+01 8.80000e+01
5.47307e+01 8.80000e+01
5.49222e+01 8.80000e+01
5.51154e+01 8.80000e+01
5.53045e+01 8.80000e+01
5.54953e+01 8.80000e+01
5.56866e+01 8.80000e+01
5.58776e+01 8.80000e+01
5.60723e+01 8.80000e+01
5.62756e+01 8.80000e+01
5.64794e+01 8.80000e+01
5.66695e+01 8.80000e+01
5.68590e+01 8.80000e+01
5.70515e+01 8.80000e+01
5.72402e+01 8.80000e+01
5.74297e+01 8.80000e+01
5.76191e+01 8.80000e+01
5.78110e+01 8.80000e+01
5.80048e+01 8.80000e+01
5.81946e+01 8.80000e+01
5.83841e+01 8.80000e+01
5.85742e+01 8.80000e+01
5.87658e+01 8.80000e+01
5.89587e+01 8.80000e+01
5.91490e+01 8.80000e+01
5.93394e+01 8.80000e+01
5.95287e+01 8.80000e+01
5.97199e+01 8.80000e+01
5.99108e+01 8.80000e+01
6.01046e+01 8.80000e+01
6.02942e+01 8.80000e+01
6.04833e+01 8.80000e+01
6.06727e+01 8.80000e+01
6.08629e+01 8.80000e+01
6.10564e+01 8.80000e+01
6.12454e+01 8.80000e+01
6.14364e+01 8.80000e+01
6.16271e+01 8.80000e+01
6.18181e+01 8.80000e+01
6.20130e+01 8.80000e+01
6.22045e+01 8.80000e+01
6.23953e+01 8.80000e+01
6.25874e+01 8.80000e+01
6.27805e+01 8.80000e+01
6.29750e+01 8.80000e+01
6.31668e+01 8.80000e+01
6.33573e+01 8.80000e+01
6.35493e+01 8.80000e+01
6.37400e+01 8.80000e+01
6.39312e+01 8.80000e+01
6.41249e+01 8.80000e+01
6.43158e+01 8.80000e+01
6.45065e+01 8.80000e+01
6.46957e+01 8.80000e+01
6.48844e+01 8.80000e+01
6.50772e+01 8.80000e+01
6.52669e+01 8.80000e+01
6.54578e+01 8.80000e+01
6.56482e+01 8.80000e+01
6.58371e+01 8.80000e+01
6.60295e+01 8.80000e+01
6.62204e+01 8.80000e+01
6.64100e+01 8.80000e+01
6.66000e+01 8.80000e+01
6.67896e+01 8.80000e+01
6.69820e+01 8.80000e+01
6.71725e+01 8.80000e+01
6.73619e+01 8.80000e+01
6.75521e+01 8.80000e+01
6.77425e+01 8.80000e+01
6.79315e+01 8.80000e+01
6.81243e+01 8.80000e+01
6.83147e+01 8.80000e+01
6.85061e+01 8.80000e+01
6.86957e+01 8.80000e+01
6.88860e+01 8.80000e+01
6.90795e+01 8.80000e+01
6.92706e+01 8.80000e+01
6.94613e+01 8.80000e+01
6.96530e+01 8.80000e+01
6.98421e+01 8.80000e+01
7.00365e+01 8.80000e+01
7.02277e+01 8.80000e+01
7.04176e+01 8.80000e+01
7.06080e+01 8.80000e+01
7.07991e+01 8.80000e+01
7.09929e+01 8.80000e+01
7.11850e+01 8.80000e+01
7.13987e+01 8.80000e+01
7.15916e+01 8.80000e+01
7.17819e+01 8.80000e+01
7.19754e+01 8.80000e+01
7.21661e+01 8.80000e+01
7.23572e+01 8.80000e+01
7.25477e+01 8.80000e+01
7.27387e+01 8.80000e+01
7.29287e+01 8.80000e+01
7.31242e+01 8.80000e+01
7.33165e+01 8.80000e+01
7.35079e+01 8.80000e+01
7.36979e+01 8.80000e+01
7.38872e+01 8.80000e+01
7.40813e+01 8.80000e+01
7.42729e+01 8.80000e+01
7.44622e+01 8.80000e+01
7.46534e+01 8.80000e+01
7.48427e+01 8.80000e+01
7.50338e+01 8.80000e+01
7.52233e+01 8.80000e+01
7.54141e+01 8.80000e+01
7.56021e+01 8.80000e+01
7.58006e+01 8.80000e+01
7.59949e+01 8.80000e+01
7.61863e+01 8.80000e+01
7.63761e+01 8.80000e+01
7.65653e+01 8.80000e+01
7.67542e+01 8.80000e+01
7.69428e+01 8.80000e+01
7.71369e+01 8.80000e+01
7.73259e+01 8.80000e+01
7.75161e+01 8.80000e+01
7.77068e+01 8.80000e+01
7.78982e+01 8.80000e+01
7.80915e+01 8.80000e+01
7.82813e+01 8.80000e+01
7.84721e+01 8.80000e+01
7.86621e+01 8.80000e+01
7.88511e+01 8.80000e+01
7.90432e+01 8.80000e+01
7.92332e+01 8.80000e+01
7.94215e+01 8.80000e+01
7.96110e+01 8.80000e+01
7.97999e+01 8.80000e+01
7.99936e+01 8.80000e+01
8.01832e+01 8.80000e+01
8.03717e+01 8.80000e+01
8.05608e+01 8.80000e+01
8.07494e+01 8.80000e+01
8.09381e+01 8.80000e+01
8.11308e+01 8.80000e+01
8.13197e+01 8.80000e+01
8.15085e+01 8.80000e+01
8.16979e+01 8.80000e+01
8.18866e+01 8.80000e+01
8.20789e+01 8.80000e+01
8.22705e+01 8.80000e+01
8.24609e+01 8.80000e+01
8.26513e+01 8.80000e+01
8.28408e+01 8.80000e+01
8.30334e+01 8.80000e+01
8.32226e+01 8.80000e+01
8.34109e+01 8.80000e+01
8.36002e+01 8.80000e+01
8.37892e+01 8.80000e+01
8.39813e+01 8.80000e+01
8.41727e+01 8.80000e+01
8.43632e+01 8.80000e+01
8.45537e+01 8.80000e+01
8.47451e+01 8.80000e+01
8.49354e+01 8.80000e+01
8.51299e+01 8.80000e+01
8.53207e+01 8.80000e+01
8.55116e+01 8.80000e+01
8.57017e+01 8.80000e+01
8.58901e+01 8.80000e+01
8.60843e+01 8.80000e+01
8.62891e+01 8.80000e+01
8.64950e+01 8.80000e+01
8.66880e+01 8.80000e+01
8.68779e+01 8.80000e+01
8.70704e+01 8.80000e+01
8.72619e+01 8.80000e+01
8.74528e+01 8.80000e+01
8.76434e+01 8.80000e+01
8.78344e+01 8.80000e+01
8.80284e+01 8.80000e+01
8.82191e+01 8.80000e+01
8.84092e+01 8.80000e+01
8.85986e+01 8.80000e+01
8.87889e+01 8.80000e+01
8.89816e+01 8.80000e+01
8.91732e+01 8.80000e+01
8.93624e+01 8.80000e+01
8.95512e+01 8.80000e+01
8.97429e+01 8.80000e+01
8.99335e+01 8.80000e+01
9.01271e+01 8.80000e+01
9.03176e+01 8.80000e+01
9.05072e+01 8.80000e+01
9.07000e+01 8.80000e+01
9.09041e+01 8.80000e+01
9.11049e+01 8.80000e+01
9.12962e+01 8.80000e+01
9.14874e+01 8.80000e+01
9.16783e+01 8.80000e+01
9.18693e+01 8.80000e+01
9.20631e+01 8.80000e+01
9.22545e+01 8.80000e+01
9.24451e+01 8.80000e+01
9.26349e+01 8.80000e+01
9.28244e+01 8.80000e+01
9.30170e+01 8.80000e+01
9.32073e+01 8.80000e+01
9.33975e+01 8.80000e+01
9.35886e+01 8.80000e+01
9.37780e+01 8.80000e+01
9.39667e+01 8.80000e+01
9.41613e+01 8.80000e+01
9.43532e+01 8.80000e+01
9.45431e+01 8.80000e+01
9.47334e+01 8.80000e+01
9.49239e+01 8.80000e+01
9.51174e+01 8.80000e+01
9.53089e+01 8.80000e+01
9.54988e+01 8.80000e+01
9.56895e+01 8.80000e+01
9.58805e+01 8.80000e+01
9.60741e+01 8.80000e+01
9.62663e+01 8.80000e+01
9.64570e+01 8.80000e+01
9.66460e+01 8.80000e+01
9.68369e+01 8.80000e+01
9.70290e+01 8.80000e+01
9.72203e+01 8.80000e+01
9.74110e+01 8.80000e+01
9.76028e+01 8.80000e+01
9.77981e+01 8.80000e+01
9.79910e+01 8.80000e+01
9.81838e+01 8.80000e+01
9.83754e+01 8.80000e+01
9.85659e+01 8.80000e+01
9.87577e+01 8.80000e+01
9.89469e+01 8.80000e+01
9.91410e+01 8.80000e+01
9.93313e+01 8.80000e+01
9.95222e+01 8.80000e+01
9.97131e+01 8.80000e+01
9.99040e+01 8.80000e+01
1.00099e+02 8.80000e+01
1.00290e+02 8.80000e+01
1.00482e+02 8.80000e+01
1.00673e+02 8.80000e+01
1.00864e+02 8.80000e+01
1.01058e+02 8.80000e+01
1.01264e+02 8.80000e+01
1.01471e+02 8.80000e+01
1.01674e+02 8.80000e+01
1.01868e+02 8.80000e+01
1.02063e+02 8.80000e+01
1.02255e+02 8.80000e+01
1.02445e+02 8.80000e+01
1.02636e+02 8.80000e+01
1.02826e+02 8.80000e+01
1.03019e+02 8.80000e+01
1.03210e+02 8.80000e+01
1.03402e+02 8.80000e+01
1.03593e+02 8.80000e+01
1.03784e+02 8.80000e+01
1.03975e+02 8.80000e+01
1.04169e+02 8.80000e+01
1.04360e+02 8.80000e+01
1.04553e+02 8.80000e+01
1.04745e+02 8.80000e+01
1.04936e+02 8.80000e+01
1.05131e+02 8.80000e+01
1.05326e+02 8.80000e+01
1.05518e+02 8.80000e+01
1.05712e+02 8.80000e+01
1.05914e+02 8.80000e+01
1.06110e+02 8.80000e+01
1.06303e+02 8.80000e+01
1.06494e+02 8.80000e+01
1.06686e+02 8.80000e+01
1.06878e+02 8.80000e+01
1.07072e+02 8.80000e+01
1.07264e+02 8.80000e+01
1.07456e+02 8.80000e+01
1.07648e+02 8.80000e+01
1.07839e+02 8.80000e+01
1.08032e+02 8.80000e+01
1.08223e+02 8.80000e+01
1.08413e+02 8.80000e+01
1.08604e+02 8.80000e+01
1.08795e+02 8.80000e+01
1.08984e+02 8.80000e+01
1.09179e+02 8.80000e+01
1.09369e+02 8.80000e+01
1.09560e+02 8.80000e+01
1.09751e+02 8.80000e+01
1.09941e+02 8.80000e+01
1.10134e+02 8.80000e+01
1.10324e+02 8.80000e+01
1.10515e+02 8.80000e+01
1.10705e+02 8.80000e+01
1.10895e+02 8.80000e+01
1.11089e+02 8.80000e+01
1.11280e+02 8.80000e+01
1.11470e+02 8.80000e+01
1.11658e+02 8.80000e+01
1.11848e+02 8.80000e+01
1.12040e+02 8.80000e+01
1.12231e+02 8.80000e+01
1.12423e+02 8.80000e+01
1.12613e+02 8.80000e+01
1.12803e+02 8.80000e+01
1.12994e+02 8.80000e+01
1.13188e+02 8.80000e+01
1.13379e+02 8.80000e+01
1.13569e+02 8.80000e+01
1.13761e+02 8.80000e+01
1.13951e+02 8.80000e+01
1.14143e+02 8.80000e+01
1.14333e+02 8.80000e+01
1.14523e+02 8.80000e+01
1.14714e+02 8.80000e+01
1.14904e+02 8.80000e+01
1.15097e+02 8.80000e+01
1.15288e+02 8.80000e+01
1.15480e+02 8.80000e+01
1.15672e+02 8.80000e+01
1.15861e+02 8.80000e+01
1.16055e+02 8.80000e+01
1.16256e+02 8.80000e+01
1.16457e+02 8.80000e+01
1.16648e+02 8.80000e+01
1.16840e+02 8.80000e+01
1.17032e+02 8.80000e+01
1.17223e+02 8.80000e+01
1.17414e+02 8.80000e+01
1.17604e+02 8.80000e+01
1.17796e+02 8.80000e+01
1.17986e+02 8.80000e+01
1.18178e+02 8.80000e+01
1.18370e+02 8.80000e+01
1.18561e+02 8.80000e+01
1.18752e+02 8.80000e+01
1.18942e+02 8.80000e+01
1.19137e+02 8.80000e+01
1.19330e+02 8.80000e+01
1.19522e+02 8.80000e+01
1.19713e+02 8.80000e+01
1.19904e+02 8.80000e+01
1.20097e+02 8.80000e+01
1.20287e+02 8.80000e+01
1.20477e+02 8.80000e+01
1.20669e+02 8.80000e+01
1.20861e+02 8.80000e+01
1.21054e+02 8.80000e+01
1.21247e+02 8.80000e+01
1.21439e+02 8.80000e+01
1.21629e+02 8.80000e+01
1.21820e+02 8.80000e+01
1.22010e+02 8.80000e+01
1.22205e+02 8.80000e+01
1.22395e+02 8.80000e+01
1.22587e+02 8.80000e+01
1.22778e+02 8.80000e+01
1.22970e+02 8.80000e+01
1.23165e+02 8.80000e+01
1.23357e+02 8.80000e+01
1.23549e+02 8.80000e+01
1.23740e+02 8.80000e+01
1.23931e+02 8.80000e+01
1.24127e+02 8.80000e+01
1.24318e+02 8.80000e+01
1.24507e+02 8.80000e+01
1.24698e+02 8.80000e+01
1.24888e+02 8.80000e+01
1.25083e+02 8.80000e+01
1.25275e+02 8.80000e+01
1.25464e+02 8.80000e+01
1.25655e+02 8.80000e+01
1.25845e+02 8.80000e+01
1.26038e+02 8.80000e+01
1.26230e+02 8.80000e+01
1.26423e+02 8.80000e+01
1.26613e+02 8.80000e+01
1.26804e+02 8.80000e+01
1.26994e+02 8.80000e+01
1.27189e+02 8.80000e+01
1.27380e+02 8.80000e+01
1.27571e+02 8.80000e+01
1.27762e+02 8.80000e+01
1.27952e+02 8.80000e+01
1.28147e+02 8.80000e+01
1.28339e+02 8.80000e+01
1.28531e+02 8.80000e+01
1.28722e+02 8.80000e+01
1.28913e+02 8.80000e+01
1.29108e+02 8.80000e+01
1.29299e+02 8.80000e+01
1.29489e+02 8.80000e+01
1.29680e+02 8.80000e+01
1.29871e+02 8.80000e+01
1.30066e+02 8.80000e+01
1.30257e+02 8.80000e+01
1.30447e+02 8.80000e+01
1.30638e+02 8.80000e+01
1.30829e+02 8.80000e+01
1.31020e+02 8.80000e+01
1.31221e+02 8.80000e+01
1.31438e+02 8.80000e+01
1.31643e+02 8.80000e+01
1.31833e+02 8.80000e+01
1.32024e+02 8.80000e+01
1.32218e+02 8.80000e+01
1.32408e+02 8.80000e+01
1.32600e+02 8.80000e+01
1.32792e+02 8.80000e+01
1.32984e+02 8.80000e+01
1.33178e+02 8.80000e+01
1.33370e+02 8.80000e+01
1.33559e+02 8.80000e+01
1.33750e+02 8.80000e+01
1.33941e+02 8.80000e+01
1.34135e+02 8.80000e+01
1.34324e+02 8.80000e+01
1.34515e+02 8.80000e+01
1.34706e+02 8.80000e+01
1.34896e+02 8.80000e+01
1.35090e+02 8.80000e+01
1.35282e+02 8.80000e+01
1.35472e+02 8.80000e+01
1.35664e+02 8.80000e+01
1.35858e+02 8.80000e+01
1.36050e+02 8.80000e+01
1.36242e+02 8.80000e+01
1.36433e+02 8.80000e+01
1.36623e+02 8.80000e+01
1.36813e+02 8.80000e+01
1.37005e+02 8.80000e+01
1.37201e+02 8.80000e+01
1.37392e+02 8.80000e+01
1.37582e+02 8.80000e+01
1.37773e+02 8.80000e+01
1.37964e+02 8.80000e+01
1.38157e+02 8.80000e+01
1.38347e+02 8.80000e+01
1.38537e+02 8.80000e+01
1.38727e+02 8.80000e+01
1.38918e+02 8.80000e+01
1.39113e+02 8.80000e+01
1.39301e+02 8.80000e+01
1.39491e+02 8.80000e+01
1.39681e+02 8.80000e+01
1.39872e+02 8.80000e+01
1.40066e+02 8.80000e+01
1.40259e+02 8.80000e+01
1.40450e+02 8.80000e+01
1.40640e+02 8.80000e+01
1.40830e+02 8.80000e+01
1.41019e+02 8.80000e+01
1.41214e+02 8.80000e+01
1.41405e+02 8.80000e+01
1.41597e+02 8.80000e+01
1.41788e+02 8.80000e+01
1.41979e+02 8.80000e+01
1.42175e+02 8.80000e+01
1.42366e+02 8.80000e+01
1.42558e+02 8.80000e+01
1.42749e+02 8.80000e+01
1.42940e+02 8.80000e+01
1.43135e+02 8.80000e+01
1.43326e+02 8.80000e+01
1.43518e+02 8.80000e+01
1.43707e+02 8.80000e+01
1.43897e+02 8.80000e+01
1.44090e+02 8.80000e+01
1.44283e+02 8.80000e+01
1.44476e+02 8.80000e+01
1.44668e+02 8.80000e+01
1.44857e+02 8.80000e+01
1.45046e+02 8.80000e+01
1.45243e+02 8.80000e+01
1.45434e+02 8.80000e+01
1.45626e+02 8.80000e+01
1.45818e+02 8.80000e+01
1.46010e+02 8.80000e+01
1.46207e+02 8.80000e+01
1.46425e+02 8.80000e+01
1.46620e+02 8.80000e+01
1.46812e+02 8.80000e+01
1.47004e+02 8.80000e+01
1.47198e+02 8.80000e+01
1.47390e+02 8.80000e+01
1.47581e+02 8.80000e+01
1.47772e+02 8.80000e+01
1.47964e+02 8.80000e+01
1.48158e+02 8.80000e+01
1.48351e+02 8.80000e+01
1.48544e+02 8.80000e+01
1.48737e+02 8.80000e+01
1.48929e+02 8.80000e+01
1.49123e+02 8.80000e+01
1.49314e+02 8.80000e+01
1.49505e+02 8.80000e+01
1.49696e+02 8.80000e+01
1.49888e+02 8.80000e+01
1.50082e+02 8.80000e+01
1.50277e+02 8.80000e+01
1.50468e+02 8.80000e+01
1.50659e+02 8.80000e+01
1.50853e+02 8.80000e+01
1.51044e+02 8.80000e+01
1.51239e+02 8.80000e+01
1.51432e+02 8.80000e+01
1.51623e+02 8.80000e+01
1.51814e+02 8.80000e+01
1.52006e+02 8.80000e+01
1.52200e+02 8.80000e+01
1.52391e+02 8.80000e+01
1.52583e+02 8.80000e+01
1.52774e+02 8.80000e+01
1.52967e+02 8.80000e+01
1.53161e+02 8.80000e+01
1.53352e+02 8.80000e+01
1.53543e+02 8.80000e+01
1.53734e+02 8.80000e+01
1.53925e+02 8.80000e+01
1.54120e+02 8.80000e+01
1.54310e+02 8.80000e+01
1.54502e+02 8.80000e+01
1.54693e+02 8.80000e+01
1.54884e+02 8.80000e+01
1.55077e+02 8.80000e+01
1.55270e+02 8.80000e+01
1.55462e+02 8.80000e+01
1.55653e+02 8.80000e+01
1.55844e+02 8.80000e+01
1.56036e+02 8.80000e+01
1.56230e+02 8.80000e+01
1.56421e+02 8.80000e+01
1.56613e+02 8.80000e+01
1.56805e+02 8.80000e+01
1.56997e+02 8.80000e+01
1.57191e+02 8.80000e+01
1.57383e+02 8.80000e+01
1.57576e+02 8.80000e+01
1.57768e+02 8.80000e+01
1.57961e+02 8.80000e+01
1.58157e+02 8.80000e+01
1.58349e+02 8.80000e+01
1.58541e+02 8.80000e+01
1.58733e+02 8.80000e+01
1.58924e+02 8.80000e+01
1.59119e+02 8.80000e+01
1.59310e+02 8.80000e+01
1.59502e+02 8.80000e+01
1.59694e+02 8.80000e+01
1.59886e+02 8.80000e+01
1.60079e+02 8.80000e+01
1.60273e+02 8.80000e+01
1.60465e+02 8.80000e+01
1.60658e+02 8.80000e+01
1.60850e+02 8.80000e+01
1.61042e+02 8.80000e+01
1.61246e+02 8.80000e+01
1.61453e+02 8.80000e+01
1.61644e+02 8.80000e+01
1.61834e+02 8.80000e+01
1.62025e+02 8.80000e+01
1.62220e+02 8.80000e+01
1.62410e+02 8.80000e+01
1.62603e+02 8.80000e+01
1.62794e+02 8.80000e+01
1.62986e+02 8.80000e+01
1.63179e+02 8.80000e+01
1.63369e+02 8.80000e+01
1.63559e+02 8.80000e+01
1.63749e+02 8.80000e+01
1.63940e+02 8.80000e+01
1.64133e+02 8.80000e+01
1.64324e+02 8.80000e+01
1.64515e+02 8.80000e+01
1.64706e+02 8.80000e+01
1.64897e+02 8.80000e+01
1.65090e+02 8.80000e+01
1.65283e+02 8.80000e+01
1.65474e+02 8.80000e+01
1.65666e+02 8.80000e+01
1.65870e+02 8.80000e+01
1.66061e+02 8.80000e+01
1.66256e+02 8.80000e+01
1.66445e+02 8.80000e+01
1.66637e+02 8.80000e+01
1.66827e+02 8.80000e+01
1.67018e+02 8.80000e+01
1.67212e+02 8.80000e+01
1.67404e+02 8.80000e+01
1.67597e+02 8.80000e+01
1.67789e+02 8.80000e+01
1.67982e+02 8.80000e+01
1.68176e+02 8.80000e+01
1.68367e+02 8.80000e+01
1.68559e+02 8.80000e+01
1.68750e+02 8.80000e+01
1.68939e+02 8.80000e+01
1.69134e+02 8.80000e+01
1.69324e+02 8.80000e+01
1.69516e+02 8.80000e+01
1.69706e+02 8.80000e+01
1.69897e+02 8.80000e+01
1.70088e+02 8.80000e+01
1.70282e+02 8.80000e+01
1.70473e+02 8.80000e+01
1.70665e+02 8.80000e+01
1.70855e+02 8.80000e+01
1.71047e+02 8.80000e+01
1.71242e+02 8.80000e+01
1.71434e+02 8.80000e+01
1.71625e+02 8.80000e+01
1.71814e+02 8.80000e+01
1.72005e+02 8.80000e+01
1.72200e+02 8.80000e+01
1.72392e+02 8.80000e+01
1.72585e+02 8.80000e+01
1.72776e+02 8.80000e+01
1.72966e+02 8.80000e+01
1.73161e+02 8.80000e+01
1.73353e+02 8.80000e+01
1.73546e+02 8.80000e+01
1.73738e+02 8.80000e+01
1.73929e+02 8.80000e+01
1.74124e+02 8.80000e+01
1.74315e+02 8.80000e+01
1.74506e+02 8.80000e+01
1.74699e+02 8.80000e+01
1.74889e+02 8.80000e+01
1.75081e+02 8.80000e+01
1.75278e+02 8.80000e+01
1.75470e+02 8.80000e+01
1.75663e+02 8.80000e+01
1.75853e+02 8.80000e+01
1.76044e+02 8.80000e+01
1.76253e+02 8.80000e+01
1.76463e+02 8.80000e+01
1.76655e+02 8.80000e+01
1.76846e+02 8.80000e+01
1.77037e+02 8.80000e+01
1.77230e+02 8.80000e+01
1.77421e+02 8.80000e+01
1.77612e+02 8.80000e+01
1.77804e+02 8.80000e+01
1.77996e+02 8.80000e+01
1.78190e+02 8.80000e+01
1.78380e+02 8.80000e+01
1.78571e+02 8.80000e+01
1.78760e+02 8.80000e+01
1.78950e+02 8.80000e+01
1.79143e+02 8.80000e+01
1.79334e+02 8.80000e+01
1.79524e+02 8.80000e+01
1.79715e+02 8.80000e+01
1.79905e+02 8.80000e+01
1.80096e+02 8.80000e+01
1.80292e+02 8.80000e+01
1.80483e+02 8.80000e+01
1.80675e+02 8.80000e+01
1.80866e+02 8.80000e+01
1.81057e+02 8.80000e+01
1.81252e+02 8.80000e+01
1.81443e+02 8.80000e+01
1.81633e+02 8.80000e+01
1.81824e+02 8.80000e+01
1.82015e+02 8.80000e+01
1.82207e+02 8.80000e+01
1.82398e+02 8.80000e+01
1.82589e+02 8.80000e+01
1.82781e+02 8.80000e+01
1.82972e+02 8.80000e+01
1.83165e+02 8.80000e+01
1.83356e+02 8.80000e+01
1.83545e+02 8.80000e+01
1.83736e+02 8.80000e+01
1.83926e+02 8.80000e+01
1.84119e+02 8.80000e+01
1.84307e+02 8.80000e+01
1.84495e+02 8.80000e+01
1.84686e+02 8.80000e+01
1.84876e+02 8.80000e+01
1.85064e+02 8.80000e+01
1.85256e+02 8.80000e+01
1.85446e+02 8.80000e+01
1.85638e+02 8.80000e+01
1.85828e+02 8.80000e+01
1.86016e+02 8.80000e+01
1.86210e+02 8.80000e+01
1.86400e+02 8.80000e+01
1.86590e+02 8.80000e+01
1.86778e+02 8.80000e+01
1.86967e+02 8.80000e+01
1.87160e+02 8.80000e+01
1.87349e+02 8.80000e+01
1.87539e+02 8.80000e+01
1.87728e+02 8.80000e+01
1.87916e+02 8.80000e+01
1.88106e+02 8.80000e+01
1.88299e+02 8.80000e+01
1.88489e+02 8.80000e+01
1.88679e+02 8.80000e+01
1.88868e+02 8.80000e+01
1.89058e+02 8.80000e+01
1.89251e+02 8.80000e+01
1.89440e+02 8.80000e+01
1.89629e+02 8.80000e+01
1.89817e+02 8.80000e+01
1.90007e+02 8.80000e+01
1.90200e+02 8.80000e+01
1.90389e+02 8.80000e+01
1.90580e+02 8.80000e+01
1.90771e+02 8.80000e+01
1.90961e+02 8.80000e+01
1.91152e+02 8.80000e+01
1.91361e+02 8.80000e+01
1.91563e+02 8.80000e+01
1.91753e+02 8.80000e+01
