2.03220e-02 6.31000e+02
2.18991e-01 5.10000e+02
4.14331e-01 3.81000e+02
6.07500e-01 3.24000e+02
8.01574e-01 3.43000e+02
9.91287e-01 2.11000e+02
1.18614e+00 2.40000e+02
1.37938e+00 2.66000e+02
1.57272e+00 2.26000e+02
1.76424e+00 2.09000e+02
1.95525e+00 1.94000e+02
2.14837e+00 1.51000e+02
2.34576e+00 1.79000e+02
2.53710e+00 1.30000e+02
2.73100e+00 1.51000e+02
2.92321e+00 1.72000e+02
3.11632e+00 1.93000e+02
3.31213e+00 1.93000e+02
3.50430e+00 1.81000e+02
3.69576e+00 1.64000e+02
3.88742e+00 1.61000e+02
4.07847e+00 1.79000e+02
4.27307e+00 1.96000e+02
4.46225e+00 2.14000e+02
4.65382e+00 2.27000e+02
4.84399e+00 2.01000e+02
5.03579e+00 1.90000e+02
5.22858e+00 1.79000e+02
5.41895e+00 2.05000e+02
5.60936e+00 2.25000e+02
5.79943e+00 1.90000e+02
5.98884e+00 1.62000e+02
6.17952e+00 1.88000e+02
6.37219e+00 1.92000e+02
6.56298e+00 2.23000e+02
6.75381e+00 2.15000e+02
6.94311e+00 1.95000e+02
7.13443e+00 2.07000e+02
7.32880e+00 1.57000e+02
7.51921e+00 1.37000e+02
7.70986e+00 1.29000e+02
7.92485e+00 1.42000e+02
8.12577e+00 1.41000e+02
8.31841e+00 1.12000e+02
8.50839e+00 9.50000e+01
8.69858e+00 8.00000e+01
8.88752e+00 7.50000e+01
9.07733e+00 7.50000e+01
9.27194e+00 7.50000e+01
9.46254e+00 7.50000e+01
9.65310e+00 7.50000e+01
9.84230e+00 7.50000e+01
1.00312e+01 7.50000e+01
1.02241e+01 7.50000e+01
1.04127e+01 7.50000e+01
1.06018e+01 7.50000e+01
1.07922e+01 7.50000e+01
1.09804e+01 7.50000e+01
1.11696e+01 7.50000e+01
1.13644e+01 7.50000e+01
1.15539e+01 7.50000e+01
1.17445e+01 7.50000e+01
1.19345e+01 7.50000e+01
1.21240e+01 7.50000e+01
1.23161e+01 7.50000e+01
1.25059e+01 7.50000e+01
1.26937e+01 7.50000e+01
1.28823e+01 7.50000e+01
1.30730e+01 7.50000e+01
1.32655e+01 7.50000e+01
1.34562e+01 7.50000e+01
1.36474e+01 7.50000e+01
1.38384e+01 7.50000e+01
1.40295e+01 7.50000e+01
1.42228e+01 7.50000e+01
1.44134e+01 7.50000e+01
1.46029e+01 7.50000e+01
1.47929e+01 7.50000e+01
1.49830e+01 7.50000e+01
1.51736e+01 7.50000e+01
1.53662e+01 7.50000e+01
1.55562e+01 7.50000e+01
1.57464e+01 7.50000e+01
1.59368e+01 7.50000e+01
1.61267e+01 7.50000e+01
1.63191e+01 7.50000e+01
1.65091e+01 7.50000e+01
1.66993e+01 7.50000e+01
1.68868e+01 7.50000e+01
1.70772e+01 7.50000e+01
1.72702e+01 7.50000e+01
1.74577e+01 7.50000e+01
1.76483e+01 7.50000e+01
1.78373e+01 7.50000e+01
1.80261e+01 7.50000e+01
1.82197e+01 7.50000e+01
1.84094e+01 7.50000e+01
1.85984e+01 7.50000e+01
1.87896e+01 7.50000e+01
1.89773e+01 7.50000e+01
1.91662e+01 7.50000e+01
1.93604e+01 7.50000e+01
1.95496e+01 7.50000e+01
1.97407e+01 7.50000e+01
1.99298e+01 7.50000e+01
2.01199e+01 7.50000e+01
2.03120e+01 7.50000e+01
2.05013e+01 7.50000e+01
2.06907e+01 7.50000e+01
2.08812e+01 7.50000e+01
2.10720e+01 7.50000e+01
2.12664e+01 7.50000e+01
2.14559e+01 7.50000e+01
2.16446e+01 7.50000e+01
2.18319e+01 7.50000e+01
2.20214e+01 7.50000e+01
2.22137e+01 7.50000e+01
2.24025e+01 7.50000e+01
2.25911e+01 7.50000e+01
2.27889e+01 7.50000e+01
2.29968e+01 7.50000e+01
2.31914e+01 7.50000e+01
2.33844e+01 7.50000e+01
2.35741e+01 7.50000e+01
2.37649e+01 7.50000e+01
2.39552e+01 7.50000e+01
2.41456e+01 7.50000e+01
2.43389e+01 7.50000e+01
2.45286e+01 7.50000e+01
2.47201e+01 7.50000e+01
2.49103e+01 7.50000e+01
2.51010e+01 7.50000e+01
2.52930e+01 7.50000e+01
2.54826e+01 7.50000e+01
2.56704e+01 7.50000e+01
2.58590e+01 7.50000e+01
2.60485e+01 7.50000e+01
2.62422e+01 7.50000e+01
2.64317e+01 7.50000e+01
2.66209e+01 7.50000e+01
2.68110e+01 7.50000e+01
2.70007e+01 7.50000e+01
2.71906e+01 7.50000e+01
2.73844e+01 7.50000e+01
2.75739e+01 7.50000e+01
2.77651e+01 7.50000e+01
2.79544e+01 7.50000e+01
2.81431e+01 7.50000e+01
2.83345e+01 7.50000e+01
2.85251e+01 7.50000e+01
2.87160e+01 7.50000e+01
2.89064e+01 7.50000e+01
2.90957e+01 7.50000e+01
2.92882e+01 7.50000e+01
2.94769e+01 7.50000e+01
2.96670e+01 7.50000e+01
2.98567e+01 7.50000e+01
3.00471e+01 7.50000e+01
3.02397e+01 7.50000e+01
3.04292e+01 7.50000e+01
3.06181e+01 7.50000e+01
3.08089e+01 7.50000e+01
3.09988e+01 7.50000e+01
3.11869e+01 7.50000e+01
3.13803e+01 7.50000e+01
3.15694e+01 7.50000e+01
3.17579e+01 7.50000e+01
3.19466e+01 7.50000e+01
3.21350e+01 7.50000e+01
3.23276e+01 7.50000e+01
3.25161e+01 7.50000e+01
3.27045e+01 7.50000e+01
3.28930e+01 7.50000e+01
3.30824e+01 7.50000e+01
3.32748e+01 7.50000e+01
3.34646e+01 7.50000e+01
3.36547e+01 7.50000e+01
3.38447e+01 7.50000e+01
3.40348e+01 7.50000e+01
3.42270e+01 7.50000e+01
3.44170e+01 7.50000e+01
3.46060e+01 7.50000e+01
3.47967e+01 7.50000e+01
3.49855e+01 7.50000e+01
3.51749e+01 7.50000e+01
3.53685e+01 7.50000e+01
3.55568e+01 7.50000e+01
3.57455e+01 7.50000e+01
3.59340e+01 7.50000e+01
3.61241e+01 7.50000e+01
3.63179e+01 7.50000e+01
3.65082e+01 7.50000e+01
3.66987e+01 7.50000e+01
3.68891e+01 7.50000e+01
3.70794e+01 7.50000e+01
3.72720e+01 7.50000e+01
3.74620e+01 7.50000e+01
3.76529e+01 7.50000e+01
3.78620e+01 7.50000e+01
3.80701e+01 7.50000e+01
3.82651e+01 7.50000e+01
3.84558e+01 7.50000e+01
3.86466e+01 7.50000e+01
3.88377e+01 7.50000e+01
3.90278e+01 7.50000e+01
3.92186e+01 7.50000e+01
3.94117e+01 7.50000e+01
3.96015e+01 7.50000e+01
3.97915e+01 7.50000e+01
3.99820e+01 7.50000e+01
4.01708e+01 7.50000e+01
4.03639e+01 7.50000e+01
4.05554e+01 7.50000e+01
4.07451e+01 7.50000e+01
4.09345e+01 7.50000e+01
4.11253e+01 7.50000e+01
4.13190e+01 7.50000e+01
4.15101e+01 7.50000e+01
4.16989e+01 7.50000e+01
4.18886e+01 7.50000e+01
4.20780e+01 7.50000e+01
4.22729e+01 7.50000e+01
4.24625e+01 7.50000e+01
4.26509e+01 7.50000e+01
4.28407e+01 7.50000e+01
4.30299e+01 7.50000e+01
4.32177e+01 7.50000e+01
4.34113e+01 7.50000e+01
4.36011e+01 7.50000e+01
4.37928e+01 7.50000e+01
4.39820e+01 7.50000e+01
4.41716e+01 7.50000e+01
4.43634e+01 7.50000e+01
4.45531e+01 7.50000e+01
4.47419e+01 7.50000e+01
4.49312e+01 7.50000e+01
4.51221e+01 7.50000e+01
4.53131e+01 7.50000e+01
4.55027e+01 7.50000e+01
4.56924e+01 7.50000e+01
4.58824e+01 7.50000e+01
4.60728e+01 7.50000e+01
4.62654e+01 7.50000e+01
4.64544e+01 7.50000e+01
4.66440e+01 7.50000e+01
4.68346e+01 7.50000e+01
4.70247e+01 7.50000e+01
4.72128e+01 7.50000e+01
4.74063e+01 7.50000e+01
4.75953e+01 7.50000e+01
4.77843e+01 7.50000e+01
4.79751e+01 7.50000e+01
4.81639e+01 7.50000e+01
4.83567e+01 7.50000e+01
4.85467e+01 7.50000e+01
4.87369e+01 7.50000e+01
4.89267e+01 7.50000e+01
4.91158e+01 7.50000e+01
4.93132e+01 7.50000e+01
4.95023e+01 7.50000e+01
4.96954e+01 7.50000e+01
4.98863e+01 7.50000e+01
5.00786e+01 7.50000e+01
5.02748e+01 7.50000e+01
5.04666e+01 7.50000e+01
5.06572e+01 7.50000e+01
5.08481e+01 7.50000e+01
5.10383e+01 7.50000e+01
5.12286e+01 7.50000e+01
5.14226e+01 7.50000e+01
5.16131e+01 7.50000e+01
5.18025e+01 7.50000e+01
5.19934e+01 7.50000e+01
5.21837e+01 7.50000e+01
5.23769e+01 7.50000e+01
5.25669e+01 7.50000e+01
5.27600e+01 7.50000e+01
5.29684e+01 7.50000e+01
5.31592e+01 7.50000e+01
5.33523e+01 7.50000e+01
5.35421e+01 7.50000e+01
5.37321e+01 7.50000e+01
5.39217e+01 7.50000e+01
5.41115e+01 7.50000e+01
5.43048e+01 7.50000e+01
5.44942e+01 7.50000e+01
5.46834e+01 7.50000e+01
5.48730e+01 7.50000e+01
5.50639e+01 7.50000e+01
5.52552e+01 7.50000e+01
5.54480e+01 7.50000e+01
5.56367e+01 7.50000e+01
5.58259e+01 7.50000e+01
5.60153e+01 7.50000e+01
5.62052e+01 7.50000e+01
5.63984e+01 7.50000e+01
5.65874e+01 7.50000e+01
5.67753e+01 7.50000e+01
5.69640e+01 7.50000e+01
5.71529e+01 7.50000e+01
5.73528e+01 7.50000e+01
5.75449e+01 7.50000e+01
5.77341e+01 7.50000e+01
5.79232e+01 7.50000e+01
5.81120e+01 7.50000e+01
5.83048e+01 7.50000e+01
5.84942e+01 7.50000e+01
5.86830e+01 7.50000e+01
5.88741e+01 7.50000e+01
5.90625e+01 7.50000e+01
5.92513e+01 7.50000e+01
5.94464e+01 7.50000e+01
5.96359e+01 7.50000e+01
5.98260e+01 7.50000e+01
6.00159e+01 7.50000e+01
6.02044e+01 7.50000e+01
6.03961e+01 7.50000e+01
6.05854e+01 7.50000e+01
6.07752e+01 7.50000e+01
6.09648e+01 7.50000e+01
6.11546e+01 7.50000e+01
6.13454e+01 7.50000e+01
6.15340e+01 7.50000e+01
6.17241e+01 7.50000e+01
6.19149e+01 7.50000e+01
6.21045e+01 7.50000e+01
6.22969e+01 7.50000e+01
6.24861e+01 7.50000e+01
6.26752e+01 7.50000e+01
6.28655e+01 7.50000e+01
6.30548e+01 7.50000e+01
6.32442e+01 7.50000e+01
6.34369e+01 7.50000e+01
6.36255e+01 7.50000e+01
6.38141e+01 7.50000e+01
6.40031e+01 7.50000e+01
6.41917e+01 7.50000e+01
6.43837e+01 7.50000e+01
6.45739e+01 7.50000e+01
6.47629e+01 7.50000e+01
6.49517e+01 7.50000e+01
6.51410e+01 7.50000e+01
6.53337e+01 7.50000e+01
6.55244e+01 7.50000e+01
6.57149e+01 7.50000e+01
6.59041e+01 7.50000e+01
6.60935e+01 7.50000e+01
6.62871e+01 7.50000e+01
6.64772e+01 7.50000e+01
6.66674e+01 7.50000e+01
6.68582e+01 7.50000e+01
6.70497e+01 7.50000e+01
6.72387e+01 7.50000e+01
6.74323e+01 7.50000e+01
6.76203e+01 7.50000e+01
6.78220e+01 7.50000e+01
6.80250e+01 7.50000e+01
6.82131e+01 7.50000e+01
6.84061e+01 7.50000e+01
6.85949e+01 7.50000e+01
6.87834e+01 7.50000e+01
6.89730e+01 7.50000e+01
6.91629e+01 7.50000e+01
6.93541e+01 7.50000e+01
6.95444e+01 7.50000e+01
6.97340e+01 7.50000e+01
6.99245e+01 7.50000e+01
7.01136e+01 7.50000e+01
7.03058e+01 7.50000e+01
7.04949e+01 7.50000e+01
7.06844e+01 7.50000e+01
7.08747e+01 7.50000e+01
7.10649e+01 7.50000e+01
7.12550e+01 7.50000e+01
7.14473e+01 7.50000e+01
7.16356e+01 7.50000e+01
7.18262e+01 7.50000e+01
7.20165e+01 7.50000e+01
7.22053e+01 7.50000e+01
7.23974e+01 7.50000e+01
7.25879e+01 7.50000e+01
7.27782e+01 7.50000e+01
7.29685e+01 7.50000e+01
7.31585e+01 7.50000e+01
7.33501e+01 7.50000e+01
7.35418e+01 7.50000e+01
7.37326e+01 7.50000e+01
7.39226e+01 7.50000e+01
7.41122e+01 7.50000e+01
7.43058e+01 7.50000e+01
7.44965e+01 7.50000e+01
7.46842e+01 7.50000e+01
7.48747e+01 7.50000e+01
7.50647e+01 7.50000e+01
7.52522e+01 7.50000e+01
7.54449e+01 7.50000e+01
7.56351e+01 7.50000e+01
7.58252e+01 7.50000e+01
7.60150e+01 7.50000e+01
7.62046e+01 7.50000e+01
7.63976e+01 7.50000e+01
7.65880e+01 7.50000e+01
7.67784e+01 7.50000e+01
7.69677e+01 7.50000e+01
7.71582e+01 7.50000e+01
7.73494e+01 7.50000e+01
7.75384e+01 7.50000e+01
7.77289e+01 7.50000e+01
7.79195e+01 7.50000e+01
7.81089e+01 7.50000e+01
7.83019e+01 7.50000e+01
7.84914e+01 7.50000e+01
7.86819e+01 7.50000e+01
7.88728e+01 7.50000e+01
7.90627e+01 7.50000e+01
7.92521e+01 7.50000e+01
7.94426e+01 7.50000e+01
7.96314e+01 7.50000e+01
7.98211e+01 7.50000e+01
8.00118e+01 7.50000e+01
8.01991e+01 7.50000e+01
8.03920e+01 7.50000e+01
8.05809e+01 7.50000e+01
8.07702e+01 7.50000e+01
8.09596e+01 7.50000e+01
8.11509e+01 7.50000e+01
8.13424e+01 7.50000e+01
8.15311e+01 7.50000e+01
8.17206e+01 7.50000e+01
8.19096e+01 7.50000e+01
8.20984e+01 7.50000e+01
8.22898e+01 7.50000e+01
8.24826e+01 7.50000e+01
8.26714e+01 7.50000e+01
8.28834e+01 7.50000e+01
8.30826e+01 7.50000e+01
8.32739e+01 7.50000e+01
8.34666e+01 7.50000e+01
8.36554e+01 7.50000e+01
8.38437e+01 7.50000e+01
8.40331e+01 7.50000e+01
8.42219e+01 7.50000e+01
8.44142e+01 7.50000e+01
8.46053e+01 7.50000e+01
8.47941e+01 7.50000e+01
8.49840e+01 7.50000e+01
8.51725e+01 7.50000e+01
8.53633e+01 7.50000e+01
8.55533e+01 7.50000e+01
8.57417e+01 7.50000e+01
8.59296e+01 7.50000e+01
8.61197e+01 7.50000e+01
8.63144e+01 7.50000e+01
8.65044e+01 7.50000e+01
8.66913e+01 7.50000e+01
8.68798e+01 7.50000e+01
8.70697e+01 7.50000e+01
8.72609e+01 7.50000e+01
8.74625e+01 7.50000e+01
8.76520e+01 7.50000e+01
8.78418e+01 7.50000e+01
8.80331e+01 7.50000e+01
8.82224e+01 7.50000e+01
8.84150e+01 7.50000e+01
8.86057e+01 7.50000e+01
8.87948e+01 7.50000e+01
8.89855e+01 7.50000e+01
8.91750e+01 7.50000e+01
8.93679e+01 7.50000e+01
8.95591e+01 7.50000e+01
8.97479e+01 7.50000e+01
8.99382e+01 7.50000e+01
9.01278e+01 7.50000e+01
9.03203e+01 7.50000e+01
9.05097e+01 7.50000e+01
9.06976e+01 7.50000e+01
9.08884e+01 7.50000e+01
9.10786e+01 7.50000e+01
9.12678e+01 7.50000e+01
9.14608e+01 7.50000e+01
9.16497e+01 7.50000e+01
9.18408e+01 7.50000e+01
9.20321e+01 7.50000e+01
9.22204e+01 7.50000e+01
9.24128e+01 7.50000e+01
9.26033e+01 7.50000e+01
9.27936e+01 7.50000e+01
9.29840e+01 7.50000e+01
9.31738e+01 7.50000e+01
9.33660e+01 7.50000e+01
9.35563e+01 7.50000e+01
9.37456e+01 7.50000e+01
9.39344e+01 7.50000e+01
9.41275e+01 7.50000e+01
9.43216e+01 7.50000e+01
9.45122e+01 7.50000e+01
9.47033e+01 7.50000e+01
9.48941e+01 7.50000e+01
9.50851e+01 7.50000e+01
9.52745e+01 7.50000e+01
9.54678e+01 7.50000e+01
9.56584e+01 7.50000e+01
9.58499e+01 7.50000e+01
9.60419e+01 7.50000e+01
9.62316e+01 7.50000e+01
9.64254e+01 7.50000e+01
9.66159e+01 7.50000e+01
9.68047e+01 7.50000e+01
9.69961e+01 7.50000e+01
9.71854e+01 7.50000e+01
9.73774e+01 7.50000e+01
9.75667e+01 7.50000e+01
9.77599e+01 7.50000e+01
9.79685e+01 7.50000e+01
9.81650e+01 7.50000e+01
9.83583e+01 7.50000e+01
9.85483e+01 7.50000e+01
9.87372e+01 7.50000e+01
9.89263e+01 7.50000e+01
9.91153e+01 7.50000e+01
9.93045e+01 7.50000e+01
9.94990e+01 7.50000e+01
9.96873e+01 7.50000e+01
9.98763e+01 7.50000e+01
1.00066e+02 7.50000e+01
1.00254e+02 7.50000e+01
1.00445e+02 7.50000e+01
1.00635e+02 7.50000e+01
1.00825e+02 7.50000e+01
1.01016e+02 7.50000e+01
1.01206e+02 7.50000e+01
1.01398e+02 7.50000e+01
1.01586e+02 7.50000e+01
1.01776e+02 7.50000e+01
1.01965e+02 7.50000e+01
1.02156e+02 7.50000e+01
1.02357e+02 7.50000e+01
1.02553e+02 7.50000e+01
1.02742e+02 7.50000e+01
1.02933e+02 7.50000e+01
1.03122e+02 7.50000e+01
1.03311e+02 7.50000e+01
1.03503e+02 7.50000e+01
1.03694e+02 7.50000e+01
1.03884e+02 7.50000e+01
1.04076e+02 7.50000e+01
1.04265e+02 7.50000e+01
1.04457e+02 7.50000e+01
1.04647e+02 7.50000e+01
1.04836e+02 7.50000e+01
1.05026e+02 7.50000e+01
1.05215e+02 7.50000e+01
1.05407e+02 7.50000e+01
1.05597e+02 7.50000e+01
1.05787e+02 7.50000e+01
1.05975e+02 7.50000e+01
1.06165e+02 7.50000e+01
1.06357e+02 7.50000e+01
1.06546e+02 7.50000e+01
1.06736e+02 7.50000e+01
1.06926e+02 7.50000e+01
1.07116e+02 7.50000e+01
1.07304e+02 7.50000e+01
1.07498e+02 7.50000e+01
1.07687e+02 7.50000e+01
1.07878e+02 7.50000e+01
1.08068e+02 7.50000e+01
1.08257e+02 7.50000e+01
1.08447e+02 7.50000e+01
1.08637e+02 7.50000e+01
1.08827e+02 7.50000e+01
1.09016e+02 7.50000e+01
1.09205e+02 7.50000e+01
1.09400e+02 7.50000e+01
1.09589e+02 7.50000e+01
1.09779e+02 7.50000e+01
1.09969e+02 7.50000e+01
1.10160e+02 7.50000e+01
1.10353e+02 7.50000e+01
1.10544e+02 7.50000e+01
1.10734e+02 7.50000e+01
1.10925e+02 7.50000e+01
1.11114e+02 7.50000e+01
1.11304e+02 7.50000e+01
1.11498e+02 7.50000e+01
1.11687e+02 7.50000e+01
1.11878e+02 7.50000e+01
1.12071e+02 7.50000e+01
1.12261e+02 7.50000e+01
1.12455e+02 7.50000e+01
1.12645e+02 7.50000e+01
1.12848e+02 7.50000e+01
1.13050e+02 7.50000e+01
1.13242e+02 7.50000e+01
1.13435e+02 7.50000e+01
1.13625e+02 7.50000e+01
1.13814e+02 7.50000e+01
1.14005e+02 7.50000e+01
1.14195e+02 7.50000e+01
1.14389e+02 7.50000e+01
1.14580e+02 7.50000e+01
1.14770e+02 7.50000e+01
1.14961e+02 7.50000e+01
1.15151e+02 7.50000e+01
1.15340e+02 7.50000e+01
1.15533e+02 7.50000e+01
1.15723e+02 7.50000e+01
1.15911e+02 7.50000e+01
1.16102e+02 7.50000e+01
1.16292e+02 7.50000e+01
1.16484e+02 7.50000e+01
1.16675e+02 7.50000e+01
1.16864e+02 7.50000e+01
1.17054e+02 7.50000e+01
1.17242e+02 7.50000e+01
1.17447e+02 7.50000e+01
1.17641e+02 7.50000e+01
1.17831e+02 7.50000e+01
1.18020e+02 7.50000e+01
1.18209e+02 7.50000e+01
1.18402e+02 7.50000e+01
1.18591e+02 7.50000e+01
1.18781e+02 7.50000e+01
1.18970e+02 7.50000e+01
1.19161e+02 7.50000e+01
1.19353e+02 7.50000e+01
1.19544e+02 7.50000e+01
1.19733e+02 7.50000e+01
1.19921e+02 7.50000e+01
1.20111e+02 7.50000e+01
1.20301e+02 7.50000e+01
1.20493e+02 7.50000e+01
1.20683e+02 7.50000e+01
1.20873e+02 7.50000e+01
1.21064e+02 7.50000e+01
1.21253e+02 7.50000e+01
1.21446e+02 7.50000e+01
1.21636e+02 7.50000e+01
1.21825e+02 7.50000e+01
1.22013e+02 7.50000e+01
1.22203e+02 7.50000e+01
1.22394e+02 7.50000e+01
1.22582e+02 7.50000e+01
1.22771e+02 7.50000e+01
1.22961e+02 7.50000e+01
1.23152e+02 7.50000e+01
1.23342e+02 7.50000e+01
1.23535e+02 7.50000e+01
1.23725e+02 7.50000e+01
1.23915e+02 7.50000e+01
1.24105e+02 7.50000e+01
1.24294e+02 7.50000e+01
1.24487e+02 7.50000e+01
1.24678e+02 7.50000e+01
1.24867e+02 7.50000e+01
1.25056e+02 7.50000e+01
1.25245e+02 7.50000e+01
1.25437e+02 7.50000e+01
1.25627e+02 7.50000e+01
1.25817e+02 7.50000e+01
1.26006e+02 7.50000e+01
1.26197e+02 7.50000e+01
1.26388e+02 7.50000e+01
1.26577e+02 7.50000e+01
1.26767e+02 7.50000e+01
1.26956e+02 7.50000e+01
1.27146e+02 7.50000e+01
1.27336e+02 7.50000e+01
1.27528e+02 7.50000e+01
1.27716e+02 7.50000e+01
1.27928e+02 7.50000e+01
1.28119e+02 7.50000e+01
1.28309e+02 7.50000e+01
1.28501e+02 7.50000e+01
1.28691e+02 7.50000e+01
1.28881e+02 7.50000e+01
1.29070e+02 7.50000e+01
1.29261e+02 7.50000e+01
1.29453e+02 7.50000e+01
1.29644e+02 7.50000e+01
1.29834e+02 7.50000e+01
1.30024e+02 7.50000e+01
1.30213e+02 7.50000e+01
1.30405e+02 7.50000e+01
1.30594e+02 7.50000e+01
1.30783e+02 7.50000e+01
1.30973e+02 7.50000e+01
1.31162e+02 7.50000e+01
1.31353e+02 7.50000e+01
1.31546e+02 7.50000e+01
1.31734e+02 7.50000e+01
1.31924e+02 7.50000e+01
1.32115e+02 7.50000e+01
1.32306e+02 7.50000e+01
1.32498e+02 7.50000e+01
1.32689e+02 7.50000e+01
1.32878e+02 7.50000e+01
1.33069e+02 7.50000e+01
1.33258e+02 7.50000e+01
1.33451e+02 7.50000e+01
1.33641e+02 7.50000e+01
1.33829e+02 7.50000e+01
1.34020e+02 7.50000e+01
1.34211e+02 7.50000e+01
1.34405e+02 7.50000e+01
1.34595e+02 7.50000e+01
1.34784e+02 7.50000e+01
1.34974e+02 7.50000e+01
1.35163e+02 7.50000e+01
1.35352e+02 7.50000e+01
1.35545e+02 7.50000e+01
1.35734e+02 7.50000e+01
1.35925e+02 7.50000e+01
1.36117e+02 7.50000e+01
1.36307e+02 7.50000e+01
1.36498e+02 7.50000e+01
1.36686e+02 7.50000e+01
1.36876e+02 7.50000e+01
1.37066e+02 7.50000e+01
1.37258e+02 7.50000e+01
1.37451e+02 7.50000e+01
1.37643e+02 7.50000e+01
1.37833e+02 7.50000e+01
1.38024e+02 7.50000e+01
1.38214e+02 7.50000e+01
1.38406e+02 7.50000e+01
1.38596e+02 7.50000e+01
1.38786e+02 7.50000e+01
1.38976e+02 7.50000e+01
1.39165e+02 7.50000e+01
1.39353e+02 7.50000e+01
1.39546e+02 7.50000e+01
1.39736e+02 7.50000e+01
1.39927e+02 7.50000e+01
1.40117e+02 7.50000e+01
1.40307e+02 7.50000e+01
1.40500e+02 7.50000e+01
1.40691e+02 7.50000e+01
1.40880e+02 7.50000e+01
1.41069e+02 7.50000e+01
1.41260e+02 7.50000e+01
1.41452e+02 7.50000e+01
1.41642e+02 7.50000e+01
1.41835e+02 7.50000e+01
1.42026e+02 7.50000e+01
1.42218e+02 7.50000e+01
1.42411e+02 7.50000e+01
1.42602e+02 7.50000e+01
1.42802e+02 7.50000e+01
1.43006e+02 7.50000e+01
1.43197e+02 7.50000e+01
1.43391e+02 7.50000e+01
1.43581e+02 7.50000e+01
1.43771e+02 7.50000e+01
1.43961e+02 7.50000e+01
1.44152e+02 7.50000e+01
1.44341e+02 7.50000e+01
1.44533e+02 7.50000e+01
1.44724e+02 7.50000e+01
1.44912e+02 7.50000e+01
1.45100e+02 7.50000e+01
1.45289e+02 7.50000e+01
1.45479e+02 7.50000e+01
1.45668e+02 7.50000e+01
1.45856e+02 7.50000e+01
1.46044e+02 7.50000e+01
1.46232e+02 7.50000e+01
1.46425e+02 7.50000e+01
1.46613e+02 7.50000e+01
1.46802e+02 7.50000e+01
1.46990e+02 7.50000e+01
1.47179e+02 7.50000e+01
1.47369e+02 7.50000e+01
1.47561e+02 7.50000e+01
1.47751e+02 7.50000e+01
1.47940e+02 7.50000e+01
1.48129e+02 7.50000e+01
1.48318e+02 7.50000e+01
1.48510e+02 7.50000e+01
1.48699e+02 7.50000e+01
1.48889e+02 7.50000e+01
1.49079e+02 7.50000e+01
1.49268e+02 7.50000e+01
1.49459e+02 7.50000e+01
1.49649e+02 7.50000e+01
1.49838e+02 7.50000e+01
1.50027e+02 7.50000e+01
1.50216e+02 7.50000e+01
1.50406e+02 7.50000e+01
1.50594e+02 7.50000e+01
1.50783e+02 7.50000e+01
1.50974e+02 7.50000e+01
1.51165e+02 7.50000e+01
1.51356e+02 7.50000e+01
1.51550e+02 7.50000e+01
1.51740e+02 7.50000e+01
1.51929e+02 7.50000e+01
1.52119e+02 7.50000e+01
1.52309e+02 7.50000e+01
1.52500e+02 7.50000e+01
1.52689e+02 7.50000e+01
1.52878e+02 7.50000e+01
1.53068e+02 7.50000e+01
1.53257e+02 7.50000e+01
1.53448e+02 7.50000e+01
1.53637e+02 7.50000e+01
1.53827e+02 7.50000e+01
1.54016e+02 7.50000e+01
1.54206e+02 7.50000e+01
1.54398e+02 7.50000e+01
1.54589e+02 7.50000e+01
1.54778e+02 7.50000e+01
1.54967e+02 7.50000e+01
1.55156e+02 7.50000e+01
1.55344e+02 7.50000e+01
1.55536e+02 7.50000e+01
1.55726e+02 7.50000e+01
1.55915e+02 7.50000e+01
1.56105e+02 7.50000e+01
1.56294e+02 7.50000e+01
1.56484e+02 7.50000e+01
1.56674e+02 7.50000e+01
1.56863e+02 7.50000e+01
1.57052e+02 7.50000e+01
1.57242e+02 7.50000e+01
1.57434e+02 7.50000e+01
1.57625e+02 7.50000e+01
1.57829e+02 7.50000e+01
1.58035e+02 7.50000e+01
1.58225e+02 7.50000e+01
1.58416e+02 7.50000e+01
1.58606e+02 7.50000e+01
1.58795e+02 7.50000e+01
1.58985e+02 7.50000e+01
1.59174e+02 7.50000e+01
1.59363e+02 7.50000e+01
1.59556e+02 7.50000e+01
1.59744e+02 7.50000e+01
1.59933e+02 7.50000e+01
1.60123e+02 7.50000e+01
1.60313e+02 7.50000e+01
1.60506e+02 7.50000e+01
1.60694e+02 7.50000e+01
1.60885e+02 7.50000e+01
1.61075e+02 7.50000e+01
1.61265e+02 7.50000e+01
1.61458e+02 7.50000e+01
1.61646e+02 7.50000e+01
1.61835e+02 7.50000e+01
1.62025e+02 7.50000e+01
1.62215e+02 7.50000e+01
1.62421e+02 7.50000e+01
1.62612e+02 7.50000e+01
1.62802e+02 7.50000e+01
1.62990e+02 7.50000e+01
1.63179e+02 7.50000e+01
1.63369e+02 7.50000e+01
1.63562e+02 7.50000e+01
1.63750e+02 7.50000e+01
1.63939e+02 7.50000e+01
1.64130e+02 7.50000e+01
1.64319e+02 7.50000e+01
1.64512e+02 7.50000e+01
1.64701e+02 7.50000e+01
1.64891e+02 7.50000e+01
1.65082e+02 7.50000e+01
1.65270e+02 7.50000e+01
1.65461e+02 7.50000e+01
1.65649e+02 7.50000e+01
1.65839e+02 7.50000e+01
1.66028e+02 7.50000e+01
1.66217e+02 7.50000e+01
1.66407e+02 7.50000e+01
1.66598e+02 7.50000e+01
1.66786e+02 7.50000e+01
1.66976e+02 7.50000e+01
1.67166e+02 7.50000e+01
1.67357e+02 7.50000e+01
1.67551e+02 7.50000e+01
1.67740e+02 7.50000e+01
1.67930e+02 7.50000e+01
1.68121e+02 7.50000e+01
1.68310e+02 7.50000e+01
1.68501e+02 7.50000e+01
1.68691e+02 7.50000e+01
1.68880e+02 7.50000e+01
1.69070e+02 7.50000e+01
1.69261e+02 7.50000e+01
1.69458e+02 7.50000e+01
1.69649e+02 7.50000e+01
1.69839e+02 7.50000e+01
1.70029e+02 7.50000e+01
1.70218e+02 7.50000e+01
1.70409e+02 7.50000e+01
1.70601e+02 7.50000e+01
1.70790e+02 7.50000e+01
1.70978e+02 7.50000e+01
1.71169e+02 7.50000e+01
1.71359e+02 7.50000e+01
1.71551e+02 7.50000e+01
1.71739e+02 7.50000e+01
1.71930e+02 7.50000e+01
1.72120e+02 7.50000e+01
1.72310e+02 7.50000e+01
1.72503e+02 7.50000e+01
1.72693e+02 7.50000e+01
1.72899e+02 7.50000e+01
1.73095e+02 7.50000e+01
1.73286e+02 7.50000e+01
1.73477e+02 7.50000e+01
1.73666e+02 7.50000e+01
1.73856e+02 7.50000e+01
1.74046e+02 7.50000e+01
1.74237e+02 7.50000e+01
1.74429e+02 7.50000e+01
1.74621e+02 7.50000e+01
1.74809e+02 7.50000e+01
1.74998e+02 7.50000e+01
1.75188e+02 7.50000e+01
1.75379e+02 7.50000e+01
1.75571e+02 7.50000e+01
1.75762e+02 7.50000e+01
1.75951e+02 7.50000e+01
1.76142e+02 7.50000e+01
1.76332e+02 7.50000e+01
1.76527e+02 7.50000e+01
1.76717e+02 7.50000e+01
1.76907e+02 7.50000e+01
1.77096e+02 7.50000e+01
1.77289e+02 7.50000e+01
1.77485e+02 7.50000e+01
1.77673e+02 7.50000e+01
1.77864e+02 7.50000e+01
1.78053e+02 7.50000e+01
1.78243e+02 7.50000e+01
1.78433e+02 7.50000e+01
1.78624e+02 7.50000e+01
1.78816e+02 7.50000e+01
1.79006e+02 7.50000e+01
1.79197e+02 7.50000e+01
1.79385e+02 7.50000e+01
1.79577e+02 7.50000e+01
1.79766e+02 7.50000e+01
1.79956e+02 7.50000e+01
1.80146e+02 7.50000e+01
1.80334e+02 7.50000e+01
1.80524e+02 7.50000e+01
1.80714e+02 7.50000e+01
1.80904e+02 7.50000e+01
1.81094e+02 7.50000e+01
1.81283e+02 7.50000e+01
1.81475e+02 7.50000e+01
1.81665e+02 7.50000e+01
1.81856e+02 7.50000e+01
1.82046e+02 7.50000e+01
1.82235e+02 7.50000e+01
1.82425e+02 7.50000e+01
1.82616e+02 7.50000e+01
1.82805e+02 7.50000e+01
1.82996e+02 7.50000e+01
1.83187e+02 7.50000e+01
1.83377e+02 7.50000e+01
1.83569e+02 7.50000e+01
1.83757e+02 7.50000e+01
1.83946e+02 7.50000e+01
1.84135e+02 7.50000e+01
1.84325e+02 7.50000e+01
1.84515e+02 7.50000e+01
1.84705e+02 7.50000e+01
1.84895e+02 7.50000e+01
1.85085e+02 7.50000e+01
1.85275e+02 7.50000e+01
1.85466e+02 7.50000e+01
1.85656e+02 7.50000e+01
1.85845e+02 7.50000e+01
1.86035e+02 7.50000e+01
1.86225e+02 7.50000e+01
1.86415e+02 7.50000e+01
1.86606e+02 7.50000e+01
1.86795e+02 7.50000e+01
1.86986e+02 7.50000e+01
1.87174e+02 7.50000e+01
1.87363e+02 7.50000e+01
1.87556e+02 7.50000e+01
1.87745e+02 7.50000e+01
1.87956e+02 7.50000e+01
1.88147e+02 7.50000e+01
1.88337e+02 7.50000e+01
1.88530e+02 7.50000e+01
1.88720e+02 7.50000e+01
1.88909e+02 7.50000e+01
1.89099e+02 7.50000e+01
1.89289e+02 7.50000e+01
1.89481e+02 7.50000e+01
1.89671e+02 7.50000e+01
1.89860e+02 7.50000e+01
1.90049e+02 7.50000e+01
1.90239e+02 7.50000e+01
1.90427e+02 7.50000e+01
1.90618e+02 7.50000e+01
