1.98800e-02 6.34000e+02
2.17524e-01 4.76000e+02
4.11621e-01 3.36000e+02
6.02895e-01 2.68000e+02
7.94666e-01 2.58000e+02
9.87656e-01 2.84000e+02
1.18286e+00 2.86000e+02
1.39285e+00 2.57000e+02
1.59636e+00 2.12000e+02
1.78823e+00 2.04000e+02
1.97917e+00 1.87000e+02
2.17349e+00 1.89000e+02
2.36526e+00 1.25000e+02
2.55631e+00 1.11000e+02
2.74763e+00 1.07000e+02
2.93868e+00 1.08000e+02
3.13240e+00 1.28000e+02
3.32379e+00 9.50000e+01
3.51614e+00 9.90000e+01
3.70755e+00 9.10000e+01
3.89976e+00 8.90000e+01
4.09207e+00 8.20000e+01
4.28578e+00 9.10000e+01
4.47517e+00 9.60000e+01
4.66425e+00 1.15000e+02
4.85512e+00 1.26000e+02
5.04664e+00 1.18000e+02
5.23942e+00 1.09000e+02
5.42972e+00 9.40000e+01
5.61989e+00 8.70000e+01
5.81180e+00 1.01000e+02
6.00442e+00 8.00000e+01
6.19858e+00 6.90000e+01
6.38961e+00 7.50000e+01
6.58085e+00 8.70000e+01
6.77264e+00 8.80000e+01
6.96346e+00 1.20000e+02
7.15743e+00 1.30000e+02
7.34841e+00 1.03000e+02
7.54007e+00 1.10000e+02
7.73000e+00 9.30000e+01
7.92105e+00 7.90000e+01
8.11314e+00 7.60000e+01
8.30406e+00 8.10000e+01
8.49396e+00 7.70000e+01
8.68396e+00 1.24000e+02
8.87340e+00 8.10000e+01
9.06362e+00 1.16000e+02
9.25573e+00 1.15000e+02
9.44471e+00 7.00000e+01
9.63488e+00 7.90000e+01
9.82342e+00 7.80000e+01
1.00121e+01 7.70000e+01
1.02054e+01 7.60000e+01
1.03953e+01 1.09000e+02
1.05861e+01 1.17000e+02
1.07759e+01 1.30000e+02
1.09647e+01 1.22000e+02
1.11574e+01 1.35000e+02
1.13479e+01 1.49000e+02
1.15363e+01 1.58000e+02
1.17271e+01 1.49000e+02
1.19170e+01 1.45000e+02
1.21066e+01 1.33000e+02
1.22993e+01 1.79000e+02
1.24909e+01 1.61000e+02
1.26817e+01 1.34000e+02
1.28737e+01 9.80000e+01
1.30639e+01 8.90000e+01
1.32579e+01 8.10000e+01
1.34481e+01 8.10000e+01
1.36382e+01 8.10000e+01
1.38302e+01 8.10000e+01
1.40185e+01 8.10000e+01
1.42102e+01 8.10000e+01
1.43989e+01 8.10000e+01
1.45882e+01 8.10000e+01
1.47782e+01 8.10000e+01
1.49667e+01 8.10000e+01
1.51595e+01 8.10000e+01
1.53494e+01 8.10000e+01
1.55390e+01 8.10000e+01
1.57292e+01 8.10000e+01
1.59194e+01 8.10000e+01
1.61105e+01 8.10000e+01
1.63160e+01 8.10000e+01
1.65286e+01 8.10000e+01
1.67245e+01 8.10000e+01
1.69133e+01 8.10000e+01
1.71031e+01 8.10000e+01
1.72946e+01 8.10000e+01
1.74842e+01 8.10000e+01
1.76740e+01 8.10000e+01
1.78632e+01 8.10000e+01
1.80508e+01 8.10000e+01
1.82442e+01 8.10000e+01
1.84336e+01 8.10000e+01
1.86230e+01 8.10000e+01
1.88132e+01 8.10000e+01
1.90016e+01 8.10000e+01
1.91925e+01 8.10000e+01
1.93829e+01 8.10000e+01
1.95713e+01 8.10000e+01
1.97601e+01 8.10000e+01
1.99495e+01 8.10000e+01
2.01415e+01 8.10000e+01
2.03294e+01 8.10000e+01
2.05174e+01 8.10000e+01
2.07069e+01 8.10000e+01
2.08988e+01 8.10000e+01
2.10877e+01 8.10000e+01
2.12811e+01 8.10000e+01
2.14712e+01 8.10000e+01
2.16606e+01 8.10000e+01
2.18485e+01 8.10000e+01
2.20398e+01 8.10000e+01
2.22320e+01 8.10000e+01
2.24221e+01 8.10000e+01
2.26114e+01 8.10000e+01
2.28009e+01 8.10000e+01
2.29904e+01 8.10000e+01
2.31837e+01 8.10000e+01
2.33733e+01 8.10000e+01
2.35626e+01 8.10000e+01
2.37511e+01 8.10000e+01
2.39414e+01 8.10000e+01
2.41318e+01 8.10000e+01
2.43215e+01 8.10000e+01
2.45103e+01 8.10000e+01
2.46994e+01 8.10000e+01
2.48878e+01 8.10000e+01
2.50785e+01 8.10000e+01
2.52704e+01 8.10000e+01
2.54601e+01 8.10000e+01
2.56507e+01 8.10000e+01
2.58391e+01 8.10000e+01
2.60271e+01 8.10000e+01
2.62191e+01 8.10000e+01
2.64073e+01 8.10000e+01
2.65968e+01 8.10000e+01
2.67857e+01 8.10000e+01
2.69751e+01 8.10000e+01
2.71665e+01 8.10000e+01
2.73555e+01 8.10000e+01
2.75441e+01 8.10000e+01
2.77335e+01 8.10000e+01
2.79219e+01 8.10000e+01
2.81115e+01 8.10000e+01
2.83021e+01 8.10000e+01
2.84906e+01 8.10000e+01
2.86791e+01 8.10000e+01
2.88689e+01 8.10000e+01
2.90581e+01 8.10000e+01
2.92503e+01 8.10000e+01
2.94385e+01 8.10000e+01
2.96280e+01 8.10000e+01
2.98166e+01 8.10000e+01
3.00046e+01 8.10000e+01
3.01970e+01 8.10000e+01
3.03855e+01 8.10000e+01
3.05741e+01 8.10000e+01
3.07657e+01 8.10000e+01
3.09548e+01 8.10000e+01
3.11470e+01 8.10000e+01
3.13557e+01 8.10000e+01
3.15576e+01 8.10000e+01
3.17472e+01 8.10000e+01
3.19369e+01 8.10000e+01
3.21257e+01 8.10000e+01
3.23171e+01 8.10000e+01
3.25064e+01 8.10000e+01
3.26959e+01 8.10000e+01
3.28846e+01 8.10000e+01
3.30733e+01 8.10000e+01
3.32641e+01 8.10000e+01
3.34533e+01 8.10000e+01
3.36421e+01 8.10000e+01
3.38320e+01 8.10000e+01
3.40202e+01 8.10000e+01
3.42134e+01 8.10000e+01
3.44033e+01 8.10000e+01
3.45919e+01 8.10000e+01
3.47811e+01 8.10000e+01
3.49711e+01 8.10000e+01
3.51612e+01 8.10000e+01
3.53507e+01 8.10000e+01
3.55391e+01 8.10000e+01
3.57281e+01 8.10000e+01
3.59178e+01 8.10000e+01
3.61063e+01 8.10000e+01
3.62999e+01 8.10000e+01
3.64910e+01 8.10000e+01
3.66829e+01 8.10000e+01
3.68732e+01 8.10000e+01
3.70630e+01 8.10000e+01
3.72554e+01 8.10000e+01
3.74436e+01 8.10000e+01
3.76324e+01 8.10000e+01
3.78213e+01 8.10000e+01
3.80102e+01 8.10000e+01
3.82015e+01 8.10000e+01
3.83909e+01 8.10000e+01
3.85799e+01 8.10000e+01
3.87684e+01 8.10000e+01
3.89554e+01 8.10000e+01
3.91440e+01 8.10000e+01
3.93351e+01 8.10000e+01
3.95239e+01 8.10000e+01
3.97132e+01 8.10000e+01
3.99023e+01 8.10000e+01
4.00906e+01 8.10000e+01
4.02829e+01 8.10000e+01
4.04710e+01 8.10000e+01
4.06589e+01 8.10000e+01
4.08462e+01 8.10000e+01
4.10336e+01 8.10000e+01
4.12255e+01 8.10000e+01
4.14146e+01 8.10000e+01
4.16034e+01 8.10000e+01
4.17903e+01 8.10000e+01
4.19787e+01 8.10000e+01
4.21705e+01 8.10000e+01
4.23606e+01 8.10000e+01
4.25692e+01 8.10000e+01
4.27760e+01 8.10000e+01
4.29734e+01 8.10000e+01
4.31692e+01 8.10000e+01
4.33626e+01 8.10000e+01
4.35540e+01 8.10000e+01
4.37433e+01 8.10000e+01
4.39318e+01 8.10000e+01
4.41209e+01 8.10000e+01
4.43120e+01 8.10000e+01
4.45038e+01 8.10000e+01
4.46944e+01 8.10000e+01
4.48856e+01 8.10000e+01
4.50768e+01 8.10000e+01
4.52699e+01 8.10000e+01
4.54588e+01 8.10000e+01
4.56480e+01 8.10000e+01
4.58372e+01 8.10000e+01
4.60279e+01 8.10000e+01
4.62214e+01 8.10000e+01
4.64370e+01 8.10000e+01
4.66307e+01 8.10000e+01
4.68213e+01 8.10000e+01
4.70111e+01 8.10000e+01
4.72044e+01 8.10000e+01
4.73946e+01 8.10000e+01
4.75850e+01 8.10000e+01
4.77752e+01 8.10000e+01
4.79658e+01 8.10000e+01
4.81567e+01 8.10000e+01
4.83494e+01 8.10000e+01
4.85408e+01 8.10000e+01
4.87298e+01 8.10000e+01
4.89182e+01 8.10000e+01
4.91072e+01 8.10000e+01
4.92975e+01 8.10000e+01
4.94866e+01 8.10000e+01
4.96764e+01 8.10000e+01
4.98672e+01 8.10000e+01
5.00578e+01 8.10000e+01
5.02499e+01 8.10000e+01
5.04395e+01 8.10000e+01
5.06295e+01 8.10000e+01
5.08190e+01 8.10000e+01
5.10062e+01 8.10000e+01
5.11975e+01 8.10000e+01
5.13875e+01 8.10000e+01
5.15771e+01 8.10000e+01
5.17670e+01 8.10000e+01
5.19563e+01 8.10000e+01
5.21458e+01 8.10000e+01
5.23363e+01 8.10000e+01
5.25268e+01 8.10000e+01
5.27154e+01 8.10000e+01
5.29053e+01 8.10000e+01
5.30941e+01 8.10000e+01
5.32865e+01 8.10000e+01
5.34748e+01 8.10000e+01
5.36653e+01 8.10000e+01
5.38550e+01 8.10000e+01
5.40439e+01 8.10000e+01
5.42359e+01 8.10000e+01
5.44240e+01 8.10000e+01
5.46128e+01 8.10000e+01
5.48016e+01 8.10000e+01
5.49901e+01 8.10000e+01
5.51825e+01 8.10000e+01
5.53727e+01 8.10000e+01
5.55629e+01 8.10000e+01
5.57528e+01 8.10000e+01
5.59427e+01 8.10000e+01
5.61305e+01 8.10000e+01
5.63227e+01 8.10000e+01
5.65132e+01 8.10000e+01
5.67027e+01 8.10000e+01
5.68915e+01 8.10000e+01
5.70819e+01 8.10000e+01
5.72733e+01 8.10000e+01
5.74636e+01 8.10000e+01
5.76542e+01 8.10000e+01
5.78440e+01 8.10000e+01
5.80345e+01 8.10000e+01
5.82275e+01 8.10000e+01
5.84151e+01 8.10000e+01
5.86048e+01 8.10000e+01
5.87945e+01 8.10000e+01
5.89832e+01 8.10000e+01
5.91722e+01 8.10000e+01
5.93652e+01 8.10000e+01
5.95550e+01 8.10000e+01
5.97448e+01 8.10000e+01
5.99328e+01 8.10000e+01
6.01218e+01 8.10000e+01
6.03138e+01 8.10000e+01
6.05040e+01 8.10000e+01
6.06938e+01 8.10000e+01
6.08837e+01 8.10000e+01
6.10725e+01 8.10000e+01
6.12714e+01 8.10000e+01
6.14768e+01 8.10000e+01
6.16694e+01 8.10000e+01
6.18591e+01 8.10000e+01
6.20490e+01 8.10000e+01
6.22434e+01 8.10000e+01
6.24333e+01 8.10000e+01
6.26226e+01 8.10000e+01
6.28127e+01 8.10000e+01
6.30025e+01 8.10000e+01
6.31949e+01 8.10000e+01
6.33864e+01 8.10000e+01
6.35772e+01 8.10000e+01
6.37690e+01 8.10000e+01
6.39617e+01 8.10000e+01
6.41519e+01 8.10000e+01
6.43425e+01 8.10000e+01
6.45333e+01 8.10000e+01
6.47226e+01 8.10000e+01
6.49128e+01 8.10000e+01
6.51027e+01 8.10000e+01
6.52957e+01 8.10000e+01
6.54849e+01 8.10000e+01
6.56752e+01 8.10000e+01
6.58670e+01 8.10000e+01
6.60562e+01 8.10000e+01
6.62478e+01 8.10000e+01
6.64357e+01 8.10000e+01
6.66251e+01 8.10000e+01
6.68138e+01 8.10000e+01
6.70056e+01 8.10000e+01
6.71993e+01 8.10000e+01
6.73902e+01 8.10000e+01
6.75800e+01 8.10000e+01
6.77706e+01 8.10000e+01
6.79617e+01 8.10000e+01
6.81515e+01 8.10000e+01
6.83423e+01 8.10000e+01
6.85337e+01 8.10000e+01
6.87230e+01 8.10000e+01
6.89115e+01 8.10000e+01
6.91024e+01 8.10000e+01
6.92953e+01 8.10000e+01
6.94853e+01 8.10000e+01
6.96766e+01 8.10000e+01
6.98654e+01 8.10000e+01
7.00550e+01 8.10000e+01
7.02480e+01 8.10000e+01
7.04367e+01 8.10000e+01
7.06274e+01 8.10000e+01
7.08191e+01 8.10000e+01
7.10085e+01 8.10000e+01
7.12024e+01 8.10000e+01
7.13934e+01 8.10000e+01
7.15835e+01 8.10000e+01
7.17739e+01 8.10000e+01
7.19639e+01 8.10000e+01
7.21533e+01 8.10000e+01
7.23469e+01 8.10000e+01
7.25368e+01 8.10000e+01
7.27264e+01 8.10000e+01
7.29145e+01 8.10000e+01
7.31045e+01 8.10000e+01
7.32959e+01 8.10000e+01
7.34865e+01 8.10000e+01
7.36766e+01 8.10000e+01
7.38681e+01 8.10000e+01
7.40567e+01 8.10000e+01
7.42513e+01 8.10000e+01
7.44405e+01 8.10000e+01
7.46324e+01 8.10000e+01
7.48231e+01 8.10000e+01
7.50136e+01 8.10000e+01
7.52048e+01 8.10000e+01
7.53955e+01 8.10000e+01
7.55850e+01 8.10000e+01
7.57769e+01 8.10000e+01
7.59669e+01 8.10000e+01
7.61573e+01 8.10000e+01
7.63681e+01 8.10000e+01
7.65642e+01 8.10000e+01
7.67554e+01 8.10000e+01
7.69465e+01 8.10000e+01
7.71366e+01 8.10000e+01
7.73303e+01 8.10000e+01
7.75210e+01 8.10000e+01
7.77119e+01 8.10000e+01
7.79023e+01 8.10000e+01
7.80932e+01 8.10000e+01
7.82853e+01 8.10000e+01
7.84751e+01 8.10000e+01
7.86639e+01 8.10000e+01
7.88552e+01 8.10000e+01
7.90445e+01 8.10000e+01
7.92355e+01 8.10000e+01
7.94245e+01 8.10000e+01
7.96151e+01 8.10000e+01
7.98045e+01 8.10000e+01
7.99953e+01 8.10000e+01
8.01858e+01 8.10000e+01
8.03790e+01 8.10000e+01
8.05685e+01 8.10000e+01
8.07615e+01 8.10000e+01
8.09618e+01 8.10000e+01
8.11527e+01 8.10000e+01
8.13478e+01 8.10000e+01
8.15388e+01 8.10000e+01
8.17292e+01 8.10000e+01
8.19198e+01 8.10000e+01
8.21086e+01 8.10000e+01
8.23005e+01 8.10000e+01
8.24896e+01 8.10000e+01
8.26792e+01 8.10000e+01
8.28695e+01 8.10000e+01
8.30596e+01 8.10000e+01
8.32504e+01 8.10000e+01
8.34420e+01 8.10000e+01
8.36315e+01 8.10000e+01
8.38229e+01 8.10000e+01
8.40127e+01 8.10000e+01
8.42014e+01 8.10000e+01
8.43933e+01 8.10000e+01
8.45852e+01 8.10000e+01
8.47750e+01 8.10000e+01
8.49655e+01 8.10000e+01
8.51554e+01 8.10000e+01
8.53493e+01 8.10000e+01
8.55390e+01 8.10000e+01
8.57300e+01 8.10000e+01
8.59187e+01 8.10000e+01
8.61081e+01 8.10000e+01
8.63023e+01 8.10000e+01
8.64928e+01 8.10000e+01
8.66819e+01 8.10000e+01
8.68726e+01 8.10000e+01
8.70612e+01 8.10000e+01
8.72548e+01 8.10000e+01
8.74438e+01 8.10000e+01
8.76334e+01 8.10000e+01
8.78235e+01 8.10000e+01
8.80130e+01 8.10000e+01
8.82034e+01 8.10000e+01
8.83954e+01 8.10000e+01
8.85861e+01 8.10000e+01
8.87754e+01 8.10000e+01
8.89643e+01 8.10000e+01
8.91547e+01 8.10000e+01
8.93474e+01 8.10000e+01
8.95377e+01 8.10000e+01
8.97284e+01 8.10000e+01
8.99188e+01 8.10000e+01
9.01087e+01 8.10000e+01
9.03014e+01 8.10000e+01
9.04904e+01 8.10000e+01
9.06809e+01 8.10000e+01
9.08719e+01 8.10000e+01
9.10615e+01 8.10000e+01
9.12586e+01 8.10000e+01
9.14700e+01 8.10000e+01
9.16655e+01 8.10000e+01
9.18566e+01 8.10000e+01
9.20470e+01 8.10000e+01
9.22399e+01 8.10000e+01
9.24296e+01 8.10000e+01
9.26206e+01 8.10000e+01
9.28104e+01 8.10000e+01
9.29998e+01 8.10000e+01
9.31886e+01 8.10000e+01
9.33827e+01 8.10000e+01
9.35719e+01 8.10000e+01
9.37618e+01 8.10000e+01
9.39510e+01 8.10000e+01
9.41391e+01 8.10000e+01
9.43300e+01 8.10000e+01
9.45199e+01 8.10000e+01
9.47097e+01 8.10000e+01
9.49000e+01 8.10000e+01
9.50890e+01 8.10000e+01
9.52821e+01 8.10000e+01
9.54728e+01 8.10000e+01
9.56627e+01 8.10000e+01
9.58622e+01 8.10000e+01
9.60534e+01 8.10000e+01
9.62446e+01 8.10000e+01
9.64335e+01 8.10000e+01
9.66239e+01 8.10000e+01
9.68140e+01 8.10000e+01
9.70032e+01 8.10000e+01
9.71932e+01 8.10000e+01
9.73879e+01 8.10000e+01
9.75790e+01 8.10000e+01
9.77704e+01 8.10000e+01
9.79612e+01 8.10000e+01
9.81516e+01 8.10000e+01
9.83447e+01 8.10000e+01
9.85349e+01 8.10000e+01
9.87259e+01 8.10000e+01
9.89166e+01 8.10000e+01
9.91075e+01 8.10000e+01
9.92994e+01 8.10000e+01
9.94904e+01 8.10000e+01
9.96814e+01 8.10000e+01
9.98714e+01 8.10000e+01
1.00062e+02 8.10000e+01
1.00256e+02 8.10000e+01
1.00445e+02 8.10000e+01
1.00636e+02 8.10000e+01
1.00825e+02 8.10000e+01
1.01014e+02 8.10000e+01
1.01205e+02 8.10000e+01
1.01399e+02 8.10000e+01
1.01590e+02 8.10000e+01
1.01780e+02 8.10000e+01
1.01970e+02 8.10000e+01
1.02161e+02 8.10000e+01
1.02355e+02 8.10000e+01
1.02546e+02 8.10000e+01
1.02736e+02 8.10000e+01
1.02930e+02 8.10000e+01
1.03123e+02 8.10000e+01
1.03317e+02 8.10000e+01
1.03509e+02 8.10000e+01
1.03700e+02 8.10000e+01
1.03890e+02 8.10000e+01
1.04081e+02 8.10000e+01
1.04274e+02 8.10000e+01
1.04465e+02 8.10000e+01
1.04656e+02 8.10000e+01
1.04848e+02 8.10000e+01
1.05040e+02 8.10000e+01
1.05233e+02 8.10000e+01
1.05428e+02 8.10000e+01
1.05623e+02 8.10000e+01
1.05814e+02 8.10000e+01
1.06005e+02 8.10000e+01
1.06196e+02 8.10000e+01
1.06410e+02 8.10000e+01
1.06610e+02 8.10000e+01
1.06802e+02 8.10000e+01
1.06992e+02 8.10000e+01
1.07183e+02 8.10000e+01
1.07377e+02 8.10000e+01
1.07569e+02 8.10000e+01
1.07760e+02 8.10000e+01
1.07950e+02 8.10000e+01
1.08140e+02 8.10000e+01
1.08333e+02 8.10000e+01
1.08523e+02 8.10000e+01
1.08715e+02 8.10000e+01
1.08905e+02 8.10000e+01
1.09095e+02 8.10000e+01
1.09288e+02 8.10000e+01
1.09479e+02 8.10000e+01
1.09668e+02 8.10000e+01
1.09861e+02 8.10000e+01
1.10052e+02 8.10000e+01
1.10242e+02 8.10000e+01
1.10435e+02 8.10000e+01
1.10627e+02 8.10000e+01
1.10823e+02 8.10000e+01
1.11015e+02 8.10000e+01
1.11205e+02 8.10000e+01
1.11400e+02 8.10000e+01
1.11591e+02 8.10000e+01
1.11781e+02 8.10000e+01
1.11972e+02 8.10000e+01
1.12162e+02 8.10000e+01
1.12357e+02 8.10000e+01
1.12548e+02 8.10000e+01
1.12738e+02 8.10000e+01
1.12929e+02 8.10000e+01
1.13118e+02 8.10000e+01
1.13311e+02 8.10000e+01
1.13500e+02 8.10000e+01
1.13691e+02 8.10000e+01
1.13881e+02 8.10000e+01
1.14072e+02 8.10000e+01
1.14265e+02 8.10000e+01
1.14458e+02 8.10000e+01
1.14650e+02 8.10000e+01
1.14841e+02 8.10000e+01
1.15032e+02 8.10000e+01
1.15223e+02 8.10000e+01
1.15418e+02 8.10000e+01
1.15610e+02 8.10000e+01
1.15800e+02 8.10000e+01
1.15990e+02 8.10000e+01
1.16181e+02 8.10000e+01
1.16375e+02 8.10000e+01
1.16565e+02 8.10000e+01
1.16755e+02 8.10000e+01
1.16944e+02 8.10000e+01
1.17135e+02 8.10000e+01
1.17328e+02 8.10000e+01
1.17519e+02 8.10000e+01
1.17708e+02 8.10000e+01
1.17899e+02 8.10000e+01
1.18087e+02 8.10000e+01
1.18280e+02 8.10000e+01
1.18472e+02 8.10000e+01
1.18662e+02 8.10000e+01
1.18853e+02 8.10000e+01
1.19045e+02 8.10000e+01
1.19236e+02 8.10000e+01
1.19429e+02 8.10000e+01
1.19619e+02 8.10000e+01
1.19810e+02 8.10000e+01
1.20000e+02 8.10000e+01
1.20190e+02 8.10000e+01
1.20382e+02 8.10000e+01
1.20574e+02 8.10000e+01
1.20765e+02 8.10000e+01
1.20956e+02 8.10000e+01
1.21147e+02 8.10000e+01
1.21355e+02 8.10000e+01
1.21558e+02 8.10000e+01
1.21748e+02 8.10000e+01
1.21938e+02 8.10000e+01
1.22128e+02 8.10000e+01
1.22320e+02 8.10000e+01
1.22512e+02 8.10000e+01
1.22702e+02 8.10000e+01
1.22893e+02 8.10000e+01
1.23084e+02 8.10000e+01
1.23276e+02 8.10000e+01
1.23467e+02 8.10000e+01
1.23657e+02 8.10000e+01
1.23847e+02 8.10000e+01
1.24038e+02 8.10000e+01
1.24227e+02 8.10000e+01
1.24421e+02 8.10000e+01
1.24613e+02 8.10000e+01
1.24805e+02 8.10000e+01
1.24995e+02 8.10000e+01
1.25185e+02 8.10000e+01
1.25378e+02 8.10000e+01
1.25570e+02 8.10000e+01
1.25761e+02 8.10000e+01
1.25958e+02 8.10000e+01
1.26148e+02 8.10000e+01
1.26343e+02 8.10000e+01
1.26535e+02 8.10000e+01
1.26725e+02 8.10000e+01
1.26916e+02 8.10000e+01
1.27107e+02 8.10000e+01
1.27300e+02 8.10000e+01
1.27493e+02 8.10000e+01
1.27685e+02 8.10000e+01
1.27875e+02 8.10000e+01
1.28065e+02 8.10000e+01
1.28257e+02 8.10000e+01
1.28452e+02 8.10000e+01
1.28643e+02 8.10000e+01
1.28833e+02 8.10000e+01
1.29024e+02 8.10000e+01
1.29214e+02 8.10000e+01
1.29408e+02 8.10000e+01
1.29599e+02 8.10000e+01
1.29789e+02 8.10000e+01
1.29980e+02 8.10000e+01
1.30172e+02 8.10000e+01
1.30365e+02 8.10000e+01
1.30558e+02 8.10000e+01
1.30748e+02 8.10000e+01
1.30939e+02 8.10000e+01
1.31131e+02 8.10000e+01
1.31324e+02 8.10000e+01
1.31516e+02 8.10000e+01
1.31709e+02 8.10000e+01
1.31900e+02 8.10000e+01
1.32091e+02 8.10000e+01
1.32285e+02 8.10000e+01
1.32476e+02 8.10000e+01
1.32667e+02 8.10000e+01
1.32860e+02 8.10000e+01
1.33052e+02 8.10000e+01
1.33243e+02 8.10000e+01
1.33438e+02 8.10000e+01
1.33630e+02 8.10000e+01
1.33822e+02 8.10000e+01
1.34011e+02 8.10000e+01
1.34201e+02 8.10000e+01
1.34394e+02 8.10000e+01
1.34585e+02 8.10000e+01
1.34775e+02 8.10000e+01
1.34965e+02 8.10000e+01
1.35157e+02 8.10000e+01
1.35350e+02 8.10000e+01
1.35542e+02 8.10000e+01
1.35733e+02 8.10000e+01
1.35923e+02 8.10000e+01
1.36112e+02 8.10000e+01
1.36317e+02 8.10000e+01
1.36520e+02 8.10000e+01
1.36713e+02 8.10000e+01
1.36904e+02 8.10000e+01
1.37094e+02 8.10000e+01
1.37284e+02 8.10000e+01
1.37477e+02 8.10000e+01
1.37667e+02 8.10000e+01
1.37856e+02 8.10000e+01
1.38046e+02 8.10000e+01
1.38236e+02 8.10000e+01
1.38430e+02 8.10000e+01
1.38620e+02 8.10000e+01
1.38811e+02 8.10000e+01
1.39003e+02 8.10000e+01
1.39193e+02 8.10000e+01
1.39385e+02 8.10000e+01
1.39577e+02 8.10000e+01
1.39768e+02 8.10000e+01
1.39958e+02 8.10000e+01
1.40149e+02 8.10000e+01
1.40341e+02 8.10000e+01
1.40533e+02 8.10000e+01
1.40722e+02 8.10000e+01
1.40928e+02 8.10000e+01
1.41122e+02 8.10000e+01
1.41315e+02 8.10000e+01
1.41507e+02 8.10000e+01
1.41698e+02 8.10000e+01
1.41888e+02 8.10000e+01
1.42080e+02 8.10000e+01
1.42270e+02 8.10000e+01
1.42464e+02 8.10000e+01
1.42656e+02 8.10000e+01
1.42846e+02 8.10000e+01
1.43037e+02 8.10000e+01
1.43228e+02 8.10000e+01
1.43422e+02 8.10000e+01
1.43613e+02 8.10000e+01
1.43804e+02 8.10000e+01
1.43993e+02 8.10000e+01
1.44183e+02 8.10000e+01
1.44376e+02 8.10000e+01
1.44566e+02 8.10000e+01
1.44756e+02 8.10000e+01
1.44947e+02 8.10000e+01
1.45138e+02 8.10000e+01
1.45330e+02 8.10000e+01
1.45520e+02 8.10000e+01
1.45711e+02 8.10000e+01
1.45902e+02 8.10000e+01
1.46092e+02 8.10000e+01
1.46281e+02 8.10000e+01
1.46474e+02 8.10000e+01
1.46666e+02 8.10000e+01
1.46857e+02 8.10000e+01
1.47048e+02 8.10000e+01
1.47239e+02 8.10000e+01
1.47432e+02 8.10000e+01
1.47622e+02 8.10000e+01
1.47813e+02 8.10000e+01
1.48003e+02 8.10000e+01
1.48193e+02 8.10000e+01
1.48386e+02 8.10000e+01
1.48577e+02 8.10000e+01
1.48768e+02 8.10000e+01
1.48960e+02 8.10000e+01
1.49150e+02 8.10000e+01
1.49344e+02 8.10000e+01
1.49535e+02 8.10000e+01
1.49727e+02 8.10000e+01
1.49916e+02 8.10000e+01
1.50105e+02 8.10000e+01
1.50296e+02 8.10000e+01
1.50491e+02 8.10000e+01
1.50683e+02 8.10000e+01
1.50875e+02 8.10000e+01
1.51063e+02 8.10000e+01
1.51258e+02 8.10000e+01
1.51470e+02 8.10000e+01
1.51661e+02 8.10000e+01
1.51852e+02 8.10000e+01
1.52042e+02 8.10000e+01
1.52232e+02 8.10000e+01
1.52426e+02 8.10000e+01
1.52617e+02 8.10000e+01
1.52808e+02 8.10000e+01
1.52999e+02 8.10000e+01
1.53189e+02 8.10000e+01
1.53383e+02 8.10000e+01
1.53576e+02 8.10000e+01
1.53767e+02 8.10000e+01
1.53958e+02 8.10000e+01
1.54148e+02 8.10000e+01
1.54342e+02 8.10000e+01
1.54533e+02 8.10000e+01
1.54724e+02 8.10000e+01
1.54916e+02 8.10000e+01
1.55109e+02 8.10000e+01
1.55298e+02 8.10000e+01
1.55492e+02 8.10000e+01
1.55681e+02 8.10000e+01
1.55874e+02 8.10000e+01
1.56064e+02 8.10000e+01
1.56253e+02 8.10000e+01
1.56447e+02 8.10000e+01
1.56637e+02 8.10000e+01
1.56828e+02 8.10000e+01
1.57018e+02 8.10000e+01
1.57208e+02 8.10000e+01
1.57402e+02 8.10000e+01
1.57594e+02 8.10000e+01
1.57784e+02 8.10000e+01
1.57973e+02 8.10000e+01
1.58164e+02 8.10000e+01
1.58358e+02 8.10000e+01
1.58548e+02 8.10000e+01
1.58740e+02 8.10000e+01
1.58930e+02 8.10000e+01
1.59120e+02 8.10000e+01
1.59312e+02 8.10000e+01
1.59507e+02 8.10000e+01
1.59697e+02 8.10000e+01
1.59886e+02 8.10000e+01
1.60078e+02 8.10000e+01
1.60270e+02 8.10000e+01
1.60464e+02 8.10000e+01
1.60656e+02 8.10000e+01
1.60847e+02 8.10000e+01
1.61038e+02 8.10000e+01
1.61229e+02 8.10000e+01
1.61423e+02 8.10000e+01
1.61613e+02 8.10000e+01
1.61804e+02 8.10000e+01
1.61993e+02 8.10000e+01
1.62184e+02 8.10000e+01
1.62378e+02 8.10000e+01
1.62568e+02 8.10000e+01
1.62759e+02 8.10000e+01
1.62949e+02 8.10000e+01
1.63145e+02 8.10000e+01
1.63338e+02 8.10000e+01
1.63530e+02 8.10000e+01
1.63720e+02 8.10000e+01
1.63911e+02 8.10000e+01
1.64101e+02 8.10000e+01
1.64292e+02 8.10000e+01
1.64486e+02 8.10000e+01
1.64677e+02 8.10000e+01
1.64866e+02 8.10000e+01
1.65057e+02 8.10000e+01
1.65246e+02 8.10000e+01
1.65439e+02 8.10000e+01
1.65629e+02 8.10000e+01
1.65820e+02 8.10000e+01
1.66009e+02 8.10000e+01
1.66201e+02 8.10000e+01
1.66418e+02 8.10000e+01
1.66614e+02 8.10000e+01
1.66804e+02 8.10000e+01
1.66993e+02 8.10000e+01
1.67184e+02 8.10000e+01
1.67378e+02 8.10000e+01
1.67568e+02 8.10000e+01
1.67760e+02 8.10000e+01
1.67952e+02 8.10000e+01
1.68143e+02 8.10000e+01
1.68336e+02 8.10000e+01
1.68529e+02 8.10000e+01
1.68719e+02 8.10000e+01
1.68910e+02 8.10000e+01
1.69101e+02 8.10000e+01
1.69289e+02 8.10000e+01
1.69483e+02 8.10000e+01
1.69674e+02 8.10000e+01
1.69864e+02 8.10000e+01
1.70055e+02 8.10000e+01
1.70245e+02 8.10000e+01
1.70439e+02 8.10000e+01
1.70630e+02 8.10000e+01
1.70823e+02 8.10000e+01
1.71013e+02 8.10000e+01
1.71204e+02 8.10000e+01
1.71393e+02 8.10000e+01
1.71584e+02 8.10000e+01
1.71774e+02 8.10000e+01
1.71964e+02 8.10000e+01
1.72155e+02 8.10000e+01
1.72348e+02 8.10000e+01
1.72539e+02 8.10000e+01
1.72730e+02 8.10000e+01
1.72919e+02 8.10000e+01
1.73110e+02 8.10000e+01
1.73299e+02 8.10000e+01
1.73493e+02 8.10000e+01
1.73683e+02 8.10000e+01
1.73873e+02 8.10000e+01
1.74064e+02 8.10000e+01
1.74257e+02 8.10000e+01
1.74450e+02 8.10000e+01
1.74641e+02 8.10000e+01
1.74830e+02 8.10000e+01
1.75020e+02 8.10000e+01
1.75210e+02 8.10000e+01
1.75403e+02 8.10000e+01
1.75594e+02 8.10000e+01
1.75785e+02 8.10000e+01
1.75975e+02 8.10000e+01
1.76165e+02 8.10000e+01
1.76356e+02 8.10000e+01
1.76546e+02 8.10000e+01
1.76734e+02 8.10000e+01
1.76924e+02 8.10000e+01
1.77113e+02 8.10000e+01
1.77302e+02 8.10000e+01
1.77494e+02 8.10000e+01
1.77684e+02 8.10000e+01
1.77874e+02 8.10000e+01
1.78063e+02 8.10000e+01
1.78253e+02 8.10000e+01
1.78447e+02 8.10000e+01
1.78636e+02 8.10000e+01
1.78827e+02 8.10000e+01
1.79017e+02 8.10000e+01
1.79210e+02 8.10000e+01
1.79403e+02 8.10000e+01
1.79592e+02 8.10000e+01
1.79783e+02 8.10000e+01
1.79973e+02 8.10000e+01
1.80163e+02 8.10000e+01
1.80356e+02 8.10000e+01
1.80546e+02 8.10000e+01
1.80737e+02 8.10000e+01
1.80926e+02 8.10000e+01
1.81116e+02 8.10000e+01
1.81318e+02 8.10000e+01
1.81521e+02 8.10000e+01
1.81711e+02 8.10000e+01
1.81900e+02 8.10000e+01
1.82089e+02 8.10000e+01
1.82281e+02 8.10000e+01
1.82472e+02 8.10000e+01
1.82661e+02 8.10000e+01
1.82850e+02 8.10000e+01
1.83040e+02 8.10000e+01
1.83231e+02 8.10000e+01
1.83424e+02 8.10000e+01
1.83614e+02 8.10000e+01
1.83805e+02 8.10000e+01
1.83994e+02 8.10000e+01
1.84183e+02 8.10000e+01
1.84375e+02 8.10000e+01
1.84567e+02 8.10000e+01
1.84757e+02 8.10000e+01
1.84947e+02 8.10000e+01
1.85138e+02 8.10000e+01
1.85327e+02 8.10000e+01
1.85520e+02 8.10000e+01
1.85709e+02 8.10000e+01
1.85900e+02 8.10000e+01
1.86090e+02 8.10000e+01
1.86280e+02 8.10000e+01
1.86473e+02 8.10000e+01
1.86662e+02 8.10000e+01
1.86852e+02 8.10000e+01
1.87042e+02 8.10000e+01
1.87232e+02 8.10000e+01
1.87425e+02 8.10000e+01
1.87616e+02 8.10000e+01
1.87807e+02 8.10000e+01
1.87998e+02 8.10000e+01
1.88189e+02 8.10000e+01
1.88380e+02 8.10000e+01
1.88571e+02 8.10000e+01
1.88762e+02 8.10000e+01
1.88952e+02 8.10000e+01
1.89142e+02 8.10000e+01
1.89332e+02 8.10000e+01
1.89525e+02 8.10000e+01
1.89715e+02 8.10000e+01
1.89905e+02 8.10000e+01
1.90094e+02 8.10000e+01
1.90285e+02 8.10000e+01
1.90476e+02 8.10000e+01
1.90666e+02 8.10000e+01
1.90857e+02 8.10000e+01
1.91045e+02 8.10000e+01
