2.15480e-02 6.64000e+02
2.16685e-01 5.10000e+02
4.09390e-01 3.96000e+02
6.00034e-01 3.45000e+02
7.92612e-01 3.00000e+02
9.86737e-01 2.34000e+02
1.17888e+00 2.09000e+02
1.36953e+00 1.69000e+02
1.55953e+00 1.67000e+02
1.74841e+00 1.60000e+02
1.94260e+00 1.55000e+02
2.13283e+00 1.56000e+02
2.32487e+00 1.46000e+02
2.51637e+00 1.66000e+02
2.70748e+00 1.48000e+02
2.89953e+00 1.88000e+02
3.09188e+00 1.48000e+02
3.28174e+00 1.68000e+02
3.47371e+00 1.88000e+02
3.66431e+00 2.16000e+02
3.85489e+00 1.99000e+02
4.04714e+00 2.42000e+02
4.23862e+00 1.84000e+02
4.42931e+00 1.93000e+02
4.61890e+00 1.88000e+02
4.80847e+00 1.99000e+02
5.00267e+00 2.10000e+02
5.19253e+00 1.77000e+02
5.38295e+00 1.81000e+02
5.57423e+00 2.21000e+02
5.76511e+00 1.60000e+02
5.95879e+00 1.63000e+02
6.14950e+00 1.46000e+02
6.34054e+00 1.37000e+02
6.53076e+00 1.35000e+02
6.72166e+00 1.36000e+02
6.91329e+00 1.71000e+02
7.10331e+00 1.69000e+02
7.29183e+00 1.32000e+02
7.48163e+00 1.26000e+02
7.67049e+00 1.22000e+02
7.86170e+00 1.14000e+02
8.05284e+00 1.25000e+02
8.24149e+00 9.30000e+01
8.42873e+00 1.04000e+02
8.61917e+00 1.19000e+02
8.80850e+00 1.02000e+02
9.00017e+00 8.90000e+01
9.18866e+00 9.20000e+01
9.37683e+00 7.30000e+01
9.56483e+00 7.30000e+01
9.75544e+00 7.30000e+01
9.94811e+00 7.30000e+01
1.01386e+01 7.30000e+01
1.03284e+01 7.30000e+01
1.05175e+01 7.30000e+01
1.07060e+01 7.30000e+01
1.08983e+01 7.30000e+01
1.10893e+01 7.30000e+01
1.12795e+01 7.30000e+01
1.14688e+01 7.30000e+01
1.16593e+01 7.30000e+01
1.18493e+01 7.30000e+01
1.20434e+01 7.30000e+01
1.22323e+01 7.30000e+01
1.24228e+01 7.30000e+01
1.26117e+01 7.30000e+01
1.28004e+01 7.30000e+01
1.29933e+01 7.30000e+01
1.31837e+01 7.30000e+01
1.33720e+01 7.30000e+01
1.35609e+01 7.30000e+01
1.37492e+01 7.30000e+01
1.39403e+01 7.30000e+01
1.41292e+01 7.30000e+01
1.43183e+01 7.30000e+01
1.45064e+01 7.30000e+01
1.46953e+01 7.30000e+01
1.49039e+01 7.30000e+01
1.51025e+01 7.30000e+01
1.52937e+01 7.30000e+01
1.54831e+01 7.30000e+01
1.56718e+01 7.30000e+01
1.58615e+01 7.30000e+01
1.60539e+01 7.30000e+01
1.62434e+01 7.30000e+01
1.64322e+01 7.30000e+01
1.66210e+01 7.30000e+01
1.68095e+01 7.30000e+01
1.70028e+01 7.30000e+01
1.71917e+01 7.30000e+01
1.73804e+01 7.30000e+01
1.75693e+01 7.30000e+01
1.77578e+01 7.30000e+01
1.79502e+01 7.30000e+01
1.81411e+01 7.30000e+01
1.83309e+01 7.30000e+01
1.85199e+01 7.30000e+01
1.87082e+01 7.30000e+01
1.88997e+01 7.30000e+01
1.90889e+01 7.30000e+01
1.92795e+01 7.30000e+01
1.94702e+01 7.30000e+01
1.96591e+01 7.30000e+01
1.98483e+01 7.30000e+01
2.00440e+01 7.30000e+01
2.02331e+01 7.30000e+01
2.04215e+01 7.30000e+01
2.06099e+01 7.30000e+01
2.07968e+01 7.30000e+01
2.09891e+01 7.30000e+01
2.11800e+01 7.30000e+01
2.13698e+01 7.30000e+01
2.15596e+01 7.30000e+01
2.17485e+01 7.30000e+01
2.19422e+01 7.30000e+01
2.21317e+01 7.30000e+01
2.23205e+01 7.30000e+01
2.25093e+01 7.30000e+01
2.26991e+01 7.30000e+01
2.28879e+01 7.30000e+01
2.30784e+01 7.30000e+01
2.32685e+01 7.30000e+01
2.34587e+01 7.30000e+01
2.36476e+01 7.30000e+01
2.38370e+01 7.30000e+01
2.40291e+01 7.30000e+01
2.42183e+01 7.30000e+01
2.44071e+01 7.30000e+01
2.45976e+01 7.30000e+01
2.47872e+01 7.30000e+01
2.49810e+01 7.30000e+01
2.51710e+01 7.30000e+01
2.53602e+01 7.30000e+01
2.55505e+01 7.30000e+01
2.57409e+01 7.30000e+01
2.59332e+01 7.30000e+01
2.61224e+01 7.30000e+01
2.63128e+01 7.30000e+01
2.65017e+01 7.30000e+01
2.66902e+01 7.30000e+01
2.68783e+01 7.30000e+01
2.70701e+01 7.30000e+01
2.72581e+01 7.30000e+01
2.74463e+01 7.30000e+01
2.76340e+01 7.30000e+01
2.78227e+01 7.30000e+01
2.80154e+01 7.30000e+01
2.82027e+01 7.30000e+01
2.83920e+01 7.30000e+01
2.85793e+01 7.30000e+01
2.87687e+01 7.30000e+01
2.89583e+01 7.30000e+01
2.91477e+01 7.30000e+01
2.93374e+01 7.30000e+01
2.95265e+01 7.30000e+01
2.97156e+01 7.30000e+01
2.99285e+01 7.30000e+01
3.01191e+01 7.30000e+01
3.03093e+01 7.30000e+01
3.04988e+01 7.30000e+01
3.06888e+01 7.30000e+01
3.08779e+01 7.30000e+01
3.10698e+01 7.30000e+01
3.12587e+01 7.30000e+01
3.14489e+01 7.30000e+01
3.16366e+01 7.30000e+01
3.18263e+01 7.30000e+01
3.20184e+01 7.30000e+01
3.22078e+01 7.30000e+01
3.23968e+01 7.30000e+01
3.25850e+01 7.30000e+01
3.27749e+01 7.30000e+01
3.29691e+01 7.30000e+01
3.31594e+01 7.30000e+01
3.33486e+01 7.30000e+01
3.35384e+01 7.30000e+01
3.37287e+01 7.30000e+01
3.39190e+01 7.30000e+01
3.41080e+01 7.30000e+01
3.42976e+01 7.30000e+01
3.44933e+01 7.30000e+01
3.46832e+01 7.30000e+01
3.48716e+01 7.30000e+01
3.50622e+01 7.30000e+01
3.52517e+01 7.30000e+01
3.54403e+01 7.30000e+01
3.56286e+01 7.30000e+01
3.58174e+01 7.30000e+01
3.60096e+01 7.30000e+01
3.61991e+01 7.30000e+01
3.63876e+01 7.30000e+01
3.65766e+01 7.30000e+01
3.67657e+01 7.30000e+01
3.69564e+01 7.30000e+01
3.71459e+01 7.30000e+01
3.73344e+01 7.30000e+01
3.75241e+01 7.30000e+01
3.77134e+01 7.30000e+01
3.79018e+01 7.30000e+01
3.80920e+01 7.30000e+01
3.82819e+01 7.30000e+01
3.84701e+01 7.30000e+01
3.86598e+01 7.30000e+01
3.88486e+01 7.30000e+01
3.90411e+01 7.30000e+01
3.92296e+01 7.30000e+01
3.94180e+01 7.30000e+01
3.96072e+01 7.30000e+01
3.97976e+01 7.30000e+01
3.99904e+01 7.30000e+01
4.01810e+01 7.30000e+01
4.03709e+01 7.30000e+01
4.05596e+01 7.30000e+01
4.07487e+01 7.30000e+01
4.09409e+01 7.30000e+01
4.11300e+01 7.30000e+01
4.13225e+01 7.30000e+01
4.15132e+01 7.30000e+01
4.17038e+01 7.30000e+01
4.18933e+01 7.30000e+01
4.20852e+01 7.30000e+01
4.22740e+01 7.30000e+01
4.24629e+01 7.30000e+01
4.26512e+01 7.30000e+01
4.28405e+01 7.30000e+01
4.30313e+01 7.30000e+01
4.32211e+01 7.30000e+01
4.34098e+01 7.30000e+01
4.35986e+01 7.30000e+01
4.37883e+01 7.30000e+01
4.39804e+01 7.30000e+01
4.41697e+01 7.30000e+01
4.43606e+01 7.30000e+01
4.45501e+01 7.30000e+01
4.47401e+01 7.30000e+01
4.49513e+01 7.30000e+01
4.51529e+01 7.30000e+01
4.53430e+01 7.30000e+01
4.55326e+01 7.30000e+01
4.57230e+01 7.30000e+01
4.59124e+01 7.30000e+01
4.61057e+01 7.30000e+01
4.62954e+01 7.30000e+01
4.64844e+01 7.30000e+01
4.66739e+01 7.30000e+01
4.68647e+01 7.30000e+01
4.70579e+01 7.30000e+01
4.72479e+01 7.30000e+01
4.74371e+01 7.30000e+01
4.76259e+01 7.30000e+01
4.78156e+01 7.30000e+01
4.80077e+01 7.30000e+01
4.81952e+01 7.30000e+01
4.83844e+01 7.30000e+01
4.85738e+01 7.30000e+01
4.87633e+01 7.30000e+01
4.89541e+01 7.30000e+01
4.91418e+01 7.30000e+01
4.93347e+01 7.30000e+01
4.95348e+01 7.30000e+01
4.97244e+01 7.30000e+01
4.99130e+01 7.30000e+01
5.01056e+01 7.30000e+01
5.02947e+01 7.30000e+01
5.04838e+01 7.30000e+01
5.06707e+01 7.30000e+01
5.08595e+01 7.30000e+01
5.10524e+01 7.30000e+01
5.12421e+01 7.30000e+01
5.14305e+01 7.30000e+01
5.16176e+01 7.30000e+01
5.18063e+01 7.30000e+01
5.19993e+01 7.30000e+01
5.21884e+01 7.30000e+01
5.23768e+01 7.30000e+01
5.25656e+01 7.30000e+01
5.27544e+01 7.30000e+01
5.29455e+01 7.30000e+01
5.31354e+01 7.30000e+01
5.33238e+01 7.30000e+01
5.35139e+01 7.30000e+01
5.37034e+01 7.30000e+01
5.38931e+01 7.30000e+01
5.40871e+01 7.30000e+01
5.42762e+01 7.30000e+01
5.44639e+01 7.30000e+01
5.46530e+01 7.30000e+01
5.48404e+01 7.30000e+01
5.50305e+01 7.30000e+01
5.52180e+01 7.30000e+01
5.54055e+01 7.30000e+01
5.55937e+01 7.30000e+01
5.57826e+01 7.30000e+01
5.59749e+01 7.30000e+01
5.61643e+01 7.30000e+01
5.63525e+01 7.30000e+01
5.65393e+01 7.30000e+01
5.67265e+01 7.30000e+01
5.69147e+01 7.30000e+01
5.71060e+01 7.30000e+01
5.72946e+01 7.30000e+01
5.74813e+01 7.30000e+01
5.76688e+01 7.30000e+01
5.78573e+01 7.30000e+01
5.80499e+01 7.30000e+01
5.82394e+01 7.30000e+01
5.84277e+01 7.30000e+01
5.86171e+01 7.30000e+01
5.88062e+01 7.30000e+01
5.89973e+01 7.30000e+01
5.91875e+01 7.30000e+01
5.93779e+01 7.30000e+01
5.95660e+01 7.30000e+01
5.97549e+01 7.30000e+01
5.99657e+01 7.30000e+01
6.01604e+01 7.30000e+01
6.03510e+01 7.30000e+01
6.05399e+01 7.30000e+01
6.07286e+01 7.30000e+01
6.09170e+01 7.30000e+01
6.11089e+01 7.30000e+01
6.12981e+01 7.30000e+01
6.14870e+01 7.30000e+01
6.16735e+01 7.30000e+01
6.18621e+01 7.30000e+01
6.20531e+01 7.30000e+01
6.22402e+01 7.30000e+01
6.24278e+01 7.30000e+01
6.26155e+01 7.30000e+01
6.28032e+01 7.30000e+01
6.29946e+01 7.30000e+01
6.31827e+01 7.30000e+01
6.33711e+01 7.30000e+01
6.35592e+01 7.30000e+01
6.37479e+01 7.30000e+01
6.39351e+01 7.30000e+01
6.41262e+01 7.30000e+01
6.43148e+01 7.30000e+01
6.45037e+01 7.30000e+01
6.46929e+01 7.30000e+01
6.48803e+01 7.30000e+01
6.50735e+01 7.30000e+01
6.52626e+01 7.30000e+01
6.54505e+01 7.30000e+01
6.56381e+01 7.30000e+01
6.58263e+01 7.30000e+01
6.60182e+01 7.30000e+01
6.62078e+01 7.30000e+01
6.63971e+01 7.30000e+01
6.65861e+01 7.30000e+01
6.67760e+01 7.30000e+01
6.69682e+01 7.30000e+01
6.71590e+01 7.30000e+01
6.73485e+01 7.30000e+01
6.75375e+01 7.30000e+01
6.77253e+01 7.30000e+01
6.79130e+01 7.30000e+01
6.81040e+01 7.30000e+01
6.82934e+01 7.30000e+01
6.84802e+01 7.30000e+01
6.86680e+01 7.30000e+01
6.88554e+01 7.30000e+01
6.90482e+01 7.30000e+01
6.92368e+01 7.30000e+01
6.94251e+01 7.30000e+01
6.96127e+01 7.30000e+01
6.98010e+01 7.30000e+01
6.99908e+01 7.30000e+01
7.01789e+01 7.30000e+01
7.03674e+01 7.30000e+01
7.05551e+01 7.30000e+01
7.07428e+01 7.30000e+01
7.09308e+01 7.30000e+01
7.11246e+01 7.30000e+01
7.13145e+01 7.30000e+01
7.15023e+01 7.30000e+01
7.16917e+01 7.30000e+01
7.18811e+01 7.30000e+01
7.20724e+01 7.30000e+01
7.22617e+01 7.30000e+01
7.24507e+01 7.30000e+01
7.26391e+01 7.30000e+01
7.28286e+01 7.30000e+01
7.30198e+01 7.30000e+01
7.32081e+01 7.30000e+01
7.33974e+01 7.30000e+01
7.35871e+01 7.30000e+01
7.37766e+01 7.30000e+01
7.39680e+01 7.30000e+01
7.41586e+01 7.30000e+01
7.43488e+01 7.30000e+01
7.45381e+01 7.30000e+01
7.47261e+01 7.30000e+01
7.49349e+01 7.30000e+01
7.51491e+01 7.30000e+01
7.53402e+01 7.30000e+01
7.55286e+01 7.30000e+01
7.57168e+01 7.30000e+01
7.59061e+01 7.30000e+01
7.60964e+01 7.30000e+01
7.62851e+01 7.30000e+01
7.64741e+01 7.30000e+01
7.66638e+01 7.30000e+01
7.68537e+01 7.30000e+01
7.70448e+01 7.30000e+01
7.72334e+01 7.30000e+01
7.74225e+01 7.30000e+01
7.76101e+01 7.30000e+01
7.77989e+01 7.30000e+01
7.79894e+01 7.30000e+01
7.81800e+01 7.30000e+01
7.83691e+01 7.30000e+01
7.85581e+01 7.30000e+01
7.87464e+01 7.30000e+01
7.89353e+01 7.30000e+01
7.91263e+01 7.30000e+01
7.93174e+01 7.30000e+01
7.95073e+01 7.30000e+01
7.96968e+01 7.30000e+01
7.98839e+01 7.30000e+01
8.00770e+01 7.30000e+01
8.02660e+01 7.30000e+01
8.04544e+01 7.30000e+01
8.06431e+01 7.30000e+01
8.08326e+01 7.30000e+01
8.10240e+01 7.30000e+01
8.12136e+01 7.30000e+01
8.14033e+01 7.30000e+01
8.15926e+01 7.30000e+01
8.17815e+01 7.30000e+01
8.19706e+01 7.30000e+01
8.21624e+01 7.30000e+01
8.23523e+01 7.30000e+01
8.25419e+01 7.30000e+01
8.27296e+01 7.30000e+01
8.29172e+01 7.30000e+01
8.31096e+01 7.30000e+01
8.32985e+01 7.30000e+01
8.34867e+01 7.30000e+01
8.36757e+01 7.30000e+01
8.38647e+01 7.30000e+01
8.40562e+01 7.30000e+01
8.42447e+01 7.30000e+01
8.44327e+01 7.30000e+01
8.46209e+01 7.30000e+01
8.48097e+01 7.30000e+01
8.50017e+01 7.30000e+01
8.51908e+01 7.30000e+01
8.53797e+01 7.30000e+01
8.55688e+01 7.30000e+01
8.57570e+01 7.30000e+01
8.59479e+01 7.30000e+01
8.61410e+01 7.30000e+01
8.63303e+01 7.30000e+01
8.65189e+01 7.30000e+01
8.67066e+01 7.30000e+01
8.68962e+01 7.30000e+01
8.70896e+01 7.30000e+01
8.72777e+01 7.30000e+01
8.74649e+01 7.30000e+01
8.76544e+01 7.30000e+01
8.78441e+01 7.30000e+01
8.80361e+01 7.30000e+01
8.82250e+01 7.30000e+01
8.84150e+01 7.30000e+01
8.86038e+01 7.30000e+01
8.87933e+01 7.30000e+01
8.89836e+01 7.30000e+01
8.91738e+01 7.30000e+01
8.93630e+01 7.30000e+01
8.95528e+01 7.30000e+01
8.97420e+01 7.30000e+01
8.99564e+01 7.30000e+01
9.01656e+01 7.30000e+01
9.03559e+01 7.30000e+01
9.05448e+01 7.30000e+01
9.07329e+01 7.30000e+01
9.09226e+01 7.30000e+01
9.11146e+01 7.30000e+01
9.13041e+01 7.30000e+01
9.14934e+01 7.30000e+01
9.16821e+01 7.30000e+01
9.18714e+01 7.30000e+01
9.20631e+01 7.30000e+01
9.22520e+01 7.30000e+01
9.24413e+01 7.30000e+01
9.26307e+01 7.30000e+01
9.28199e+01 7.30000e+01
9.30121e+01 7.30000e+01
9.32019e+01 7.30000e+01
9.33917e+01 7.30000e+01
9.35817e+01 7.30000e+01
9.37712e+01 7.30000e+01
9.39603e+01 7.30000e+01
9.41526e+01 7.30000e+01
9.43432e+01 7.30000e+01
9.45329e+01 7.30000e+01
9.47216e+01 7.30000e+01
9.49108e+01 7.30000e+01
9.51018e+01 7.30000e+01
9.52913e+01 7.30000e+01
9.54818e+01 7.30000e+01
9.56714e+01 7.30000e+01
9.58605e+01 7.30000e+01
9.60528e+01 7.30000e+01
9.62416e+01 7.30000e+01
9.64305e+01 7.30000e+01
9.66178e+01 7.30000e+01
9.68067e+01 7.30000e+01
9.69970e+01 7.30000e+01
9.71872e+01 7.30000e+01
9.73757e+01 7.30000e+01
9.75651e+01 7.30000e+01
9.77527e+01 7.30000e+01
9.79417e+01 7.30000e+01
9.81317e+01 7.30000e+01
9.83214e+01 7.30000e+01
9.85113e+01 7.30000e+01
9.86993e+01 7.30000e+01
9.88889e+01 7.30000e+01
9.90812e+01 7.30000e+01
9.92700e+01 7.30000e+01
9.94592e+01 7.30000e+01
9.96489e+01 7.30000e+01
9.98384e+01 7.30000e+01
1.00029e+02 7.30000e+01
1.00218e+02 7.30000e+01
1.00406e+02 7.30000e+01
1.00594e+02 7.30000e+01
1.00782e+02 7.30000e+01
1.00970e+02 7.30000e+01
1.01160e+02 7.30000e+01
1.01351e+02 7.30000e+01
1.01543e+02 7.30000e+01
1.01731e+02 7.30000e+01
1.01921e+02 7.30000e+01
1.02114e+02 7.30000e+01
1.02303e+02 7.30000e+01
1.02491e+02 7.30000e+01
1.02679e+02 7.30000e+01
1.02867e+02 7.30000e+01
1.03057e+02 7.30000e+01
1.03246e+02 7.30000e+01
1.03434e+02 7.30000e+01
1.03624e+02 7.30000e+01
1.03813e+02 7.30000e+01
1.04002e+02 7.30000e+01
1.04193e+02 7.30000e+01
1.04382e+02 7.30000e+01
1.04569e+02 7.30000e+01
1.04757e+02 7.30000e+01
1.04973e+02 7.30000e+01
1.05174e+02 7.30000e+01
1.05363e+02 7.30000e+01
1.05552e+02 7.30000e+01
1.05740e+02 7.30000e+01
1.05929e+02 7.30000e+01
1.06122e+02 7.30000e+01
1.06312e+02 7.30000e+01
1.06500e+02 7.30000e+01
1.06690e+02 7.30000e+01
1.06879e+02 7.30000e+01
1.07071e+02 7.30000e+01
1.07261e+02 7.30000e+01
1.07451e+02 7.30000e+01
1.07641e+02 7.30000e+01
1.07831e+02 7.30000e+01
1.08024e+02 7.30000e+01
1.08214e+02 7.30000e+01
1.08403e+02 7.30000e+01
1.08591e+02 7.30000e+01
1.08780e+02 7.30000e+01
1.08970e+02 7.30000e+01
1.09163e+02 7.30000e+01
1.09354e+02 7.30000e+01
1.09543e+02 7.30000e+01
1.09731e+02 7.30000e+01
1.09919e+02 7.30000e+01
1.10111e+02 7.30000e+01
1.10300e+02 7.30000e+01
1.10491e+02 7.30000e+01
1.10679e+02 7.30000e+01
1.10869e+02 7.30000e+01
1.11063e+02 7.30000e+01
1.11252e+02 7.30000e+01
1.11442e+02 7.30000e+01
1.11633e+02 7.30000e+01
1.11821e+02 7.30000e+01
1.12012e+02 7.30000e+01
1.12203e+02 7.30000e+01
1.12391e+02 7.30000e+01
1.12581e+02 7.30000e+01
1.12770e+02 7.30000e+01
1.12960e+02 7.30000e+01
1.13152e+02 7.30000e+01
1.13342e+02 7.30000e+01
1.13532e+02 7.30000e+01
1.13721e+02 7.30000e+01
1.13911e+02 7.30000e+01
1.14104e+02 7.30000e+01
1.14295e+02 7.30000e+01
1.14484e+02 7.30000e+01
1.14675e+02 7.30000e+01
1.14864e+02 7.30000e+01
1.15057e+02 7.30000e+01
1.15246e+02 7.30000e+01
1.15437e+02 7.30000e+01
1.15626e+02 7.30000e+01
1.15816e+02 7.30000e+01
1.16006e+02 7.30000e+01
1.16199e+02 7.30000e+01
1.16385e+02 7.30000e+01
1.16574e+02 7.30000e+01
1.16763e+02 7.30000e+01
1.16952e+02 7.30000e+01
1.17144e+02 7.30000e+01
1.17333e+02 7.30000e+01
1.17524e+02 7.30000e+01
1.17712e+02 7.30000e+01
1.17900e+02 7.30000e+01
1.18092e+02 7.30000e+01
1.18282e+02 7.30000e+01
1.18471e+02 7.30000e+01
1.18659e+02 7.30000e+01
1.18847e+02 7.30000e+01
1.19039e+02 7.30000e+01
1.19228e+02 7.30000e+01
1.19417e+02 7.30000e+01
1.19607e+02 7.30000e+01
1.19800e+02 7.30000e+01
1.20015e+02 7.30000e+01
1.20206e+02 7.30000e+01
1.20394e+02 7.30000e+01
1.20583e+02 7.30000e+01
1.20771e+02 7.30000e+01
1.20959e+02 7.30000e+01
1.21152e+02 7.30000e+01
1.21341e+02 7.30000e+01
1.21530e+02 7.30000e+01
1.21717e+02 7.30000e+01
1.21906e+02 7.30000e+01
1.22098e+02 7.30000e+01
1.22288e+02 7.30000e+01
1.22478e+02 7.30000e+01
1.22667e+02 7.30000e+01
1.22856e+02 7.30000e+01
1.23050e+02 7.30000e+01
1.23242e+02 7.30000e+01
1.23431e+02 7.30000e+01
1.23619e+02 7.30000e+01
1.23809e+02 7.30000e+01
1.23997e+02 7.30000e+01
1.24191e+02 7.30000e+01
1.24379e+02 7.30000e+01
1.24569e+02 7.30000e+01
1.24758e+02 7.30000e+01
1.24947e+02 7.30000e+01
1.25139e+02 7.30000e+01
1.25328e+02 7.30000e+01
1.25516e+02 7.30000e+01
1.25704e+02 7.30000e+01
1.25892e+02 7.30000e+01
1.26085e+02 7.30000e+01
1.26275e+02 7.30000e+01
1.26465e+02 7.30000e+01
1.26655e+02 7.30000e+01
1.26844e+02 7.30000e+01
1.27032e+02 7.30000e+01
1.27224e+02 7.30000e+01
1.27414e+02 7.30000e+01
1.27603e+02 7.30000e+01
1.27792e+02 7.30000e+01
1.27980e+02 7.30000e+01
1.28172e+02 7.30000e+01
1.28362e+02 7.30000e+01
1.28551e+02 7.30000e+01
1.28740e+02 7.30000e+01
1.28928e+02 7.30000e+01
1.29121e+02 7.30000e+01
1.29310e+02 7.30000e+01
1.29498e+02 7.30000e+01
1.29686e+02 7.30000e+01
1.29876e+02 7.30000e+01
1.30066e+02 7.30000e+01
1.30255e+02 7.30000e+01
1.30444e+02 7.30000e+01
1.30634e+02 7.30000e+01
1.30823e+02 7.30000e+01
1.31012e+02 7.30000e+01
1.31203e+02 7.30000e+01
1.31392e+02 7.30000e+01
1.31582e+02 7.30000e+01
1.31771e+02 7.30000e+01
1.31960e+02 7.30000e+01
1.32153e+02 7.30000e+01
1.32342e+02 7.30000e+01
1.32531e+02 7.30000e+01
1.32719e+02 7.30000e+01
1.32909e+02 7.30000e+01
1.33102e+02 7.30000e+01
1.33293e+02 7.30000e+01
1.33482e+02 7.30000e+01
1.33671e+02 7.30000e+01
1.33859e+02 7.30000e+01
1.34049e+02 7.30000e+01
1.34241e+02 7.30000e+01
1.34431e+02 7.30000e+01
1.34620e+02 7.30000e+01
1.34815e+02 7.30000e+01
1.35024e+02 7.30000e+01
1.35216e+02 7.30000e+01
1.35405e+02 7.30000e+01
1.35595e+02 7.30000e+01
1.35785e+02 7.30000e+01
1.35975e+02 7.30000e+01
1.36168e+02 7.30000e+01
1.36358e+02 7.30000e+01
1.36547e+02 7.30000e+01
1.36736e+02 7.30000e+01
1.36924e+02 7.30000e+01
1.37117e+02 7.30000e+01
1.37307e+02 7.30000e+01
1.37495e+02 7.30000e+01
1.37683e+02 7.30000e+01
1.37871e+02 7.30000e+01
1.38060e+02 7.30000e+01
1.38250e+02 7.30000e+01
1.38439e+02 7.30000e+01
1.38626e+02 7.30000e+01
1.38813e+02 7.30000e+01
1.39003e+02 7.30000e+01
1.39194e+02 7.30000e+01
1.39386e+02 7.30000e+01
1.39575e+02 7.30000e+01
1.39762e+02 7.30000e+01
1.39950e+02 7.30000e+01
1.40142e+02 7.30000e+01
1.40331e+02 7.30000e+01
1.40521e+02 7.30000e+01
1.40709e+02 7.30000e+01
1.40897e+02 7.30000e+01
1.41090e+02 7.30000e+01
1.41280e+02 7.30000e+01
1.41471e+02 7.30000e+01
1.41663e+02 7.30000e+01
1.41851e+02 7.30000e+01
1.42041e+02 7.30000e+01
1.42233e+02 7.30000e+01
1.42422e+02 7.30000e+01
1.42612e+02 7.30000e+01
1.42801e+02 7.30000e+01
1.42990e+02 7.30000e+01
1.43184e+02 7.30000e+01
1.43375e+02 7.30000e+01
1.43564e+02 7.30000e+01
1.43754e+02 7.30000e+01
1.43941e+02 7.30000e+01
1.44133e+02 7.30000e+01
1.44323e+02 7.30000e+01
1.44510e+02 7.30000e+01
1.44699e+02 7.30000e+01
1.44887e+02 7.30000e+01
1.45079e+02 7.30000e+01
1.45270e+02 7.30000e+01
1.45458e+02 7.30000e+01
1.45647e+02 7.30000e+01
1.45836e+02 7.30000e+01
1.46025e+02 7.30000e+01
1.46218e+02 7.30000e+01
1.46408e+02 7.30000e+01
1.46598e+02 7.30000e+01
1.46788e+02 7.30000e+01
1.46977e+02 7.30000e+01
1.47170e+02 7.30000e+01
1.47359e+02 7.30000e+01
1.47546e+02 7.30000e+01
1.47734e+02 7.30000e+01
1.47923e+02 7.30000e+01
1.48115e+02 7.30000e+01
1.48303e+02 7.30000e+01
1.48492e+02 7.30000e+01
1.48680e+02 7.30000e+01
1.48869e+02 7.30000e+01
1.49058e+02 7.30000e+01
1.49252e+02 7.30000e+01
1.49441e+02 7.30000e+01
1.49630e+02 7.30000e+01
1.49827e+02 7.30000e+01
1.50034e+02 7.30000e+01
1.50229e+02 7.30000e+01
1.50417e+02 7.30000e+01
1.50605e+02 7.30000e+01
1.50794e+02 7.30000e+01
1.50982e+02 7.30000e+01
1.51174e+02 7.30000e+01
1.51363e+02 7.30000e+01
1.51552e+02 7.30000e+01
1.51739e+02 7.30000e+01
1.51928e+02 7.30000e+01
1.52120e+02 7.30000e+01
1.52309e+02 7.30000e+01
1.52498e+02 7.30000e+01
1.52689e+02 7.30000e+01
1.52877e+02 7.30000e+01
1.53067e+02 7.30000e+01
1.53260e+02 7.30000e+01
1.53448e+02 7.30000e+01
1.53636e+02 7.30000e+01
1.53825e+02 7.30000e+01
1.54013e+02 7.30000e+01
1.54204e+02 7.30000e+01
1.54402e+02 7.30000e+01
1.54606e+02 7.30000e+01
1.54797e+02 7.30000e+01
1.54987e+02 7.30000e+01
1.55179e+02 7.30000e+01
1.55368e+02 7.30000e+01
1.55558e+02 7.30000e+01
1.55747e+02 7.30000e+01
1.55936e+02 7.30000e+01
1.56130e+02 7.30000e+01
1.56319e+02 7.30000e+01
1.56508e+02 7.30000e+01
1.56697e+02 7.30000e+01
1.56886e+02 7.30000e+01
1.57074e+02 7.30000e+01
1.57266e+02 7.30000e+01
1.57454e+02 7.30000e+01
1.57643e+02 7.30000e+01
1.57830e+02 7.30000e+01
1.58018e+02 7.30000e+01
1.58210e+02 7.30000e+01
1.58400e+02 7.30000e+01
1.58589e+02 7.30000e+01
1.58778e+02 7.30000e+01
1.58966e+02 7.30000e+01
1.59159e+02 7.30000e+01
1.59347e+02 7.30000e+01
1.59536e+02 7.30000e+01
1.59726e+02 7.30000e+01
1.59914e+02 7.30000e+01
1.60104e+02 7.30000e+01
1.60294e+02 7.30000e+01
1.60482e+02 7.30000e+01
1.60670e+02 7.30000e+01
1.60858e+02 7.30000e+01
1.61047e+02 7.30000e+01
1.61238e+02 7.30000e+01
1.61427e+02 7.30000e+01
1.61620e+02 7.30000e+01
1.61809e+02 7.30000e+01
1.61998e+02 7.30000e+01
1.62190e+02 7.30000e+01
1.62379e+02 7.30000e+01
1.62567e+02 7.30000e+01
1.62755e+02 7.30000e+01
1.62943e+02 7.30000e+01
1.63134e+02 7.30000e+01
1.63324e+02 7.30000e+01
1.63512e+02 7.30000e+01
1.63702e+02 7.30000e+01
1.63889e+02 7.30000e+01
1.64078e+02 7.30000e+01
1.64270e+02 7.30000e+01
1.64459e+02 7.30000e+01
1.64649e+02 7.30000e+01
1.64849e+02 7.30000e+01
1.65052e+02 7.30000e+01
1.65242e+02 7.30000e+01
1.65429e+02 7.30000e+01
1.65618e+02 7.30000e+01
1.65806e+02 7.30000e+01
1.65994e+02 7.30000e+01
1.66186e+02 7.30000e+01
1.66374e+02 7.30000e+01
1.66562e+02 7.30000e+01
1.66752e+02 7.30000e+01
1.66942e+02 7.30000e+01
1.67134e+02 7.30000e+01
1.67322e+02 7.30000e+01
1.67511e+02 7.30000e+01
1.67700e+02 7.30000e+01
1.67888e+02 7.30000e+01
1.68077e+02 7.30000e+01
1.68268e+02 7.30000e+01
1.68456e+02 7.30000e+01
1.68643e+02 7.30000e+01
1.68830e+02 7.30000e+01
1.69018e+02 7.30000e+01
1.69210e+02 7.30000e+01
1.69407e+02 7.30000e+01
1.69595e+02 7.30000e+01
1.69783e+02 7.30000e+01
1.69972e+02 7.30000e+01
1.70163e+02 7.30000e+01
1.70352e+02 7.30000e+01
1.70540e+02 7.30000e+01
1.70728e+02 7.30000e+01
1.70916e+02 7.30000e+01
1.71106e+02 7.30000e+01
1.71296e+02 7.30000e+01
1.71485e+02 7.30000e+01
1.71673e+02 7.30000e+01
1.71862e+02 7.30000e+01
1.72051e+02 7.30000e+01
1.72242e+02 7.30000e+01
1.72429e+02 7.30000e+01
1.72617e+02 7.30000e+01
1.72807e+02 7.30000e+01
1.72994e+02 7.30000e+01
1.73186e+02 7.30000e+01
1.73373e+02 7.30000e+01
1.73562e+02 7.30000e+01
1.73751e+02 7.30000e+01
1.73940e+02 7.30000e+01
1.74133e+02 7.30000e+01
1.74322e+02 7.30000e+01
1.74509e+02 7.30000e+01
1.74698e+02 7.30000e+01
1.74888e+02 7.30000e+01
1.75077e+02 7.30000e+01
1.75268e+02 7.30000e+01
1.75457e+02 7.30000e+01
1.75645e+02 7.30000e+01
1.75834e+02 7.30000e+01
1.76023e+02 7.30000e+01
1.76216e+02 7.30000e+01
1.76405e+02 7.30000e+01
1.76594e+02 7.30000e+01
1.76782e+02 7.30000e+01
1.76970e+02 7.30000e+01
1.77163e+02 7.30000e+01
1.77352e+02 7.30000e+01
1.77541e+02 7.30000e+01
1.77730e+02 7.30000e+01
1.77919e+02 7.30000e+01
1.78109e+02 7.30000e+01
1.78301e+02 7.30000e+01
1.78489e+02 7.30000e+01
1.78678e+02 7.30000e+01
1.78867e+02 7.30000e+01
1.79055e+02 7.30000e+01
1.79249e+02 7.30000e+01
1.79438e+02 7.30000e+01
1.79626e+02 7.30000e+01
1.79822e+02 7.30000e+01
1.80028e+02 7.30000e+01
1.80223e+02 7.30000e+01
1.80412e+02 7.30000e+01
1.80599e+02 7.30000e+01
1.80787e+02 7.30000e+01
1.80976e+02 7.30000e+01
1.81168e+02 7.30000e+01
1.81355e+02 7.30000e+01
1.81543e+02 7.30000e+01
1.81733e+02 7.30000e+01
1.81923e+02 7.30000e+01
1.82112e+02 7.30000e+01
1.82305e+02 7.30000e+01
1.82493e+02 7.30000e+01
1.82682e+02 7.30000e+01
1.82871e+02 7.30000e+01
1.83060e+02 7.30000e+01
1.83252e+02 7.30000e+01
1.83442e+02 7.30000e+01
1.83629e+02 7.30000e+01
1.83819e+02 7.30000e+01
1.84008e+02 7.30000e+01
1.84200e+02 7.30000e+01
1.84398e+02 7.30000e+01
1.84591e+02 7.30000e+01
1.84779e+02 7.30000e+01
1.84967e+02 7.30000e+01
1.85159e+02 7.30000e+01
1.85348e+02 7.30000e+01
1.85536e+02 7.30000e+01
1.85725e+02 7.30000e+01
1.85913e+02 7.30000e+01
1.86102e+02 7.30000e+01
1.86292e+02 7.30000e+01
1.86482e+02 7.30000e+01
1.86670e+02 7.30000e+01
1.86858e+02 7.30000e+01
1.87046e+02 7.30000e+01
1.87237e+02 7.30000e+01
1.87425e+02 7.30000e+01
1.87614e+02 7.30000e+01
1.87803e+02 7.30000e+01
1.87993e+02 7.30000e+01
1.88186e+02 7.30000e+01
1.88377e+02 7.30000e+01
1.88566e+02 7.30000e+01
1.88756e+02 7.30000e+01
1.88945e+02 7.30000e+01
1.89138e+02 7.30000e+01
1.89328e+02 7.30000e+01
1.89517e+02 7.30000e+01
1.89705e+02 7.30000e+01
1.89894e+02 7.30000e+01
