2.01830e-02 7.05000e+02
2.38734e-01 4.11000e+02
4.48335e-01 2.47000e+02
6.51673e-01 2.73000e+02
8.44159e-01 2.48000e+02
1.03619e+00 2.49000e+02
1.22861e+00 2.01000e+02
1.42044e+00 1.89000e+02
1.61571e+00 2.22000e+02
1.80712e+00 1.50000e+02
2.00010e+00 1.19000e+02
2.19150e+00 7.80000e+01
2.38327e+00 8.60000e+01
2.57775e+00 9.30000e+01
2.77140e+00 1.21000e+02
2.96333e+00 1.26000e+02
3.15426e+00 1.25000e+02
3.34532e+00 1.67000e+02
3.53861e+00 2.03000e+02
3.73459e+00 1.91000e+02
3.92670e+00 2.02000e+02
4.11922e+00 2.38000e+02
4.31261e+00 2.35000e+02
4.50403e+00 2.31000e+02
4.70053e+00 2.21000e+02
4.89304e+00 1.88000e+02
5.08433e+00 1.36000e+02
5.27586e+00 1.09000e+02
5.46617e+00 1.45000e+02
5.66298e+00 1.33000e+02
5.85276e+00 1.43000e+02
6.04306e+00 1.43000e+02
6.23349e+00 1.18000e+02
6.42477e+00 1.27000e+02
6.61942e+00 1.15000e+02
6.81131e+00 1.46000e+02
7.00199e+00 1.49000e+02
7.19365e+00 1.44000e+02
7.38537e+00 1.67000e+02
7.58113e+00 2.14000e+02
7.77438e+00 1.87000e+02
7.96505e+00 1.82000e+02
8.15678e+00 1.57000e+02
8.34862e+00 1.66000e+02
8.53909e+00 1.53000e+02
8.73457e+00 1.39000e+02
8.92704e+00 1.54000e+02
9.11863e+00 1.82000e+02
9.30952e+00 2.27000e+02
9.50070e+00 1.87000e+02
9.69430e+00 2.05000e+02
9.88605e+00 1.40000e+02
1.00767e+01 1.08000e+02
1.02672e+01 1.42000e+02
1.04583e+01 1.32000e+02
1.06520e+01 1.09000e+02
1.08435e+01 1.18000e+02
1.10353e+01 1.20000e+02
1.12253e+01 1.43000e+02
1.14178e+01 1.36000e+02
1.16116e+01 1.84000e+02
1.18030e+01 1.79000e+02
1.19951e+01 1.75000e+02
1.21858e+01 1.73000e+02
1.23778e+01 1.55000e+02
1.25717e+01 1.56000e+02
1.27616e+01 1.62000e+02
1.29530e+01 1.79000e+02
1.31459e+01 2.06000e+02
1.33379e+01 2.24000e+02
1.35296e+01 2.39000e+02
1.37243e+01 2.65000e+02
1.39155e+01 2.39000e+02
1.41085e+01 1.92000e+02
1.42994e+01 2.12000e+02
1.44920e+01 1.64000e+02
1.46872e+01 1.98000e+02
1.48795e+01 2.09000e+02
1.50703e+01 2.12000e+02
1.52894e+01 1.80000e+02
1.54821e+01 2.36000e+02
1.56772e+01 1.96000e+02
1.58691e+01 2.21000e+02
1.60619e+01 1.78000e+02
1.62545e+01 1.73000e+02
1.64462e+01 1.74000e+02
1.66407e+01 2.02000e+02
1.68331e+01 2.43000e+02
1.70235e+01 2.13000e+02
1.72154e+01 1.99000e+02
1.74064e+01 2.46000e+02
1.76004e+01 2.10000e+02
1.77910e+01 1.99000e+02
1.79834e+01 1.32000e+02
1.81747e+01 1.45000e+02
1.83675e+01 1.98000e+02
1.85593e+01 1.50000e+02
1.87534e+01 1.54000e+02
1.89445e+01 1.61000e+02
1.91364e+01 1.51000e+02
1.93261e+01 1.18000e+02
1.95169e+01 1.29000e+02
1.97121e+01 1.34000e+02
1.99039e+01 1.18000e+02
2.00950e+01 1.37000e+02
2.02861e+01 1.27000e+02
2.04769e+01 1.20000e+02
2.06717e+01 1.16000e+02
2.08660e+01 1.43000e+02
2.10596e+01 1.39000e+02
2.12511e+01 1.43000e+02
2.14433e+01 1.61000e+02
2.16378e+01 1.24000e+02
2.18295e+01 1.51000e+02
2.20204e+01 1.57000e+02
2.22115e+01 1.44000e+02
2.24032e+01 1.40000e+02
2.25984e+01 1.29000e+02
2.27910e+01 1.19000e+02
2.29840e+01 1.01000e+02
2.31758e+01 1.03000e+02
2.33673e+01 1.06000e+02
2.35591e+01 9.40000e+01
2.37542e+01 1.00000e+02
2.39463e+01 1.01000e+02
2.41378e+01 9.10000e+01
2.43296e+01 9.20000e+01
2.45207e+01 9.20000e+01
2.47138e+01 9.20000e+01
2.49042e+01 9.20000e+01
2.50957e+01 9.20000e+01
2.52859e+01 9.20000e+01
2.54766e+01 9.20000e+01
2.56710e+01 9.20000e+01
2.58624e+01 9.20000e+01
2.60533e+01 9.20000e+01
2.62435e+01 9.20000e+01
2.64342e+01 9.20000e+01
2.66285e+01 9.20000e+01
2.68186e+01 9.20000e+01
2.70092e+01 9.20000e+01
2.71993e+01 9.20000e+01
2.73905e+01 9.20000e+01
2.75833e+01 9.20000e+01
2.77743e+01 9.20000e+01
2.79649e+01 9.20000e+01
2.81553e+01 9.20000e+01
2.83460e+01 9.20000e+01
2.85357e+01 9.20000e+01
2.87305e+01 9.20000e+01
2.89206e+01 9.20000e+01
2.91107e+01 9.20000e+01
2.93004e+01 9.20000e+01
2.94920e+01 9.20000e+01
2.96851e+01 9.20000e+01
2.98765e+01 9.20000e+01
3.00666e+01 9.20000e+01
3.02812e+01 9.20000e+01
3.04745e+01 9.20000e+01
3.06684e+01 9.20000e+01
3.08576e+01 9.20000e+01
3.10487e+01 9.20000e+01
3.12373e+01 9.20000e+01
3.14274e+01 9.20000e+01
3.16211e+01 9.20000e+01
3.18114e+01 9.20000e+01
3.20009e+01 9.20000e+01
3.21915e+01 9.20000e+01
3.23818e+01 9.20000e+01
3.25716e+01 9.20000e+01
3.27650e+01 9.20000e+01
3.29546e+01 9.20000e+01
3.31439e+01 9.20000e+01
3.33339e+01 9.20000e+01
3.35245e+01 9.20000e+01
3.37181e+01 9.20000e+01
3.39078e+01 9.20000e+01
3.40975e+01 9.20000e+01
3.42877e+01 9.20000e+01
3.44790e+01 9.20000e+01
3.46733e+01 9.20000e+01
3.48640e+01 9.20000e+01
3.50534e+01 9.20000e+01
3.52429e+01 9.20000e+01
3.54319e+01 9.20000e+01
3.56247e+01 9.20000e+01
3.58141e+01 9.20000e+01
3.60040e+01 9.20000e+01
3.61945e+01 9.20000e+01
3.63834e+01 9.20000e+01
3.65735e+01 9.20000e+01
3.67666e+01 9.20000e+01
3.69560e+01 9.20000e+01
3.71457e+01 9.20000e+01
3.73355e+01 9.20000e+01
3.75258e+01 9.20000e+01
3.77180e+01 9.20000e+01
3.79082e+01 9.20000e+01
3.80981e+01 9.20000e+01
3.82874e+01 9.20000e+01
3.84778e+01 9.20000e+01
3.86724e+01 9.20000e+01
3.88635e+01 9.20000e+01
3.90546e+01 9.20000e+01
3.92445e+01 9.20000e+01
3.94342e+01 9.20000e+01
3.96274e+01 9.20000e+01
3.98166e+01 9.20000e+01
4.00070e+01 9.20000e+01
4.01977e+01 9.20000e+01
4.03875e+01 9.20000e+01
4.05782e+01 9.20000e+01
4.07711e+01 9.20000e+01
4.09604e+01 9.20000e+01
4.11511e+01 9.20000e+01
4.13426e+01 9.20000e+01
4.15366e+01 9.20000e+01
4.17297e+01 9.20000e+01
4.19222e+01 9.20000e+01
4.21128e+01 9.20000e+01
4.23026e+01 9.20000e+01
4.24939e+01 9.20000e+01
4.26872e+01 9.20000e+01
4.28785e+01 9.20000e+01
4.30697e+01 9.20000e+01
4.32610e+01 9.20000e+01
4.34513e+01 9.20000e+01
4.36450e+01 9.20000e+01
4.38336e+01 9.20000e+01
4.40247e+01 9.20000e+01
4.42151e+01 9.20000e+01
4.44070e+01 9.20000e+01
4.45979e+01 9.20000e+01
4.47909e+01 9.20000e+01
4.49819e+01 9.20000e+01
4.51890e+01 9.20000e+01
4.53934e+01 9.20000e+01
4.55845e+01 9.20000e+01
4.57782e+01 9.20000e+01
4.59695e+01 9.20000e+01
4.61586e+01 9.20000e+01
4.63482e+01 9.20000e+01
4.65390e+01 9.20000e+01
4.67327e+01 9.20000e+01
4.69220e+01 9.20000e+01
4.71099e+01 9.20000e+01
4.72999e+01 9.20000e+01
4.74903e+01 9.20000e+01
4.76846e+01 9.20000e+01
4.78738e+01 9.20000e+01
4.80623e+01 9.20000e+01
4.82522e+01 9.20000e+01
4.84419e+01 9.20000e+01
4.86353e+01 9.20000e+01
4.88267e+01 9.20000e+01
4.90175e+01 9.20000e+01
4.92080e+01 9.20000e+01
4.93992e+01 9.20000e+01
4.95904e+01 9.20000e+01
4.97848e+01 9.20000e+01
4.99756e+01 9.20000e+01
5.01650e+01 9.20000e+01
5.03566e+01 9.20000e+01
5.05481e+01 9.20000e+01
5.07421e+01 9.20000e+01
5.09315e+01 9.20000e+01
5.11219e+01 9.20000e+01
5.13116e+01 9.20000e+01
5.15023e+01 9.20000e+01
5.16958e+01 9.20000e+01
5.18868e+01 9.20000e+01
5.20783e+01 9.20000e+01
5.22692e+01 9.20000e+01
5.24612e+01 9.20000e+01
5.26535e+01 9.20000e+01
5.28444e+01 9.20000e+01
5.30351e+01 9.20000e+01
5.32239e+01 9.20000e+01
5.34126e+01 9.20000e+01
5.36044e+01 9.20000e+01
5.37984e+01 9.20000e+01
5.39900e+01 9.20000e+01
5.41803e+01 9.20000e+01
5.43709e+01 9.20000e+01
5.45645e+01 9.20000e+01
5.47595e+01 9.20000e+01
5.49516e+01 9.20000e+01
5.51435e+01 9.20000e+01
5.53335e+01 9.20000e+01
5.55254e+01 9.20000e+01
5.57194e+01 9.20000e+01
5.59099e+01 9.20000e+01
5.61007e+01 9.20000e+01
5.62913e+01 9.20000e+01
5.64815e+01 9.20000e+01
5.66745e+01 9.20000e+01
5.68657e+01 9.20000e+01
5.70572e+01 9.20000e+01
5.72478e+01 9.20000e+01
5.74392e+01 9.20000e+01
5.76322e+01 9.20000e+01
5.78239e+01 9.20000e+01
5.80165e+01 9.20000e+01
5.82076e+01 9.20000e+01
5.83977e+01 9.20000e+01
5.85892e+01 9.20000e+01
5.87824e+01 9.20000e+01
5.89728e+01 9.20000e+01
5.91645e+01 9.20000e+01
5.93554e+01 9.20000e+01
5.95467e+01 9.20000e+01
5.97426e+01 9.20000e+01
5.99339e+01 9.20000e+01
6.01341e+01 9.20000e+01
6.03409e+01 9.20000e+01
6.05353e+01 9.20000e+01
6.07284e+01 9.20000e+01
6.09201e+01 9.20000e+01
6.11109e+01 9.20000e+01
6.13013e+01 9.20000e+01
6.14935e+01 9.20000e+01
6.16875e+01 9.20000e+01
6.18780e+01 9.20000e+01
6.20704e+01 9.20000e+01
6.22627e+01 9.20000e+01
6.24544e+01 9.20000e+01
6.26501e+01 9.20000e+01
6.28422e+01 9.20000e+01
6.30341e+01 9.20000e+01
6.32251e+01 9.20000e+01
6.34161e+01 9.20000e+01
6.36095e+01 9.20000e+01
6.38050e+01 9.20000e+01
6.39959e+01 9.20000e+01
6.41885e+01 9.20000e+01
6.43806e+01 9.20000e+01
6.45721e+01 9.20000e+01
6.47676e+01 9.20000e+01
6.49598e+01 9.20000e+01
6.51515e+01 9.20000e+01
6.53427e+01 9.20000e+01
6.55337e+01 9.20000e+01
6.57280e+01 9.20000e+01
6.59185e+01 9.20000e+01
6.61078e+01 9.20000e+01
6.63000e+01 9.20000e+01
6.64915e+01 9.20000e+01
6.66871e+01 9.20000e+01
6.68786e+01 9.20000e+01
6.70702e+01 9.20000e+01
6.72621e+01 9.20000e+01
6.74544e+01 9.20000e+01
6.76495e+01 9.20000e+01
6.78421e+01 9.20000e+01
6.80333e+01 9.20000e+01
6.82232e+01 9.20000e+01
6.84148e+01 9.20000e+01
6.86062e+01 9.20000e+01
6.87997e+01 9.20000e+01
6.89919e+01 9.20000e+01
6.91828e+01 9.20000e+01
6.93737e+01 9.20000e+01
6.95643e+01 9.20000e+01
6.97568e+01 9.20000e+01
6.99482e+01 9.20000e+01
7.01399e+01 9.20000e+01
7.03304e+01 9.20000e+01
7.05225e+01 9.20000e+01
7.07181e+01 9.20000e+01
7.09081e+01 9.20000e+01
7.10999e+01 9.20000e+01
7.12901e+01 9.20000e+01
7.14806e+01 9.20000e+01
7.16735e+01 9.20000e+01
7.18643e+01 9.20000e+01
7.20556e+01 9.20000e+01
7.22458e+01 9.20000e+01
7.24382e+01 9.20000e+01
7.26293e+01 9.20000e+01
7.28244e+01 9.20000e+01
7.30155e+01 9.20000e+01
7.32064e+01 9.20000e+01
7.33968e+01 9.20000e+01
7.35889e+01 9.20000e+01
7.37827e+01 9.20000e+01
7.39734e+01 9.20000e+01
7.41636e+01 9.20000e+01
7.43552e+01 9.20000e+01
7.45457e+01 9.20000e+01
7.47392e+01 9.20000e+01
7.49290e+01 9.20000e+01
7.51278e+01 9.20000e+01
7.53330e+01 9.20000e+01
7.55227e+01 9.20000e+01
7.57181e+01 9.20000e+01
7.59093e+01 9.20000e+01
7.61019e+01 9.20000e+01
7.62921e+01 9.20000e+01
7.64831e+01 9.20000e+01
7.66791e+01 9.20000e+01
7.68710e+01 9.20000e+01
7.70633e+01 9.20000e+01
7.72542e+01 9.20000e+01
7.74459e+01 9.20000e+01
7.76364e+01 9.20000e+01
7.78296e+01 9.20000e+01
7.80215e+01 9.20000e+01
7.82139e+01 9.20000e+01
7.84046e+01 9.20000e+01
7.85963e+01 9.20000e+01
7.87914e+01 9.20000e+01
7.89837e+01 9.20000e+01
7.91743e+01 9.20000e+01
7.93655e+01 9.20000e+01
7.95562e+01 9.20000e+01
7.97520e+01 9.20000e+01
7.99432e+01 9.20000e+01
8.01341e+01 9.20000e+01
8.03256e+01 9.20000e+01
8.05160e+01 9.20000e+01
8.07091e+01 9.20000e+01
8.09010e+01 9.20000e+01
8.10928e+01 9.20000e+01
8.12837e+01 9.20000e+01
8.14740e+01 9.20000e+01
8.16689e+01 9.20000e+01
8.18586e+01 9.20000e+01
8.20490e+01 9.20000e+01
8.22403e+01 9.20000e+01
8.24302e+01 9.20000e+01
8.26210e+01 9.20000e+01
8.28152e+01 9.20000e+01
8.30046e+01 9.20000e+01
8.31943e+01 9.20000e+01
8.33857e+01 9.20000e+01
8.35762e+01 9.20000e+01
8.37693e+01 9.20000e+01
8.39602e+01 9.20000e+01
8.41520e+01 9.20000e+01
8.43423e+01 9.20000e+01
8.45325e+01 9.20000e+01
8.47262e+01 9.20000e+01
8.49178e+01 9.20000e+01
8.51088e+01 9.20000e+01
8.53004e+01 9.20000e+01
8.54924e+01 9.20000e+01
8.56870e+01 9.20000e+01
8.58782e+01 9.20000e+01
8.60680e+01 9.20000e+01
8.62598e+01 9.20000e+01
8.64505e+01 9.20000e+01
8.66422e+01 9.20000e+01
8.68368e+01 9.20000e+01
8.70283e+01 9.20000e+01
8.72189e+01 9.20000e+01
8.74105e+01 9.20000e+01
8.76000e+01 9.20000e+01
8.77919e+01 9.20000e+01
8.79825e+01 9.20000e+01
8.81736e+01 9.20000e+01
8.83639e+01 9.20000e+01
8.85551e+01 9.20000e+01
8.87496e+01 9.20000e+01
8.89406e+01 9.20000e+01
8.91311e+01 9.20000e+01
8.93215e+01 9.20000e+01
8.95128e+01 9.20000e+01
8.97069e+01 9.20000e+01
8.98975e+01 9.20000e+01
9.00916e+01 9.20000e+01
9.02904e+01 9.20000e+01
9.04828e+01 9.20000e+01
9.06775e+01 9.20000e+01
9.08697e+01 9.20000e+01
9.10614e+01 9.20000e+01
9.12517e+01 9.20000e+01
9.14427e+01 9.20000e+01
9.16331e+01 9.20000e+01
9.18276e+01 9.20000e+01
9.20197e+01 9.20000e+01
9.22106e+01 9.20000e+01
9.24020e+01 9.20000e+01
9.25930e+01 9.20000e+01
9.27895e+01 9.20000e+01
9.29806e+01 9.20000e+01
9.31722e+01 9.20000e+01
9.33625e+01 9.20000e+01
9.35537e+01 9.20000e+01
9.37471e+01 9.20000e+01
9.39379e+01 9.20000e+01
9.41283e+01 9.20000e+01
9.43189e+01 9.20000e+01
9.45092e+01 9.20000e+01
9.47143e+01 9.20000e+01
9.49056e+01 9.20000e+01
9.50961e+01 9.20000e+01
9.52869e+01 9.20000e+01
9.54778e+01 9.20000e+01
9.56683e+01 9.20000e+01
9.58615e+01 9.20000e+01
9.60518e+01 9.20000e+01
9.62418e+01 9.20000e+01
9.64323e+01 9.20000e+01
9.66237e+01 9.20000e+01
9.68176e+01 9.20000e+01
9.70083e+01 9.20000e+01
9.71995e+01 9.20000e+01
9.73896e+01 9.20000e+01
9.75806e+01 9.20000e+01
9.77739e+01 9.20000e+01
9.79637e+01 9.20000e+01
9.81546e+01 9.20000e+01
9.83449e+01 9.20000e+01
9.85356e+01 9.20000e+01
9.87314e+01 9.20000e+01
9.89225e+01 9.20000e+01
9.91127e+01 9.20000e+01
9.93029e+01 9.20000e+01
9.94934e+01 9.20000e+01
9.96874e+01 9.20000e+01
9.98779e+01 9.20000e+01
1.00069e+02 9.20000e+01
1.00258e+02 9.20000e+01
1.00449e+02 9.20000e+01
1.00639e+02 9.20000e+01
1.00834e+02 9.20000e+01
1.01024e+02 9.20000e+01
1.01215e+02 9.20000e+01
1.01406e+02 9.20000e+01
1.01601e+02 9.20000e+01
1.01796e+02 9.20000e+01
1.01987e+02 9.20000e+01
1.02178e+02 9.20000e+01
1.02369e+02 9.20000e+01
1.02559e+02 9.20000e+01
1.02751e+02 9.20000e+01
1.02940e+02 9.20000e+01
1.03130e+02 9.20000e+01
1.03320e+02 9.20000e+01
1.03510e+02 9.20000e+01
1.03704e+02 9.20000e+01
1.03894e+02 9.20000e+01
1.04086e+02 9.20000e+01
1.04276e+02 9.20000e+01
1.04467e+02 9.20000e+01
1.04657e+02 9.20000e+01
1.04851e+02 9.20000e+01
1.05042e+02 9.20000e+01
1.05259e+02 9.20000e+01
1.05466e+02 9.20000e+01
1.05658e+02 9.20000e+01
1.05852e+02 9.20000e+01
1.06043e+02 9.20000e+01
1.06235e+02 9.20000e+01
1.06426e+02 9.20000e+01
1.06617e+02 9.20000e+01
1.06811e+02 9.20000e+01
1.07002e+02 9.20000e+01
1.07192e+02 9.20000e+01
1.07384e+02 9.20000e+01
1.07574e+02 9.20000e+01
1.07770e+02 9.20000e+01
1.07960e+02 9.20000e+01
1.08151e+02 9.20000e+01
1.08341e+02 9.20000e+01
1.08531e+02 9.20000e+01
1.08724e+02 9.20000e+01
1.08914e+02 9.20000e+01
1.09104e+02 9.20000e+01
1.09294e+02 9.20000e+01
1.09485e+02 9.20000e+01
1.09676e+02 9.20000e+01
1.09871e+02 9.20000e+01
1.10061e+02 9.20000e+01
1.10252e+02 9.20000e+01
1.10442e+02 9.20000e+01
1.10634e+02 9.20000e+01
1.10827e+02 9.20000e+01
1.11018e+02 9.20000e+01
1.11210e+02 9.20000e+01
1.11401e+02 9.20000e+01
1.11591e+02 9.20000e+01
1.11785e+02 9.20000e+01
1.11976e+02 9.20000e+01
1.12167e+02 9.20000e+01
1.12358e+02 9.20000e+01
1.12550e+02 9.20000e+01
1.12744e+02 9.20000e+01
1.12934e+02 9.20000e+01
1.13125e+02 9.20000e+01
1.13316e+02 9.20000e+01
1.13507e+02 9.20000e+01
1.13699e+02 9.20000e+01
1.13893e+02 9.20000e+01
1.14083e+02 9.20000e+01
1.14273e+02 9.20000e+01
1.14462e+02 9.20000e+01
1.14653e+02 9.20000e+01
1.14846e+02 9.20000e+01
1.15037e+02 9.20000e+01
1.15228e+02 9.20000e+01
1.15419e+02 9.20000e+01
1.15610e+02 9.20000e+01
1.15806e+02 9.20000e+01
1.15996e+02 9.20000e+01
1.16188e+02 9.20000e+01
1.16378e+02 9.20000e+01
1.16568e+02 9.20000e+01
1.16762e+02 9.20000e+01
1.16952e+02 9.20000e+01
1.17143e+02 9.20000e+01
1.17334e+02 9.20000e+01
1.17524e+02 9.20000e+01
1.17717e+02 9.20000e+01
1.17909e+02 9.20000e+01
1.18100e+02 9.20000e+01
1.18290e+02 9.20000e+01
1.18481e+02 9.20000e+01
1.18672e+02 9.20000e+01
1.18868e+02 9.20000e+01
1.19059e+02 9.20000e+01
1.19249e+02 9.20000e+01
1.19441e+02 9.20000e+01
1.19632e+02 9.20000e+01
1.19826e+02 9.20000e+01
1.20018e+02 9.20000e+01
1.20229e+02 9.20000e+01
1.20428e+02 9.20000e+01
1.20619e+02 9.20000e+01
1.20814e+02 9.20000e+01
1.21006e+02 9.20000e+01
1.21197e+02 9.20000e+01
1.21386e+02 9.20000e+01
1.21579e+02 9.20000e+01
1.21774e+02 9.20000e+01
1.21965e+02 9.20000e+01
1.22156e+02 9.20000e+01
1.22347e+02 9.20000e+01
1.22537e+02 9.20000e+01
1.22732e+02 9.20000e+01
1.22923e+02 9.20000e+01
1.23113e+02 9.20000e+01
1.23303e+02 9.20000e+01
1.23492e+02 9.20000e+01
1.23683e+02 9.20000e+01
1.23876e+02 9.20000e+01
1.24066e+02 9.20000e+01
1.24257e+02 9.20000e+01
1.24447e+02 9.20000e+01
1.24639e+02 9.20000e+01
1.24835e+02 9.20000e+01
1.25025e+02 9.20000e+01
1.25217e+02 9.20000e+01
1.25408e+02 9.20000e+01
1.25598e+02 9.20000e+01
1.25793e+02 9.20000e+01
1.25984e+02 9.20000e+01
1.26176e+02 9.20000e+01
1.26369e+02 9.20000e+01
1.26560e+02 9.20000e+01
1.26754e+02 9.20000e+01
1.26945e+02 9.20000e+01
1.27136e+02 9.20000e+01
1.27328e+02 9.20000e+01
1.27518e+02 9.20000e+01
1.27707e+02 9.20000e+01
1.27903e+02 9.20000e+01
1.28093e+02 9.20000e+01
1.28284e+02 9.20000e+01
1.28474e+02 9.20000e+01
1.28664e+02 9.20000e+01
1.28858e+02 9.20000e+01
1.29048e+02 9.20000e+01
1.29237e+02 9.20000e+01
1.29429e+02 9.20000e+01
1.29619e+02 9.20000e+01
1.29814e+02 9.20000e+01
1.30005e+02 9.20000e+01
1.30196e+02 9.20000e+01
1.30387e+02 9.20000e+01
1.30577e+02 9.20000e+01
1.30770e+02 9.20000e+01
1.30962e+02 9.20000e+01
1.31152e+02 9.20000e+01
1.31342e+02 9.20000e+01
1.31531e+02 9.20000e+01
1.31721e+02 9.20000e+01
1.31915e+02 9.20000e+01
1.32105e+02 9.20000e+01
1.32297e+02 9.20000e+01
1.32487e+02 9.20000e+01
1.32678e+02 9.20000e+01
1.32872e+02 9.20000e+01
1.33063e+02 9.20000e+01
1.33253e+02 9.20000e+01
1.33443e+02 9.20000e+01
1.33634e+02 9.20000e+01
1.33829e+02 9.20000e+01
1.34019e+02 9.20000e+01
1.34210e+02 9.20000e+01
1.34400e+02 9.20000e+01
1.34592e+02 9.20000e+01
1.34784e+02 9.20000e+01
1.34975e+02 9.20000e+01
1.35182e+02 9.20000e+01
1.35389e+02 9.20000e+01
1.35581e+02 9.20000e+01
1.35775e+02 9.20000e+01
1.35966e+02 9.20000e+01
1.36155e+02 9.20000e+01
1.36344e+02 9.20000e+01
1.36534e+02 9.20000e+01
1.36724e+02 9.20000e+01
1.36919e+02 9.20000e+01
1.37111e+02 9.20000e+01
1.37301e+02 9.20000e+01
1.37492e+02 9.20000e+01
1.37683e+02 9.20000e+01
1.37877e+02 9.20000e+01
1.38066e+02 9.20000e+01
1.38255e+02 9.20000e+01
1.38445e+02 9.20000e+01
1.38637e+02 9.20000e+01
1.38831e+02 9.20000e+01
1.39021e+02 9.20000e+01
1.39212e+02 9.20000e+01
1.39403e+02 9.20000e+01
1.39595e+02 9.20000e+01
1.39794e+02 9.20000e+01
1.39991e+02 9.20000e+01
1.40183e+02 9.20000e+01
1.40373e+02 9.20000e+01
1.40564e+02 9.20000e+01
1.40758e+02 9.20000e+01
1.40949e+02 9.20000e+01
1.41139e+02 9.20000e+01
1.41330e+02 9.20000e+01
1.41522e+02 9.20000e+01
1.41712e+02 9.20000e+01
1.41905e+02 9.20000e+01
1.42094e+02 9.20000e+01
1.42285e+02 9.20000e+01
1.42475e+02 9.20000e+01
1.42666e+02 9.20000e+01
1.42860e+02 9.20000e+01
1.43050e+02 9.20000e+01
1.43240e+02 9.20000e+01
1.43431e+02 9.20000e+01
1.43621e+02 9.20000e+01
1.43817e+02 9.20000e+01
1.44007e+02 9.20000e+01
1.44197e+02 9.20000e+01
1.44389e+02 9.20000e+01
1.44580e+02 9.20000e+01
1.44772e+02 9.20000e+01
1.44963e+02 9.20000e+01
1.45155e+02 9.20000e+01
1.45346e+02 9.20000e+01
1.45536e+02 9.20000e+01
1.45727e+02 9.20000e+01
1.45923e+02 9.20000e+01
1.46114e+02 9.20000e+01
1.46305e+02 9.20000e+01
1.46496e+02 9.20000e+01
1.46686e+02 9.20000e+01
1.46880e+02 9.20000e+01
1.47072e+02 9.20000e+01
1.47262e+02 9.20000e+01
1.47454e+02 9.20000e+01
1.47644e+02 9.20000e+01
1.47837e+02 9.20000e+01
1.48028e+02 9.20000e+01
1.48218e+02 9.20000e+01
1.48409e+02 9.20000e+01
1.48600e+02 9.20000e+01
1.48794e+02 9.20000e+01
1.48986e+02 9.20000e+01
1.49176e+02 9.20000e+01
1.49367e+02 9.20000e+01
1.49557e+02 9.20000e+01
1.49747e+02 9.20000e+01
1.49940e+02 9.20000e+01
1.50140e+02 9.20000e+01
1.50331e+02 9.20000e+01
1.50523e+02 9.20000e+01
1.50714e+02 9.20000e+01
1.50915e+02 9.20000e+01
1.51112e+02 9.20000e+01
1.51302e+02 9.20000e+01
1.51493e+02 9.20000e+01
1.51683e+02 9.20000e+01
1.51877e+02 9.20000e+01
1.52067e+02 9.20000e+01
1.52258e+02 9.20000e+01
1.52450e+02 9.20000e+01
1.52639e+02 9.20000e+01
1.52832e+02 9.20000e+01
1.53023e+02 9.20000e+01
1.53212e+02 9.20000e+01
1.53402e+02 9.20000e+01
1.53593e+02 9.20000e+01
1.53788e+02 9.20000e+01
1.53978e+02 9.20000e+01
1.54169e+02 9.20000e+01
1.54358e+02 9.20000e+01
1.54548e+02 9.20000e+01
1.54740e+02 9.20000e+01
1.54934e+02 9.20000e+01
1.55124e+02 9.20000e+01
1.55315e+02 9.20000e+01
1.55504e+02 9.20000e+01
1.55694e+02 9.20000e+01
1.55888e+02 9.20000e+01
1.56080e+02 9.20000e+01
1.56270e+02 9.20000e+01
1.56461e+02 9.20000e+01
1.56651e+02 9.20000e+01
1.56845e+02 9.20000e+01
1.57036e+02 9.20000e+01
1.57226e+02 9.20000e+01
1.57418e+02 9.20000e+01
1.57609e+02 9.20000e+01
1.57803e+02 9.20000e+01
1.57994e+02 9.20000e+01
1.58186e+02 9.20000e+01
1.58377e+02 9.20000e+01
1.58568e+02 9.20000e+01
1.58759e+02 9.20000e+01
1.58953e+02 9.20000e+01
1.59143e+02 9.20000e+01
1.59335e+02 9.20000e+01
1.59526e+02 9.20000e+01
1.59716e+02 9.20000e+01
1.59912e+02 9.20000e+01
1.60103e+02 9.20000e+01
1.60294e+02 9.20000e+01
1.60485e+02 9.20000e+01
1.60677e+02 9.20000e+01
1.60872e+02 9.20000e+01
1.61064e+02 9.20000e+01
1.61255e+02 9.20000e+01
1.61445e+02 9.20000e+01
1.61637e+02 9.20000e+01
1.61835e+02 9.20000e+01
1.62027e+02 9.20000e+01
1.62218e+02 9.20000e+01
1.62410e+02 9.20000e+01
1.62601e+02 9.20000e+01
1.62794e+02 9.20000e+01
1.62986e+02 9.20000e+01
1.63175e+02 9.20000e+01
1.63367e+02 9.20000e+01
1.63558e+02 9.20000e+01
1.63749e+02 9.20000e+01
1.63943e+02 9.20000e+01
1.64133e+02 9.20000e+01
1.64324e+02 9.20000e+01
1.64516e+02 9.20000e+01
1.64706e+02 9.20000e+01
1.64899e+02 9.20000e+01
1.65093e+02 9.20000e+01
1.65305e+02 9.20000e+01
1.65496e+02 9.20000e+01
1.65688e+02 9.20000e+01
1.65882e+02 9.20000e+01
1.66073e+02 9.20000e+01
1.66263e+02 9.20000e+01
1.66455e+02 9.20000e+01
1.66647e+02 9.20000e+01
1.66841e+02 9.20000e+01
1.67032e+02 9.20000e+01
1.67223e+02 9.20000e+01
1.67413e+02 9.20000e+01
1.67606e+02 9.20000e+01
1.67800e+02 9.20000e+01
1.67992e+02 9.20000e+01
1.68183e+02 9.20000e+01
1.68373e+02 9.20000e+01
1.68565e+02 9.20000e+01
1.68757e+02 9.20000e+01
1.68949e+02 9.20000e+01
1.69141e+02 9.20000e+01
1.69331e+02 9.20000e+01
1.69525e+02 9.20000e+01
1.69718e+02 9.20000e+01
1.69911e+02 9.20000e+01
1.70103e+02 9.20000e+01
1.70295e+02 9.20000e+01
1.70486e+02 9.20000e+01
1.70675e+02 9.20000e+01
1.70871e+02 9.20000e+01
1.71062e+02 9.20000e+01
1.71251e+02 9.20000e+01
1.71443e+02 9.20000e+01
1.71634e+02 9.20000e+01
1.71826e+02 9.20000e+01
1.72017e+02 9.20000e+01
1.72208e+02 9.20000e+01
1.72399e+02 9.20000e+01
1.72590e+02 9.20000e+01
1.72780e+02 9.20000e+01
1.72975e+02 9.20000e+01
1.73166e+02 9.20000e+01
1.73357e+02 9.20000e+01
1.73549e+02 9.20000e+01
1.73740e+02 9.20000e+01
1.73935e+02 9.20000e+01
1.74126e+02 9.20000e+01
1.74318e+02 9.20000e+01
1.74510e+02 9.20000e+01
1.74702e+02 9.20000e+01
1.74897e+02 9.20000e+01
1.75090e+02 9.20000e+01
1.75280e+02 9.20000e+01
1.75473e+02 9.20000e+01
1.75663e+02 9.20000e+01
1.75856e+02 9.20000e+01
1.76048e+02 9.20000e+01
1.76239e+02 9.20000e+01
1.76431e+02 9.20000e+01
1.76621e+02 9.20000e+01
1.76815e+02 9.20000e+01
1.77006e+02 9.20000e+01
1.77198e+02 9.20000e+01
1.77389e+02 9.20000e+01
1.77579e+02 9.20000e+01
1.77769e+02 9.20000e+01
1.77960e+02 9.20000e+01
1.78150e+02 9.20000e+01
1.78340e+02 9.20000e+01
1.78530e+02 9.20000e+01
1.78720e+02 9.20000e+01
1.78914e+02 9.20000e+01
1.79104e+02 9.20000e+01
1.79294e+02 9.20000e+01
1.79483e+02 9.20000e+01
1.79674e+02 9.20000e+01
1.79868e+02 9.20000e+01
1.80059e+02 9.20000e+01
1.80269e+02 9.20000e+01
1.80460e+02 9.20000e+01
1.80652e+02 9.20000e+01
1.80843e+02 9.20000e+01
1.81035e+02 9.20000e+01
1.81224e+02 9.20000e+01
1.81415e+02 9.20000e+01
1.81605e+02 9.20000e+01
1.81795e+02 9.20000e+01
1.81987e+02 9.20000e+01
1.82177e+02 9.20000e+01
1.82367e+02 9.20000e+01
1.82558e+02 9.20000e+01
1.82747e+02 9.20000e+01
1.82940e+02 9.20000e+01
1.83128e+02 9.20000e+01
1.83317e+02 9.20000e+01
1.83507e+02 9.20000e+01
1.83699e+02 9.20000e+01
1.83890e+02 9.20000e+01
1.84080e+02 9.20000e+01
1.84269e+02 9.20000e+01
1.84458e+02 9.20000e+01
1.84654e+02 9.20000e+01
1.84861e+02 9.20000e+01
1.85060e+02 9.20000e+01
1.85251e+02 9.20000e+01
1.85440e+02 9.20000e+01
1.85629e+02 9.20000e+01
1.85821e+02 9.20000e+01
1.86012e+02 9.20000e+01
1.86202e+02 9.20000e+01
1.86392e+02 9.20000e+01
1.86581e+02 9.20000e+01
1.86771e+02 9.20000e+01
1.86965e+02 9.20000e+01
1.87154e+02 9.20000e+01
1.87344e+02 9.20000e+01
1.87534e+02 9.20000e+01
1.87722e+02 9.20000e+01
1.87915e+02 9.20000e+01
1.88104e+02 9.20000e+01
1.88293e+02 9.20000e+01
1.88483e+02 9.20000e+01
1.88672e+02 9.20000e+01
1.88864e+02 9.20000e+01
1.89055e+02 9.20000e+01
1.89245e+02 9.20000e+01
1.89434e+02 9.20000e+01
1.89623e+02 9.20000e+01
1.89813e+02 9.20000e+01
1.90004e+02 9.20000e+01
1.90195e+02 9.20000e+01
1.90384e+02 9.20000e+01
1.90575e+02 9.20000e+01
1.90764e+02 9.20000e+01
1.90958e+02 9.20000e+01
1.91149e+02 9.20000e+01
1.91339e+02 9.20000e+01
1.91528e+02 9.20000e+01
1.91718e+02 9.20000e+01
