2.39590e-02 6.54000e+02
2.28874e-01 4.56000e+02
4.22672e-01 4.11000e+02
6.14545e-01 3.13000e+02
8.04874e-01 3.31000e+02
9.97467e-01 3.46000e+02
1.18909e+00 2.86000e+02
1.38519e+00 2.32000e+02
1.57731e+00 1.72000e+02
1.76726e+00 1.68000e+02
1.95917e+00 1.59000e+02
2.14966e+00 1.28000e+02
2.34416e+00 1.78000e+02
2.53749e+00 1.71000e+02
2.72872e+00 1.86000e+02
2.91986e+00 1.75000e+02
3.11188e+00 1.72000e+02
3.30275e+00 1.39000e+02
3.49872e+00 1.72000e+02
3.68931e+00 1.55000e+02
3.87978e+00 1.71000e+02
4.06998e+00 1.51000e+02
4.26095e+00 1.60000e+02
4.45449e+00 2.34000e+02
4.64689e+00 2.17000e+02
4.83781e+00 2.22000e+02
5.02965e+00 1.93000e+02
5.22132e+00 2.63000e+02
5.41594e+00 2.01000e+02
5.60710e+00 1.67000e+02
5.79686e+00 2.05000e+02
5.98695e+00 1.80000e+02
6.17889e+00 1.53000e+02
6.37239e+00 1.61000e+02
6.56433e+00 1.92000e+02
6.75622e+00 1.54000e+02
6.94754e+00 1.82000e+02
7.13970e+00 1.70000e+02
7.33140e+00 1.62000e+02
7.52641e+00 1.58000e+02
7.71820e+00 1.91000e+02
7.90907e+00 2.25000e+02
8.09992e+00 2.28000e+02
8.28998e+00 2.17000e+02
8.48557e+00 2.00000e+02
8.67661e+00 2.27000e+02
8.86801e+00 1.82000e+02
9.05951e+00 1.48000e+02
9.24971e+00 1.52000e+02
9.44328e+00 1.86000e+02
9.63409e+00 2.11000e+02
9.82582e+00 2.17000e+02
1.00161e+01 2.23000e+02
1.02063e+01 2.45000e+02
1.04017e+01 2.69000e+02
1.05929e+01 2.50000e+02
1.07852e+01 2.44000e+02
1.09750e+01 3.14000e+02
1.11671e+01 2.92000e+02
1.13612e+01 2.56000e+02
1.15535e+01 2.10000e+02
1.17447e+01 1.92000e+02
1.19368e+01 2.13000e+02
1.21275e+01 2.08000e+02
1.23183e+01 1.86000e+02
1.25120e+01 1.78000e+02
1.27025e+01 1.55000e+02
1.28924e+01 1.79000e+02
1.30848e+01 1.80000e+02
1.32766e+01 1.79000e+02
1.34710e+01 1.91000e+02
1.36629e+01 1.90000e+02
1.38539e+01 1.48000e+02
1.40447e+01 1.51000e+02
1.42346e+01 1.58000e+02
1.44294e+01 1.60000e+02
1.46205e+01 1.37000e+02
1.48126e+01 1.20000e+02
1.50054e+01 1.59000e+02
1.52218e+01 1.37000e+02
1.54358e+01 1.12000e+02
1.56274e+01 9.30000e+01
1.58179e+01 9.30000e+01
1.60089e+01 9.30000e+01
1.61980e+01 9.30000e+01
1.63911e+01 9.30000e+01
1.65827e+01 9.30000e+01
1.67743e+01 9.30000e+01
1.69628e+01 9.30000e+01
1.71545e+01 9.30000e+01
1.73443e+01 9.30000e+01
1.75386e+01 9.30000e+01
1.77301e+01 9.30000e+01
1.79188e+01 9.30000e+01
1.81084e+01 9.30000e+01
1.82991e+01 9.30000e+01
1.84927e+01 9.30000e+01
1.86838e+01 9.30000e+01
1.88741e+01 9.30000e+01
1.90646e+01 9.30000e+01
1.92540e+01 9.30000e+01
1.94487e+01 9.30000e+01
1.96406e+01 9.30000e+01
1.98314e+01 9.30000e+01
2.00238e+01 9.30000e+01
2.02148e+01 9.30000e+01
2.04084e+01 9.30000e+01
2.06001e+01 9.30000e+01
2.07915e+01 9.30000e+01
2.09805e+01 9.30000e+01
2.11720e+01 9.30000e+01
2.13642e+01 9.30000e+01
2.15578e+01 9.30000e+01
2.17498e+01 9.30000e+01
2.19401e+01 9.30000e+01
2.21316e+01 9.30000e+01
2.23217e+01 9.30000e+01
2.25172e+01 9.30000e+01
2.27082e+01 9.30000e+01
2.28989e+01 9.30000e+01
2.30896e+01 9.30000e+01
2.32799e+01 9.30000e+01
2.34735e+01 9.30000e+01
2.36645e+01 9.30000e+01
2.38539e+01 9.30000e+01
2.40447e+01 9.30000e+01
2.42356e+01 9.30000e+01
2.44292e+01 9.30000e+01
2.46188e+01 9.30000e+01
2.48079e+01 9.30000e+01
2.49990e+01 9.30000e+01
2.51891e+01 9.30000e+01
2.53827e+01 9.30000e+01
2.55740e+01 9.30000e+01
2.57659e+01 9.30000e+01
2.59581e+01 9.30000e+01
2.61488e+01 9.30000e+01
2.63394e+01 9.30000e+01
2.65321e+01 9.30000e+01
2.67231e+01 9.30000e+01
2.69148e+01 9.30000e+01
2.71094e+01 9.30000e+01
2.73031e+01 9.30000e+01
2.74977e+01 9.30000e+01
2.76887e+01 9.30000e+01
2.78801e+01 9.30000e+01
2.80718e+01 9.30000e+01
2.82624e+01 9.30000e+01
2.84562e+01 9.30000e+01
2.86483e+01 9.30000e+01
2.88391e+01 9.30000e+01
2.90303e+01 9.30000e+01
2.92213e+01 9.30000e+01
2.94165e+01 9.30000e+01
2.96080e+01 9.30000e+01
2.97989e+01 9.30000e+01
2.99908e+01 9.30000e+01
3.02097e+01 9.30000e+01
3.04092e+01 9.30000e+01
3.06017e+01 9.30000e+01
3.07915e+01 9.30000e+01
3.09835e+01 9.30000e+01
3.11753e+01 9.30000e+01
3.13668e+01 9.30000e+01
3.15624e+01 9.30000e+01
3.17543e+01 9.30000e+01
3.19450e+01 9.30000e+01
3.21377e+01 9.30000e+01
3.23270e+01 9.30000e+01
3.25196e+01 9.30000e+01
3.27110e+01 9.30000e+01
3.29018e+01 9.30000e+01
3.30935e+01 9.30000e+01
3.32848e+01 9.30000e+01
3.34765e+01 9.30000e+01
3.36670e+01 9.30000e+01
3.38586e+01 9.30000e+01
3.40493e+01 9.30000e+01
3.42385e+01 9.30000e+01
3.44322e+01 9.30000e+01
3.46250e+01 9.30000e+01
3.48159e+01 9.30000e+01
3.50081e+01 9.30000e+01
3.52002e+01 9.30000e+01
3.53940e+01 9.30000e+01
3.55866e+01 9.30000e+01
3.57769e+01 9.30000e+01
3.59682e+01 9.30000e+01
3.61585e+01 9.30000e+01
3.63497e+01 9.30000e+01
3.65434e+01 9.30000e+01
3.67347e+01 9.30000e+01
3.69253e+01 9.30000e+01
3.71165e+01 9.30000e+01
3.73068e+01 9.30000e+01
3.74993e+01 9.30000e+01
3.76894e+01 9.30000e+01
3.78812e+01 9.30000e+01
3.80719e+01 9.30000e+01
3.82630e+01 9.30000e+01
3.84565e+01 9.30000e+01
3.86455e+01 9.30000e+01
3.88366e+01 9.30000e+01
3.90268e+01 9.30000e+01
3.92181e+01 9.30000e+01
3.94120e+01 9.30000e+01
3.96036e+01 9.30000e+01
3.97941e+01 9.30000e+01
3.99831e+01 9.30000e+01
4.01735e+01 9.30000e+01
4.03634e+01 9.30000e+01
4.05578e+01 9.30000e+01
4.07496e+01 9.30000e+01
4.09398e+01 9.30000e+01
4.11294e+01 9.30000e+01
4.13205e+01 9.30000e+01
4.15125e+01 9.30000e+01
4.17016e+01 9.30000e+01
4.18911e+01 9.30000e+01
4.20822e+01 9.30000e+01
4.22739e+01 9.30000e+01
4.24670e+01 9.30000e+01
4.26568e+01 9.30000e+01
4.28456e+01 9.30000e+01
4.30355e+01 9.30000e+01
4.32270e+01 9.30000e+01
4.34227e+01 9.30000e+01
4.36153e+01 9.30000e+01
4.38070e+01 9.30000e+01
4.39975e+01 9.30000e+01
4.41873e+01 9.30000e+01
4.43784e+01 9.30000e+01
4.45719e+01 9.30000e+01
4.47632e+01 9.30000e+01
4.49546e+01 9.30000e+01
4.51695e+01 9.30000e+01
4.53677e+01 9.30000e+01
4.55625e+01 9.30000e+01
4.57532e+01 9.30000e+01
4.59422e+01 9.30000e+01
4.61331e+01 9.30000e+01
4.63222e+01 9.30000e+01
4.65161e+01 9.30000e+01
4.67084e+01 9.30000e+01
4.68984e+01 9.30000e+01
4.70883e+01 9.30000e+01
4.72793e+01 9.30000e+01
4.74724e+01 9.30000e+01
4.76643e+01 9.30000e+01
4.78552e+01 9.30000e+01
4.80461e+01 9.30000e+01
4.82367e+01 9.30000e+01
4.84310e+01 9.30000e+01
4.86208e+01 9.30000e+01
4.88119e+01 9.30000e+01
4.90020e+01 9.30000e+01
4.91926e+01 9.30000e+01
4.93824e+01 9.30000e+01
4.95764e+01 9.30000e+01
4.97672e+01 9.30000e+01
4.99558e+01 9.30000e+01
5.01457e+01 9.30000e+01
5.03365e+01 9.30000e+01
5.05300e+01 9.30000e+01
5.07196e+01 9.30000e+01
5.09083e+01 9.30000e+01
5.10986e+01 9.30000e+01
5.12884e+01 9.30000e+01
5.14799e+01 9.30000e+01
5.16696e+01 9.30000e+01
5.18595e+01 9.30000e+01
5.20493e+01 9.30000e+01
5.22393e+01 9.30000e+01
5.24298e+01 9.30000e+01
5.26207e+01 9.30000e+01
5.28110e+01 9.30000e+01
5.30019e+01 9.30000e+01
5.31915e+01 9.30000e+01
5.33822e+01 9.30000e+01
5.35756e+01 9.30000e+01
5.37647e+01 9.30000e+01
5.39539e+01 9.30000e+01
5.41439e+01 9.30000e+01
5.43329e+01 9.30000e+01
5.45260e+01 9.30000e+01
5.47171e+01 9.30000e+01
5.49076e+01 9.30000e+01
5.50988e+01 9.30000e+01
5.52905e+01 9.30000e+01
5.54835e+01 9.30000e+01
5.56745e+01 9.30000e+01
5.58648e+01 9.30000e+01
5.60546e+01 9.30000e+01
5.62464e+01 9.30000e+01
5.64374e+01 9.30000e+01
5.66272e+01 9.30000e+01
5.68183e+01 9.30000e+01
5.70091e+01 9.30000e+01
5.71990e+01 9.30000e+01
5.73893e+01 9.30000e+01
5.75816e+01 9.30000e+01
5.77726e+01 9.30000e+01
5.79639e+01 9.30000e+01
5.81536e+01 9.30000e+01
5.83447e+01 9.30000e+01
5.85383e+01 9.30000e+01
5.87291e+01 9.30000e+01
5.89187e+01 9.30000e+01
5.91089e+01 9.30000e+01
5.92991e+01 9.30000e+01
5.94926e+01 9.30000e+01
5.96839e+01 9.30000e+01
5.98762e+01 9.30000e+01
6.00803e+01 9.30000e+01
6.02892e+01 9.30000e+01
6.04835e+01 9.30000e+01
6.06742e+01 9.30000e+01
6.08654e+01 9.30000e+01
6.10547e+01 9.30000e+01
6.12443e+01 9.30000e+01
6.14371e+01 9.30000e+01
6.16287e+01 9.30000e+01
6.18214e+01 9.30000e+01
6.20110e+01 9.30000e+01
6.22001e+01 9.30000e+01
6.23907e+01 9.30000e+01
6.25845e+01 9.30000e+01
6.27749e+01 9.30000e+01
6.29662e+01 9.30000e+01
6.31583e+01 9.30000e+01
6.33485e+01 9.30000e+01
6.35408e+01 9.30000e+01
6.37320e+01 9.30000e+01
6.39227e+01 9.30000e+01
6.41126e+01 9.30000e+01
6.43021e+01 9.30000e+01
6.44956e+01 9.30000e+01
6.46864e+01 9.30000e+01
6.48760e+01 9.30000e+01
6.50642e+01 9.30000e+01
6.52537e+01 9.30000e+01
6.54461e+01 9.30000e+01
6.56359e+01 9.30000e+01
6.58251e+01 9.30000e+01
6.60155e+01 9.30000e+01
6.62059e+01 9.30000e+01
6.63950e+01 9.30000e+01
6.65886e+01 9.30000e+01
6.67805e+01 9.30000e+01
6.69700e+01 9.30000e+01
6.71613e+01 9.30000e+01
6.73532e+01 9.30000e+01
6.75458e+01 9.30000e+01
6.77370e+01 9.30000e+01
6.79271e+01 9.30000e+01
6.81175e+01 9.30000e+01
6.83076e+01 9.30000e+01
6.85022e+01 9.30000e+01
6.86935e+01 9.30000e+01
6.88845e+01 9.30000e+01
6.90750e+01 9.30000e+01
6.92638e+01 9.30000e+01
6.94558e+01 9.30000e+01
6.96450e+01 9.30000e+01
6.98358e+01 9.30000e+01
7.00261e+01 9.30000e+01
7.02155e+01 9.30000e+01
7.04041e+01 9.30000e+01
7.05968e+01 9.30000e+01
7.07858e+01 9.30000e+01
7.09760e+01 9.30000e+01
7.11667e+01 9.30000e+01
7.13569e+01 9.30000e+01
7.15503e+01 9.30000e+01
7.17405e+01 9.30000e+01
7.19315e+01 9.30000e+01
7.21220e+01 9.30000e+01
7.23126e+01 9.30000e+01
7.25051e+01 9.30000e+01
7.26955e+01 9.30000e+01
7.28866e+01 9.30000e+01
7.30767e+01 9.30000e+01
7.32675e+01 9.30000e+01
7.34603e+01 9.30000e+01
7.36523e+01 9.30000e+01
7.38423e+01 9.30000e+01
7.40329e+01 9.30000e+01
7.42224e+01 9.30000e+01
7.44121e+01 9.30000e+01
7.46051e+01 9.30000e+01
7.47951e+01 9.30000e+01
7.49862e+01 9.30000e+01
7.51979e+01 9.30000e+01
7.53915e+01 9.30000e+01
7.55849e+01 9.30000e+01
7.57749e+01 9.30000e+01
7.59648e+01 9.30000e+01
7.61553e+01 9.30000e+01
7.63452e+01 9.30000e+01
7.65385e+01 9.30000e+01
7.67286e+01 9.30000e+01
7.69200e+01 9.30000e+01
7.71108e+01 9.30000e+01
7.73023e+01 9.30000e+01
7.74946e+01 9.30000e+01
7.76841e+01 9.30000e+01
7.78743e+01 9.30000e+01
7.80645e+01 9.30000e+01
7.82556e+01 9.30000e+01
7.84464e+01 9.30000e+01
7.86405e+01 9.30000e+01
7.88306e+01 9.30000e+01
7.90221e+01 9.30000e+01
7.92126e+01 9.30000e+01
7.94041e+01 9.30000e+01
7.95990e+01 9.30000e+01
7.97912e+01 9.30000e+01
7.99818e+01 9.30000e+01
8.01719e+01 9.30000e+01
8.03621e+01 9.30000e+01
8.05553e+01 9.30000e+01
8.07465e+01 9.30000e+01
8.09399e+01 9.30000e+01
8.11307e+01 9.30000e+01
8.13209e+01 9.30000e+01
8.15149e+01 9.30000e+01
8.17060e+01 9.30000e+01
8.18966e+01 9.30000e+01
8.20877e+01 9.30000e+01
8.22783e+01 9.30000e+01
8.24704e+01 9.30000e+01
8.26597e+01 9.30000e+01
8.28517e+01 9.30000e+01
8.30409e+01 9.30000e+01
8.32322e+01 9.30000e+01
8.34233e+01 9.30000e+01
8.36161e+01 9.30000e+01
8.38079e+01 9.30000e+01
8.39976e+01 9.30000e+01
8.41870e+01 9.30000e+01
8.43778e+01 9.30000e+01
8.45718e+01 9.30000e+01
8.47622e+01 9.30000e+01
8.49560e+01 9.30000e+01
8.51487e+01 9.30000e+01
8.53414e+01 9.30000e+01
8.55354e+01 9.30000e+01
8.57278e+01 9.30000e+01
8.59195e+01 9.30000e+01
8.61122e+01 9.30000e+01
8.63040e+01 9.30000e+01
8.64994e+01 9.30000e+01
8.66930e+01 9.30000e+01
8.68849e+01 9.30000e+01
8.70840e+01 9.30000e+01
8.72772e+01 9.30000e+01
8.74721e+01 9.30000e+01
8.76640e+01 9.30000e+01
8.78547e+01 9.30000e+01
8.80457e+01 9.30000e+01
8.82357e+01 9.30000e+01
8.84279e+01 9.30000e+01
8.86216e+01 9.30000e+01
8.88122e+01 9.30000e+01
8.90036e+01 9.30000e+01
8.91939e+01 9.30000e+01
8.93862e+01 9.30000e+01
8.95795e+01 9.30000e+01
8.97702e+01 9.30000e+01
8.99610e+01 9.30000e+01
9.01790e+01 9.30000e+01
9.03817e+01 9.30000e+01
9.05757e+01 9.30000e+01
9.07654e+01 9.30000e+01
9.09554e+01 9.30000e+01
9.11444e+01 9.30000e+01
9.13348e+01 9.30000e+01
9.15287e+01 9.30000e+01
9.17184e+01 9.30000e+01
9.19089e+01 9.30000e+01
9.20982e+01 9.30000e+01
9.22884e+01 9.30000e+01
9.24808e+01 9.30000e+01
9.26715e+01 9.30000e+01
9.28605e+01 9.30000e+01
9.30508e+01 9.30000e+01
9.32410e+01 9.30000e+01
9.34316e+01 9.30000e+01
9.36250e+01 9.30000e+01
9.38147e+01 9.30000e+01
9.40026e+01 9.30000e+01
9.41911e+01 9.30000e+01
9.43829e+01 9.30000e+01
9.45763e+01 9.30000e+01
9.47660e+01 9.30000e+01
9.49559e+01 9.30000e+01
9.51457e+01 9.30000e+01
9.53353e+01 9.30000e+01
9.55277e+01 9.30000e+01
9.57190e+01 9.30000e+01
9.59090e+01 9.30000e+01
9.60995e+01 9.30000e+01
9.62905e+01 9.30000e+01
9.64838e+01 9.30000e+01
9.66744e+01 9.30000e+01
9.68639e+01 9.30000e+01
9.70535e+01 9.30000e+01
9.72426e+01 9.30000e+01
9.74338e+01 9.30000e+01
9.76272e+01 9.30000e+01
9.78161e+01 9.30000e+01
9.80049e+01 9.30000e+01
9.81930e+01 9.30000e+01
9.83839e+01 9.30000e+01
9.85758e+01 9.30000e+01
9.87665e+01 9.30000e+01
9.89564e+01 9.30000e+01
9.91456e+01 9.30000e+01
9.93363e+01 9.30000e+01
9.95292e+01 9.30000e+01
9.97195e+01 9.30000e+01
9.99103e+01 9.30000e+01
1.00100e+02 9.30000e+01
1.00290e+02 9.30000e+01
1.00483e+02 9.30000e+01
1.00675e+02 9.30000e+01
1.00864e+02 9.30000e+01
1.01054e+02 9.30000e+01
1.01243e+02 9.30000e+01
1.01435e+02 9.30000e+01
1.01628e+02 9.30000e+01
1.01817e+02 9.30000e+01
1.02007e+02 9.30000e+01
1.02198e+02 9.30000e+01
1.02389e+02 9.30000e+01
1.02583e+02 9.30000e+01
1.02774e+02 9.30000e+01
1.02966e+02 9.30000e+01
1.03156e+02 9.30000e+01
1.03346e+02 9.30000e+01
1.03540e+02 9.30000e+01
1.03729e+02 9.30000e+01
1.03920e+02 9.30000e+01
1.04112e+02 9.30000e+01
1.04304e+02 9.30000e+01
1.04498e+02 9.30000e+01
1.04688e+02 9.30000e+01
1.04878e+02 9.30000e+01
1.05083e+02 9.30000e+01
1.05290e+02 9.30000e+01
1.05481e+02 9.30000e+01
1.05676e+02 9.30000e+01
1.05867e+02 9.30000e+01
1.06059e+02 9.30000e+01
1.06249e+02 9.30000e+01
1.06439e+02 9.30000e+01
1.06631e+02 9.30000e+01
1.06821e+02 9.30000e+01
1.07012e+02 9.30000e+01
1.07202e+02 9.30000e+01
1.07393e+02 9.30000e+01
1.07586e+02 9.30000e+01
1.07775e+02 9.30000e+01
1.07967e+02 9.30000e+01
1.08157e+02 9.30000e+01
1.08348e+02 9.30000e+01
1.08543e+02 9.30000e+01
1.08734e+02 9.30000e+01
1.08923e+02 9.30000e+01
1.09112e+02 9.30000e+01
1.09302e+02 9.30000e+01
1.09493e+02 9.30000e+01
1.09698e+02 9.30000e+01
1.09889e+02 9.30000e+01
1.10079e+02 9.30000e+01
1.10269e+02 9.30000e+01
1.10459e+02 9.30000e+01
1.10652e+02 9.30000e+01
1.10843e+02 9.30000e+01
1.11034e+02 9.30000e+01
1.11224e+02 9.30000e+01
1.11414e+02 9.30000e+01
1.11606e+02 9.30000e+01
1.11797e+02 9.30000e+01
1.11988e+02 9.30000e+01
1.12178e+02 9.30000e+01
1.12367e+02 9.30000e+01
1.12560e+02 9.30000e+01
1.12750e+02 9.30000e+01
1.12940e+02 9.30000e+01
1.13129e+02 9.30000e+01
1.13319e+02 9.30000e+01
1.13512e+02 9.30000e+01
1.13704e+02 9.30000e+01
1.13894e+02 9.30000e+01
1.14085e+02 9.30000e+01
1.14276e+02 9.30000e+01
1.14465e+02 9.30000e+01
1.14656e+02 9.30000e+01
1.14847e+02 9.30000e+01
1.15038e+02 9.30000e+01
1.15227e+02 9.30000e+01
1.15419e+02 9.30000e+01
1.15613e+02 9.30000e+01
1.15803e+02 9.30000e+01
1.15994e+02 9.30000e+01
1.16183e+02 9.30000e+01
1.16373e+02 9.30000e+01
1.16566e+02 9.30000e+01
1.16756e+02 9.30000e+01
1.16947e+02 9.30000e+01
1.17137e+02 9.30000e+01
1.17328e+02 9.30000e+01
1.17520e+02 9.30000e+01
1.17712e+02 9.30000e+01
1.17901e+02 9.30000e+01
1.18092e+02 9.30000e+01
1.18281e+02 9.30000e+01
1.18471e+02 9.30000e+01
1.18664e+02 9.30000e+01
1.18854e+02 9.30000e+01
1.19045e+02 9.30000e+01
1.19234e+02 9.30000e+01
1.19425e+02 9.30000e+01
1.19618e+02 9.30000e+01
1.19809e+02 9.30000e+01
1.20003e+02 9.30000e+01
1.20214e+02 9.30000e+01
1.20406e+02 9.30000e+01
1.20600e+02 9.30000e+01
1.20789e+02 9.30000e+01
1.20979e+02 9.30000e+01
1.21168e+02 9.30000e+01
1.21356e+02 9.30000e+01
1.21549e+02 9.30000e+01
1.21739e+02 9.30000e+01
1.21929e+02 9.30000e+01
1.22119e+02 9.30000e+01
1.22308e+02 9.30000e+01
1.22499e+02 9.30000e+01
1.22690e+02 9.30000e+01
1.22880e+02 9.30000e+01
1.23069e+02 9.30000e+01
1.23257e+02 9.30000e+01
1.23448e+02 9.30000e+01
1.23642e+02 9.30000e+01
1.23832e+02 9.30000e+01
1.24023e+02 9.30000e+01
1.24212e+02 9.30000e+01
1.24401e+02 9.30000e+01
1.24601e+02 9.30000e+01
1.24793e+02 9.30000e+01
1.24983e+02 9.30000e+01
1.25175e+02 9.30000e+01
1.25364e+02 9.30000e+01
1.25557e+02 9.30000e+01
1.25748e+02 9.30000e+01
1.25939e+02 9.30000e+01
1.26129e+02 9.30000e+01
1.26319e+02 9.30000e+01
1.26511e+02 9.30000e+01
1.26703e+02 9.30000e+01
1.26892e+02 9.30000e+01
1.27082e+02 9.30000e+01
1.27272e+02 9.30000e+01
1.27464e+02 9.30000e+01
1.27656e+02 9.30000e+01
1.27848e+02 9.30000e+01
1.28040e+02 9.30000e+01
1.28229e+02 9.30000e+01
1.28419e+02 9.30000e+01
1.28612e+02 9.30000e+01
1.28801e+02 9.30000e+01
1.28992e+02 9.30000e+01
1.29183e+02 9.30000e+01
1.29374e+02 9.30000e+01
1.29568e+02 9.30000e+01
1.29758e+02 9.30000e+01
1.29949e+02 9.30000e+01
1.30140e+02 9.30000e+01
1.30332e+02 9.30000e+01
1.30524e+02 9.30000e+01
1.30717e+02 9.30000e+01
1.30907e+02 9.30000e+01
1.31097e+02 9.30000e+01
1.31288e+02 9.30000e+01
1.31480e+02 9.30000e+01
1.31674e+02 9.30000e+01
1.31865e+02 9.30000e+01
1.32055e+02 9.30000e+01
1.32245e+02 9.30000e+01
1.32434e+02 9.30000e+01
1.32627e+02 9.30000e+01
1.32819e+02 9.30000e+01
1.33009e+02 9.30000e+01
1.33199e+02 9.30000e+01
1.33391e+02 9.30000e+01
1.33585e+02 9.30000e+01
1.33776e+02 9.30000e+01
1.33966e+02 9.30000e+01
1.34157e+02 9.30000e+01
1.34348e+02 9.30000e+01
1.34542e+02 9.30000e+01
1.34733e+02 9.30000e+01
1.34923e+02 9.30000e+01
1.35127e+02 9.30000e+01
1.35317e+02 9.30000e+01
1.35508e+02 9.30000e+01
1.35702e+02 9.30000e+01
1.35890e+02 9.30000e+01
1.36081e+02 9.30000e+01
1.36271e+02 9.30000e+01
1.36462e+02 9.30000e+01
1.36654e+02 9.30000e+01
1.36843e+02 9.30000e+01
1.37032e+02 9.30000e+01
1.37222e+02 9.30000e+01
1.37413e+02 9.30000e+01
1.37607e+02 9.30000e+01
1.37798e+02 9.30000e+01
1.37988e+02 9.30000e+01
1.38178e+02 9.30000e+01
1.38368e+02 9.30000e+01
1.38562e+02 9.30000e+01
1.38752e+02 9.30000e+01
1.38943e+02 9.30000e+01
1.39134e+02 9.30000e+01
1.39323e+02 9.30000e+01
1.39518e+02 9.30000e+01
1.39711e+02 9.30000e+01
1.39900e+02 9.30000e+01
1.40090e+02 9.30000e+01
1.40279e+02 9.30000e+01
1.40470e+02 9.30000e+01
1.40663e+02 9.30000e+01
1.40851e+02 9.30000e+01
1.41040e+02 9.30000e+01
1.41230e+02 9.30000e+01
1.41420e+02 9.30000e+01
1.41614e+02 9.30000e+01
1.41804e+02 9.30000e+01
1.41994e+02 9.30000e+01
1.42184e+02 9.30000e+01
1.42374e+02 9.30000e+01
1.42567e+02 9.30000e+01
1.42759e+02 9.30000e+01
1.42950e+02 9.30000e+01
1.43138e+02 9.30000e+01
1.43328e+02 9.30000e+01
1.43518e+02 9.30000e+01
1.43712e+02 9.30000e+01
1.43903e+02 9.30000e+01
1.44095e+02 9.30000e+01
1.44286e+02 9.30000e+01
1.44476e+02 9.30000e+01
1.44670e+02 9.30000e+01
1.44860e+02 9.30000e+01
1.45050e+02 9.30000e+01
1.45240e+02 9.30000e+01
1.45429e+02 9.30000e+01
1.45622e+02 9.30000e+01
1.45813e+02 9.30000e+01
1.46002e+02 9.30000e+01
1.46191e+02 9.30000e+01
1.46380e+02 9.30000e+01
1.46572e+02 9.30000e+01
1.46762e+02 9.30000e+01
1.46953e+02 9.30000e+01
1.47147e+02 9.30000e+01
1.47341e+02 9.30000e+01
1.47534e+02 9.30000e+01
1.47727e+02 9.30000e+01
1.47917e+02 9.30000e+01
1.48109e+02 9.30000e+01
1.48299e+02 9.30000e+01
1.48489e+02 9.30000e+01
1.48681e+02 9.30000e+01
1.48871e+02 9.30000e+01
1.49061e+02 9.30000e+01
1.49251e+02 9.30000e+01
1.49442e+02 9.30000e+01
1.49633e+02 9.30000e+01
1.49823e+02 9.30000e+01
1.50020e+02 9.30000e+01
1.50229e+02 9.30000e+01
1.50429e+02 9.30000e+01
1.50624e+02 9.30000e+01
1.50815e+02 9.30000e+01
1.51005e+02 9.30000e+01
1.51196e+02 9.30000e+01
1.51387e+02 9.30000e+01
1.51582e+02 9.30000e+01
1.51774e+02 9.30000e+01
1.51966e+02 9.30000e+01
1.52158e+02 9.30000e+01
1.52348e+02 9.30000e+01
1.52537e+02 9.30000e+01
1.52730e+02 9.30000e+01
1.52921e+02 9.30000e+01
1.53113e+02 9.30000e+01
1.53302e+02 9.30000e+01
1.53493e+02 9.30000e+01
1.53686e+02 9.30000e+01
1.53877e+02 9.30000e+01
1.54068e+02 9.30000e+01
1.54260e+02 9.30000e+01
1.54449e+02 9.30000e+01
1.54655e+02 9.30000e+01
1.54844e+02 9.30000e+01
1.55035e+02 9.30000e+01
1.55226e+02 9.30000e+01
1.55417e+02 9.30000e+01
1.55610e+02 9.30000e+01
1.55802e+02 9.30000e+01
1.55992e+02 9.30000e+01
1.56183e+02 9.30000e+01
1.56374e+02 9.30000e+01
1.56564e+02 9.30000e+01
1.56759e+02 9.30000e+01
1.56951e+02 9.30000e+01
1.57143e+02 9.30000e+01
1.57333e+02 9.30000e+01
1.57524e+02 9.30000e+01
1.57716e+02 9.30000e+01
1.57908e+02 9.30000e+01
1.58099e+02 9.30000e+01
1.58289e+02 9.30000e+01
1.58480e+02 9.30000e+01
1.58672e+02 9.30000e+01
1.58863e+02 9.30000e+01
1.59054e+02 9.30000e+01
1.59246e+02 9.30000e+01
1.59437e+02 9.30000e+01
1.59630e+02 9.30000e+01
1.59821e+02 9.30000e+01
1.60012e+02 9.30000e+01
1.60203e+02 9.30000e+01
1.60394e+02 9.30000e+01
1.60588e+02 9.30000e+01
1.60781e+02 9.30000e+01
1.60972e+02 9.30000e+01
1.61164e+02 9.30000e+01
1.61354e+02 9.30000e+01
1.61546e+02 9.30000e+01
1.61739e+02 9.30000e+01
1.61930e+02 9.30000e+01
1.62121e+02 9.30000e+01
1.62312e+02 9.30000e+01
1.62502e+02 9.30000e+01
1.62695e+02 9.30000e+01
1.62886e+02 9.30000e+01
1.63078e+02 9.30000e+01
1.63270e+02 9.30000e+01
1.63462e+02 9.30000e+01
1.63657e+02 9.30000e+01
1.63849e+02 9.30000e+01
1.64039e+02 9.30000e+01
1.64231e+02 9.30000e+01
1.64423e+02 9.30000e+01
1.64617e+02 9.30000e+01
1.64809e+02 9.30000e+01
1.65003e+02 9.30000e+01
1.65222e+02 9.30000e+01
1.65422e+02 9.30000e+01
1.65616e+02 9.30000e+01
1.65808e+02 9.30000e+01
1.65999e+02 9.30000e+01
1.66190e+02 9.30000e+01
1.66381e+02 9.30000e+01
1.66574e+02 9.30000e+01
1.66768e+02 9.30000e+01
1.66959e+02 9.30000e+01
1.67151e+02 9.30000e+01
1.67340e+02 9.30000e+01
1.67532e+02 9.30000e+01
1.67726e+02 9.30000e+01
1.67915e+02 9.30000e+01
1.68106e+02 9.30000e+01
1.68298e+02 9.30000e+01
1.68489e+02 9.30000e+01
1.68682e+02 9.30000e+01
1.68873e+02 9.30000e+01
1.69065e+02 9.30000e+01
1.69257e+02 9.30000e+01
1.69448e+02 9.30000e+01
1.69643e+02 9.30000e+01
1.69835e+02 9.30000e+01
1.70026e+02 9.30000e+01
1.70218e+02 9.30000e+01
1.70409e+02 9.30000e+01
1.70604e+02 9.30000e+01
1.70797e+02 9.30000e+01
1.70987e+02 9.30000e+01
1.71181e+02 9.30000e+01
1.71372e+02 9.30000e+01
1.71564e+02 9.30000e+01
1.71758e+02 9.30000e+01
1.71949e+02 9.30000e+01
1.72141e+02 9.30000e+01
1.72333e+02 9.30000e+01
1.72524e+02 9.30000e+01
1.72718e+02 9.30000e+01
1.72909e+02 9.30000e+01
1.73099e+02 9.30000e+01
1.73291e+02 9.30000e+01
1.73483e+02 9.30000e+01
1.73676e+02 9.30000e+01
1.73865e+02 9.30000e+01
1.74056e+02 9.30000e+01
1.74248e+02 9.30000e+01
1.74438e+02 9.30000e+01
1.74632e+02 9.30000e+01
1.74823e+02 9.30000e+01
1.75014e+02 9.30000e+01
1.75204e+02 9.30000e+01
1.75394e+02 9.30000e+01
1.75584e+02 9.30000e+01
1.75778e+02 9.30000e+01
1.75970e+02 9.30000e+01
1.76159e+02 9.30000e+01
1.76352e+02 9.30000e+01
1.76544e+02 9.30000e+01
1.76737e+02 9.30000e+01
1.76927e+02 9.30000e+01
1.77118e+02 9.30000e+01
1.77310e+02 9.30000e+01
1.77500e+02 9.30000e+01
1.77693e+02 9.30000e+01
1.77883e+02 9.30000e+01
1.78075e+02 9.30000e+01
1.78264e+02 9.30000e+01
1.78454e+02 9.30000e+01
1.78647e+02 9.30000e+01
1.78838e+02 9.30000e+01
1.79029e+02 9.30000e+01
1.79219e+02 9.30000e+01
1.79411e+02 9.30000e+01
1.79604e+02 9.30000e+01
1.79795e+02 9.30000e+01
1.79987e+02 9.30000e+01
1.80205e+02 9.30000e+01
1.80406e+02 9.30000e+01
1.80598e+02 9.30000e+01
1.80791e+02 9.30000e+01
1.80980e+02 9.30000e+01
1.81171e+02 9.30000e+01
1.81361e+02 9.30000e+01
1.81552e+02 9.30000e+01
1.81746e+02 9.30000e+01
1.81936e+02 9.30000e+01
1.82127e+02 9.30000e+01
1.82317e+02 9.30000e+01
1.82506e+02 9.30000e+01
1.82702e+02 9.30000e+01
1.82894e+02 9.30000e+01
1.83084e+02 9.30000e+01
1.83275e+02 9.30000e+01
1.83464e+02 9.30000e+01
1.83658e+02 9.30000e+01
1.83848e+02 9.30000e+01
1.84038e+02 9.30000e+01
1.84227e+02 9.30000e+01
1.84417e+02 9.30000e+01
1.84619e+02 9.30000e+01
1.84813e+02 9.30000e+01
1.85003e+02 9.30000e+01
1.85194e+02 9.30000e+01
1.85383e+02 9.30000e+01
1.85574e+02 9.30000e+01
1.85768e+02 9.30000e+01
1.85958e+02 9.30000e+01
1.86149e+02 9.30000e+01
1.86340e+02 9.30000e+01
1.86530e+02 9.30000e+01
1.86724e+02 9.30000e+01
1.86913e+02 9.30000e+01
1.87102e+02 9.30000e+01
1.87293e+02 9.30000e+01
1.87483e+02 9.30000e+01
1.87675e+02 9.30000e+01
1.87867e+02 9.30000e+01
1.88058e+02 9.30000e+01
1.88249e+02 9.30000e+01
1.88441e+02 9.30000e+01
1.88632e+02 9.30000e+01
1.88824e+02 9.30000e+01
1.89014e+02 9.30000e+01
1.89205e+02 9.30000e+01
1.89395e+02 9.30000e+01
1.89584e+02 9.30000e+01
1.89779e+02 9.30000e+01
1.89970e+02 9.30000e+01
1.90162e+02 9.30000e+01
1.90351e+02 9.30000e+01
1.90541e+02 9.30000e+01
1.90733e+02 9.30000e+01
1.90923e+02 9.30000e+01
1.91114e+02 9.30000e+01
1.91304e+02 9.30000e+01
1.91494e+02 9.30000e+01
