1.99970e-02 6.35000e+02
2.14542e-01 5.02000e+02
4.10530e-01 3.57000e+02
6.03303e-01 3.44000e+02
7.95349e-01 2.90000e+02
9.87229e-01 2.90000e+02
1.17925e+00 2.47000e+02
1.37124e+00 2.36000e+02
1.56734e+00 2.69000e+02
1.75915e+00 1.81000e+02
1.95162e+00 2.43000e+02
2.14277e+00 2.14000e+02
2.33520e+00 2.12000e+02
2.52985e+00 1.33000e+02
2.72164e+00 1.46000e+02
2.91369e+00 1.48000e+02
3.10529e+00 1.96000e+02
3.29730e+00 1.90000e+02
3.50961e+00 2.30000e+02
3.70855e+00 2.34000e+02
3.90154e+00 2.05000e+02
4.09193e+00 2.05000e+02
4.28305e+00 2.34000e+02
4.47828e+00 2.58000e+02
4.67080e+00 2.49000e+02
4.86111e+00 2.27000e+02
5.05258e+00 2.13000e+02
5.24403e+00 1.64000e+02
5.43731e+00 1.40000e+02
5.62786e+00 1.28000e+02
5.81800e+00 1.36000e+02
6.00923e+00 1.21000e+02
6.19992e+00 1.31000e+02
6.39181e+00 1.18000e+02
6.58330e+00 1.37000e+02
6.77480e+00 1.33000e+02
6.96569e+00 1.21000e+02
7.15702e+00 9.80000e+01
7.34815e+00 1.07000e+02
7.54281e+00 1.24000e+02
7.73322e+00 1.33000e+02
7.92915e+00 1.27000e+02
8.12250e+00 1.22000e+02
8.31288e+00 1.69000e+02
8.50591e+00 1.58000e+02
8.69671e+00 1.54000e+02
8.88765e+00 1.14000e+02
9.07966e+00 9.30000e+01
9.26947e+00 6.50000e+01
9.46185e+00 6.40000e+01
9.65116e+00 7.30000e+01
9.84263e+00 6.20000e+01
1.00329e+01 5.60000e+01
1.02226e+01 5.60000e+01
1.04148e+01 5.60000e+01
1.06056e+01 5.60000e+01
1.07958e+01 5.60000e+01
1.09850e+01 5.60000e+01
1.11757e+01 5.60000e+01
1.13651e+01 5.60000e+01
1.15600e+01 5.60000e+01
1.17522e+01 5.60000e+01
1.19424e+01 5.60000e+01
1.21316e+01 5.60000e+01
1.23212e+01 5.60000e+01
1.25138e+01 5.60000e+01
1.27041e+01 5.60000e+01
1.28943e+01 5.60000e+01
1.30847e+01 5.60000e+01
1.32752e+01 5.60000e+01
1.34668e+01 5.60000e+01
1.36571e+01 5.60000e+01
1.38470e+01 5.60000e+01
1.40383e+01 5.60000e+01
1.42301e+01 5.60000e+01
1.44234e+01 5.60000e+01
1.46127e+01 5.60000e+01
1.48026e+01 5.60000e+01
1.49935e+01 5.60000e+01
1.51832e+01 5.60000e+01
1.53725e+01 5.60000e+01
1.55648e+01 5.60000e+01
1.57557e+01 5.60000e+01
1.59454e+01 5.60000e+01
1.61345e+01 5.60000e+01
1.63244e+01 5.60000e+01
1.65174e+01 5.60000e+01
1.67076e+01 5.60000e+01
1.68985e+01 5.60000e+01
1.70887e+01 5.60000e+01
1.72793e+01 5.60000e+01
1.74732e+01 5.60000e+01
1.76640e+01 5.60000e+01
1.78547e+01 5.60000e+01
1.80451e+01 5.60000e+01
1.82348e+01 5.60000e+01
1.84381e+01 5.60000e+01
1.86444e+01 5.60000e+01
1.88515e+01 5.60000e+01
1.90445e+01 5.60000e+01
1.92343e+01 5.60000e+01
1.94273e+01 5.60000e+01
1.96167e+01 5.60000e+01
1.98050e+01 5.60000e+01
1.99960e+01 5.60000e+01
2.01866e+01 5.60000e+01
2.03770e+01 5.60000e+01
2.05726e+01 5.60000e+01
2.07636e+01 5.60000e+01
2.09541e+01 5.60000e+01
2.11445e+01 5.60000e+01
2.13350e+01 5.60000e+01
2.15294e+01 5.60000e+01
2.17201e+01 5.60000e+01
2.19105e+01 5.60000e+01
2.21010e+01 5.60000e+01
2.22906e+01 5.60000e+01
2.24830e+01 5.60000e+01
2.26735e+01 5.60000e+01
2.28635e+01 5.60000e+01
2.30540e+01 5.60000e+01
2.32440e+01 5.60000e+01
2.34370e+01 5.60000e+01
2.36273e+01 5.60000e+01
2.38161e+01 5.60000e+01
2.40070e+01 5.60000e+01
2.41969e+01 5.60000e+01
2.43869e+01 5.60000e+01
2.45781e+01 5.60000e+01
2.47685e+01 5.60000e+01
2.49579e+01 5.60000e+01
2.51478e+01 5.60000e+01
2.53357e+01 5.60000e+01
2.55285e+01 5.60000e+01
2.57189e+01 5.60000e+01
2.59088e+01 5.60000e+01
2.60979e+01 5.60000e+01
2.62891e+01 5.60000e+01
2.64823e+01 5.60000e+01
2.66727e+01 5.60000e+01
2.68631e+01 5.60000e+01
2.70523e+01 5.60000e+01
2.72421e+01 5.60000e+01
2.74355e+01 5.60000e+01
2.76259e+01 5.60000e+01
2.78163e+01 5.60000e+01
2.80070e+01 5.60000e+01
2.81968e+01 5.60000e+01
2.83857e+01 5.60000e+01
2.85787e+01 5.60000e+01
2.87696e+01 5.60000e+01
2.89599e+01 5.60000e+01
2.91512e+01 5.60000e+01
2.93426e+01 5.60000e+01
2.95365e+01 5.60000e+01
2.97277e+01 5.60000e+01
2.99176e+01 5.60000e+01
3.01062e+01 5.60000e+01
3.02965e+01 5.60000e+01
3.04900e+01 5.60000e+01
3.06805e+01 5.60000e+01
3.08719e+01 5.60000e+01
3.10630e+01 5.60000e+01
3.12534e+01 5.60000e+01
3.14472e+01 5.60000e+01
3.16382e+01 5.60000e+01
3.18279e+01 5.60000e+01
3.20184e+01 5.60000e+01
3.22076e+01 5.60000e+01
3.23982e+01 5.60000e+01
3.25918e+01 5.60000e+01
3.27822e+01 5.60000e+01
3.29727e+01 5.60000e+01
3.31641e+01 5.60000e+01
3.33539e+01 5.60000e+01
3.35699e+01 5.60000e+01
3.37818e+01 5.60000e+01
3.39726e+01 5.60000e+01
3.41617e+01 5.60000e+01
3.43526e+01 5.60000e+01
3.45452e+01 5.60000e+01
3.47371e+01 5.60000e+01
3.49283e+01 5.60000e+01
3.51182e+01 5.60000e+01
3.53085e+01 5.60000e+01
3.55041e+01 5.60000e+01
3.56942e+01 5.60000e+01
3.58843e+01 5.60000e+01
3.60744e+01 5.60000e+01
3.62632e+01 5.60000e+01
3.64549e+01 5.60000e+01
3.66458e+01 5.60000e+01
3.68360e+01 5.60000e+01
3.70266e+01 5.60000e+01
3.72158e+01 5.60000e+01
3.74049e+01 5.60000e+01
3.75966e+01 5.60000e+01
3.77886e+01 5.60000e+01
3.79794e+01 5.60000e+01
3.81693e+01 5.60000e+01
3.83580e+01 5.60000e+01
3.85506e+01 5.60000e+01
3.87410e+01 5.60000e+01
3.89321e+01 5.60000e+01
3.91227e+01 5.60000e+01
3.93127e+01 5.60000e+01
3.95060e+01 5.60000e+01
3.96956e+01 5.60000e+01
3.98853e+01 5.60000e+01
4.00756e+01 5.60000e+01
4.02640e+01 5.60000e+01
4.04560e+01 5.60000e+01
4.06475e+01 5.60000e+01
4.08374e+01 5.60000e+01
4.10275e+01 5.60000e+01
4.12167e+01 5.60000e+01
4.14060e+01 5.60000e+01
4.15972e+01 5.60000e+01
4.17879e+01 5.60000e+01
4.19773e+01 5.60000e+01
4.21679e+01 5.60000e+01
4.23600e+01 5.60000e+01
4.25551e+01 5.60000e+01
4.27458e+01 5.60000e+01
4.29378e+01 5.60000e+01
4.31272e+01 5.60000e+01
4.33168e+01 5.60000e+01
4.35088e+01 5.60000e+01
4.36997e+01 5.60000e+01
4.38902e+01 5.60000e+01
4.40795e+01 5.60000e+01
4.42693e+01 5.60000e+01
4.44619e+01 5.60000e+01
4.46531e+01 5.60000e+01
4.48432e+01 5.60000e+01
4.50325e+01 5.60000e+01
4.52262e+01 5.60000e+01
4.54169e+01 5.60000e+01
4.56105e+01 5.60000e+01
4.58013e+01 5.60000e+01
4.59925e+01 5.60000e+01
4.61831e+01 5.60000e+01
4.63745e+01 5.60000e+01
4.65666e+01 5.60000e+01
4.67567e+01 5.60000e+01
4.69469e+01 5.60000e+01
4.71359e+01 5.60000e+01
4.73262e+01 5.60000e+01
4.75189e+01 5.60000e+01
4.77104e+01 5.60000e+01
4.78994e+01 5.60000e+01
4.80898e+01 5.60000e+01
4.82805e+01 5.60000e+01
4.84913e+01 5.60000e+01
4.87054e+01 5.60000e+01
4.88980e+01 5.60000e+01
4.90890e+01 5.60000e+01
4.92792e+01 5.60000e+01
4.94723e+01 5.60000e+01
4.96627e+01 5.60000e+01
4.98548e+01 5.60000e+01
5.00466e+01 5.60000e+01
5.02371e+01 5.60000e+01
5.04279e+01 5.60000e+01
5.06202e+01 5.60000e+01
5.08097e+01 5.60000e+01
5.09994e+01 5.60000e+01
5.11892e+01 5.60000e+01
5.13796e+01 5.60000e+01
5.15730e+01 5.60000e+01
5.17634e+01 5.60000e+01
5.19542e+01 5.60000e+01
5.21428e+01 5.60000e+01
5.23324e+01 5.60000e+01
5.25241e+01 5.60000e+01
5.27135e+01 5.60000e+01
5.29040e+01 5.60000e+01
5.30936e+01 5.60000e+01
5.32818e+01 5.60000e+01
5.34739e+01 5.60000e+01
5.36648e+01 5.60000e+01
5.38545e+01 5.60000e+01
5.40446e+01 5.60000e+01
5.42336e+01 5.60000e+01
5.44232e+01 5.60000e+01
5.46165e+01 5.60000e+01
5.48074e+01 5.60000e+01
5.49977e+01 5.60000e+01
5.51886e+01 5.60000e+01
5.53781e+01 5.60000e+01
5.55715e+01 5.60000e+01
5.57616e+01 5.60000e+01
5.59519e+01 5.60000e+01
5.61417e+01 5.60000e+01
5.63317e+01 5.60000e+01
5.65255e+01 5.60000e+01
5.67176e+01 5.60000e+01
5.69093e+01 5.60000e+01
5.71003e+01 5.60000e+01
5.72925e+01 5.60000e+01
5.74872e+01 5.60000e+01
5.76792e+01 5.60000e+01
5.78707e+01 5.60000e+01
5.80617e+01 5.60000e+01
5.82535e+01 5.60000e+01
5.84455e+01 5.60000e+01
5.86415e+01 5.60000e+01
5.88334e+01 5.60000e+01
5.90225e+01 5.60000e+01
5.92117e+01 5.60000e+01
5.94025e+01 5.60000e+01
5.95972e+01 5.60000e+01
5.97890e+01 5.60000e+01
5.99802e+01 5.60000e+01
6.01698e+01 5.60000e+01
6.03595e+01 5.60000e+01
6.05537e+01 5.60000e+01
6.07441e+01 5.60000e+01
6.09341e+01 5.60000e+01
6.11246e+01 5.60000e+01
6.13151e+01 5.60000e+01
6.15080e+01 5.60000e+01
6.16989e+01 5.60000e+01
6.18916e+01 5.60000e+01
6.20817e+01 5.60000e+01
6.22722e+01 5.60000e+01
6.24633e+01 5.60000e+01
6.26541e+01 5.60000e+01
6.28449e+01 5.60000e+01
6.30361e+01 5.60000e+01
6.32263e+01 5.60000e+01
6.34281e+01 5.60000e+01
6.36420e+01 5.60000e+01
6.38326e+01 5.60000e+01
6.40235e+01 5.60000e+01
6.42139e+01 5.60000e+01
6.44028e+01 5.60000e+01
6.45949e+01 5.60000e+01
6.47858e+01 5.60000e+01
6.49760e+01 5.60000e+01
6.51660e+01 5.60000e+01
6.53565e+01 5.60000e+01
6.55494e+01 5.60000e+01
6.57400e+01 5.60000e+01
6.59297e+01 5.60000e+01
6.61189e+01 5.60000e+01
6.63072e+01 5.60000e+01
6.64993e+01 5.60000e+01
6.66889e+01 5.60000e+01
6.68802e+01 5.60000e+01
6.70708e+01 5.60000e+01
6.72603e+01 5.60000e+01
6.74503e+01 5.60000e+01
6.76448e+01 5.60000e+01
6.78349e+01 5.60000e+01
6.80254e+01 5.60000e+01
6.82155e+01 5.60000e+01
6.84049e+01 5.60000e+01
6.85978e+01 5.60000e+01
6.87873e+01 5.60000e+01
6.89774e+01 5.60000e+01
6.91675e+01 5.60000e+01
6.93569e+01 5.60000e+01
6.95517e+01 5.60000e+01
6.97421e+01 5.60000e+01
6.99329e+01 5.60000e+01
7.01213e+01 5.60000e+01
7.03107e+01 5.60000e+01
7.05047e+01 5.60000e+01
7.06943e+01 5.60000e+01
7.08831e+01 5.60000e+01
7.10743e+01 5.60000e+01
7.12626e+01 5.60000e+01
7.14519e+01 5.60000e+01
7.16437e+01 5.60000e+01
7.18333e+01 5.60000e+01
7.20255e+01 5.60000e+01
7.22167e+01 5.60000e+01
7.24071e+01 5.60000e+01
7.26004e+01 5.60000e+01
7.27908e+01 5.60000e+01
7.29803e+01 5.60000e+01
7.31703e+01 5.60000e+01
7.33611e+01 5.60000e+01
7.35550e+01 5.60000e+01
7.37458e+01 5.60000e+01
7.39362e+01 5.60000e+01
7.41261e+01 5.60000e+01
7.43174e+01 5.60000e+01
7.45131e+01 5.60000e+01
7.47056e+01 5.60000e+01
7.48987e+01 5.60000e+01
7.50912e+01 5.60000e+01
7.52828e+01 5.60000e+01
7.54742e+01 5.60000e+01
7.56701e+01 5.60000e+01
7.58622e+01 5.60000e+01
7.60543e+01 5.60000e+01
7.62463e+01 5.60000e+01
7.64384e+01 5.60000e+01
7.66333e+01 5.60000e+01
7.68253e+01 5.60000e+01
7.70177e+01 5.60000e+01
7.72089e+01 5.60000e+01
7.74001e+01 5.60000e+01
7.75947e+01 5.60000e+01
7.77873e+01 5.60000e+01
7.79802e+01 5.60000e+01
7.81703e+01 5.60000e+01
7.83617e+01 5.60000e+01
7.85831e+01 5.60000e+01
7.87854e+01 5.60000e+01
7.89776e+01 5.60000e+01
7.91695e+01 5.60000e+01
7.93611e+01 5.60000e+01
7.95578e+01 5.60000e+01
7.97509e+01 5.60000e+01
7.99417e+01 5.60000e+01
8.01310e+01 5.60000e+01
8.03226e+01 5.60000e+01
8.05172e+01 5.60000e+01
8.07088e+01 5.60000e+01
8.08994e+01 5.60000e+01
8.10893e+01 5.60000e+01
8.12782e+01 5.60000e+01
8.14695e+01 5.60000e+01
8.16618e+01 5.60000e+01
8.18519e+01 5.60000e+01
8.20426e+01 5.60000e+01
8.22333e+01 5.60000e+01
8.24242e+01 5.60000e+01
8.26182e+01 5.60000e+01
8.28092e+01 5.60000e+01
8.30014e+01 5.60000e+01
8.31918e+01 5.60000e+01
8.33828e+01 5.60000e+01
8.35759e+01 5.60000e+01
8.37682e+01 5.60000e+01
8.39572e+01 5.60000e+01
8.41484e+01 5.60000e+01
8.43402e+01 5.60000e+01
8.45344e+01 5.60000e+01
8.47257e+01 5.60000e+01
8.49167e+01 5.60000e+01
8.51059e+01 5.60000e+01
8.52960e+01 5.60000e+01
8.54867e+01 5.60000e+01
8.56821e+01 5.60000e+01
8.58726e+01 5.60000e+01
8.60639e+01 5.60000e+01
8.62543e+01 5.60000e+01
8.64449e+01 5.60000e+01
8.66389e+01 5.60000e+01
8.68295e+01 5.60000e+01
8.70209e+01 5.60000e+01
8.72121e+01 5.60000e+01
8.74024e+01 5.60000e+01
8.75958e+01 5.60000e+01
8.77854e+01 5.60000e+01
8.79753e+01 5.60000e+01
8.81644e+01 5.60000e+01
8.83540e+01 5.60000e+01
8.85453e+01 5.60000e+01
8.87362e+01 5.60000e+01
8.89274e+01 5.60000e+01
8.91176e+01 5.60000e+01
8.93075e+01 5.60000e+01
8.95000e+01 5.60000e+01
8.96930e+01 5.60000e+01
8.98837e+01 5.60000e+01
9.00743e+01 5.60000e+01
9.02647e+01 5.60000e+01
9.04557e+01 5.60000e+01
9.06508e+01 5.60000e+01
9.08410e+01 5.60000e+01
9.10321e+01 5.60000e+01
9.12226e+01 5.60000e+01
9.14130e+01 5.60000e+01
9.16054e+01 5.60000e+01
9.17978e+01 5.60000e+01
9.19879e+01 5.60000e+01
9.21784e+01 5.60000e+01
9.23685e+01 5.60000e+01
9.25636e+01 5.60000e+01
9.27558e+01 5.60000e+01
9.29476e+01 5.60000e+01
9.31384e+01 5.60000e+01
9.33282e+01 5.60000e+01
9.35426e+01 5.60000e+01
9.37383e+01 5.60000e+01
9.39287e+01 5.60000e+01
9.41188e+01 5.60000e+01
9.43099e+01 5.60000e+01
9.45001e+01 5.60000e+01
9.46924e+01 5.60000e+01
9.48836e+01 5.60000e+01
9.50752e+01 5.60000e+01
9.52651e+01 5.60000e+01
9.54542e+01 5.60000e+01
9.56473e+01 5.60000e+01
9.58370e+01 5.60000e+01
9.60268e+01 5.60000e+01
9.62172e+01 5.60000e+01
9.64072e+01 5.60000e+01
9.65993e+01 5.60000e+01
9.67891e+01 5.60000e+01
9.69796e+01 5.60000e+01
9.71690e+01 5.60000e+01
9.73579e+01 5.60000e+01
9.75512e+01 5.60000e+01
9.77404e+01 5.60000e+01
9.79356e+01 5.60000e+01
9.81317e+01 5.60000e+01
9.83209e+01 5.60000e+01
9.85104e+01 5.60000e+01
9.87044e+01 5.60000e+01
9.88943e+01 5.60000e+01
9.90853e+01 5.60000e+01
9.92751e+01 5.60000e+01
9.94663e+01 5.60000e+01
9.96596e+01 5.60000e+01
9.98499e+01 5.60000e+01
1.00041e+02 5.60000e+01
1.00232e+02 5.60000e+01
1.00422e+02 5.60000e+01
1.00616e+02 5.60000e+01
1.00805e+02 5.60000e+01
1.00997e+02 5.60000e+01
1.01188e+02 5.60000e+01
1.01380e+02 5.60000e+01
1.01574e+02 5.60000e+01
1.01764e+02 5.60000e+01
1.01955e+02 5.60000e+01
1.02146e+02 5.60000e+01
1.02337e+02 5.60000e+01
1.02530e+02 5.60000e+01
1.02721e+02 5.60000e+01
1.02910e+02 5.60000e+01
1.03100e+02 5.60000e+01
1.03291e+02 5.60000e+01
1.03480e+02 5.60000e+01
1.03674e+02 5.60000e+01
1.03864e+02 5.60000e+01
1.04054e+02 5.60000e+01
1.04244e+02 5.60000e+01
1.04434e+02 5.60000e+01
1.04627e+02 5.60000e+01
1.04817e+02 5.60000e+01
1.05008e+02 5.60000e+01
1.05200e+02 5.60000e+01
1.05411e+02 5.60000e+01
1.05621e+02 5.60000e+01
1.05816e+02 5.60000e+01
1.06006e+02 5.60000e+01
1.06195e+02 5.60000e+01
1.06385e+02 5.60000e+01
1.06577e+02 5.60000e+01
1.06767e+02 5.60000e+01
1.06956e+02 5.60000e+01
1.07146e+02 5.60000e+01
1.07334e+02 5.60000e+01
1.07522e+02 5.60000e+01
1.07714e+02 5.60000e+01
1.07904e+02 5.60000e+01
1.08094e+02 5.60000e+01
1.08284e+02 5.60000e+01
1.08491e+02 5.60000e+01
1.08688e+02 5.60000e+01
1.08878e+02 5.60000e+01
1.09067e+02 5.60000e+01
1.09258e+02 5.60000e+01
1.09448e+02 5.60000e+01
1.09642e+02 5.60000e+01
1.09832e+02 5.60000e+01
1.10023e+02 5.60000e+01
1.10213e+02 5.60000e+01
1.10402e+02 5.60000e+01
1.10595e+02 5.60000e+01
1.10785e+02 5.60000e+01
1.10975e+02 5.60000e+01
1.11165e+02 5.60000e+01
1.11353e+02 5.60000e+01
1.11546e+02 5.60000e+01
1.11737e+02 5.60000e+01
1.11926e+02 5.60000e+01
1.12115e+02 5.60000e+01
1.12302e+02 5.60000e+01
1.12491e+02 5.60000e+01
1.12682e+02 5.60000e+01
1.12870e+02 5.60000e+01
1.13058e+02 5.60000e+01
1.13246e+02 5.60000e+01
1.13435e+02 5.60000e+01
1.13628e+02 5.60000e+01
1.13817e+02 5.60000e+01
1.14005e+02 5.60000e+01
1.14194e+02 5.60000e+01
1.14380e+02 5.60000e+01
1.14570e+02 5.60000e+01
1.14760e+02 5.60000e+01
1.14950e+02 5.60000e+01
1.15140e+02 5.60000e+01
1.15331e+02 5.60000e+01
1.15521e+02 5.60000e+01
1.15713e+02 5.60000e+01
1.15901e+02 5.60000e+01
1.16091e+02 5.60000e+01
1.16278e+02 5.60000e+01
1.16466e+02 5.60000e+01
1.16658e+02 5.60000e+01
1.16846e+02 5.60000e+01
1.17036e+02 5.60000e+01
1.17225e+02 5.60000e+01
1.17415e+02 5.60000e+01
1.17607e+02 5.60000e+01
1.17799e+02 5.60000e+01
1.17988e+02 5.60000e+01
1.18177e+02 5.60000e+01
1.18367e+02 5.60000e+01
1.18559e+02 5.60000e+01
1.18749e+02 5.60000e+01
1.18937e+02 5.60000e+01
1.19127e+02 5.60000e+01
1.19316e+02 5.60000e+01
1.19505e+02 5.60000e+01
1.19697e+02 5.60000e+01
1.19886e+02 5.60000e+01
1.20075e+02 5.60000e+01
1.20264e+02 5.60000e+01
1.20454e+02 5.60000e+01
1.20647e+02 5.60000e+01
1.20836e+02 5.60000e+01
1.21025e+02 5.60000e+01
1.21213e+02 5.60000e+01
1.21402e+02 5.60000e+01
1.21595e+02 5.60000e+01
1.21784e+02 5.60000e+01
1.21973e+02 5.60000e+01
1.22163e+02 5.60000e+01
1.22352e+02 5.60000e+01
1.22541e+02 5.60000e+01
1.22733e+02 5.60000e+01
1.22923e+02 5.60000e+01
1.23111e+02 5.60000e+01
1.23301e+02 5.60000e+01
1.23512e+02 5.60000e+01
1.23710e+02 5.60000e+01
1.23899e+02 5.60000e+01
1.24088e+02 5.60000e+01
1.24278e+02 5.60000e+01
1.24467e+02 5.60000e+01
1.24660e+02 5.60000e+01
1.24852e+02 5.60000e+01
1.25044e+02 5.60000e+01
1.25236e+02 5.60000e+01
1.25426e+02 5.60000e+01
1.25619e+02 5.60000e+01
1.25810e+02 5.60000e+01
1.26000e+02 5.60000e+01
1.26190e+02 5.60000e+01
1.26378e+02 5.60000e+01
1.26570e+02 5.60000e+01
1.26760e+02 5.60000e+01
1.26952e+02 5.60000e+01
1.27142e+02 5.60000e+01
1.27332e+02 5.60000e+01
1.27522e+02 5.60000e+01
1.27715e+02 5.60000e+01
1.27906e+02 5.60000e+01
1.28095e+02 5.60000e+01
1.28284e+02 5.60000e+01
1.28475e+02 5.60000e+01
1.28670e+02 5.60000e+01
1.28860e+02 5.60000e+01
1.29050e+02 5.60000e+01
1.29241e+02 5.60000e+01
1.29430e+02 5.60000e+01
1.29623e+02 5.60000e+01
1.29813e+02 5.60000e+01
1.30003e+02 5.60000e+01
1.30194e+02 5.60000e+01
1.30383e+02 5.60000e+01
1.30576e+02 5.60000e+01
1.30767e+02 5.60000e+01
1.30958e+02 5.60000e+01
1.31149e+02 5.60000e+01
1.31340e+02 5.60000e+01
1.31530e+02 5.60000e+01
1.31725e+02 5.60000e+01
1.31915e+02 5.60000e+01
1.32106e+02 5.60000e+01
1.32296e+02 5.60000e+01
1.32488e+02 5.60000e+01
1.32682e+02 5.60000e+01
1.32874e+02 5.60000e+01
1.33065e+02 5.60000e+01
1.33255e+02 5.60000e+01
1.33445e+02 5.60000e+01
1.33638e+02 5.60000e+01
1.33828e+02 5.60000e+01
1.34018e+02 5.60000e+01
1.34209e+02 5.60000e+01
1.34398e+02 5.60000e+01
1.34591e+02 5.60000e+01
1.34782e+02 5.60000e+01
1.34972e+02 5.60000e+01
1.35161e+02 5.60000e+01
1.35352e+02 5.60000e+01
1.35541e+02 5.60000e+01
1.35736e+02 5.60000e+01
1.35927e+02 5.60000e+01
1.36117e+02 5.60000e+01
1.36306e+02 5.60000e+01
1.36495e+02 5.60000e+01
1.36687e+02 5.60000e+01
1.36877e+02 5.60000e+01
1.37068e+02 5.60000e+01
1.37258e+02 5.60000e+01
1.37447e+02 5.60000e+01
1.37641e+02 5.60000e+01
1.37833e+02 5.60000e+01
1.38022e+02 5.60000e+01
1.38212e+02 5.60000e+01
1.38409e+02 5.60000e+01
1.38626e+02 5.60000e+01
1.38820e+02 5.60000e+01
1.39010e+02 5.60000e+01
1.39200e+02 5.60000e+01
1.39389e+02 5.60000e+01
1.39579e+02 5.60000e+01
1.39770e+02 5.60000e+01
1.39960e+02 5.60000e+01
1.40148e+02 5.60000e+01
1.40337e+02 5.60000e+01
1.40527e+02 5.60000e+01
1.40720e+02 5.60000e+01
1.40910e+02 5.60000e+01
1.41101e+02 5.60000e+01
1.41289e+02 5.60000e+01
1.41478e+02 5.60000e+01
1.41671e+02 5.60000e+01
1.41861e+02 5.60000e+01
1.42050e+02 5.60000e+01
1.42240e+02 5.60000e+01
1.42430e+02 5.60000e+01
1.42623e+02 5.60000e+01
1.42814e+02 5.60000e+01
1.43004e+02 5.60000e+01
1.43194e+02 5.60000e+01
1.43382e+02 5.60000e+01
1.43571e+02 5.60000e+01
1.43763e+02 5.60000e+01
1.43954e+02 5.60000e+01
1.44145e+02 5.60000e+01
1.44333e+02 5.60000e+01
1.44523e+02 5.60000e+01
1.44717e+02 5.60000e+01
1.44907e+02 5.60000e+01
1.45099e+02 5.60000e+01
1.45290e+02 5.60000e+01
1.45480e+02 5.60000e+01
1.45673e+02 5.60000e+01
1.45863e+02 5.60000e+01
1.46053e+02 5.60000e+01
1.46244e+02 5.60000e+01
1.46435e+02 5.60000e+01
1.46627e+02 5.60000e+01
1.46818e+02 5.60000e+01
1.47008e+02 5.60000e+01
1.47198e+02 5.60000e+01
1.47388e+02 5.60000e+01
1.47579e+02 5.60000e+01
1.47774e+02 5.60000e+01
1.47965e+02 5.60000e+01
1.48156e+02 5.60000e+01
1.48347e+02 5.60000e+01
1.48538e+02 5.60000e+01
1.48731e+02 5.60000e+01
1.48921e+02 5.60000e+01
1.49112e+02 5.60000e+01
1.49302e+02 5.60000e+01
1.49492e+02 5.60000e+01
1.49687e+02 5.60000e+01
1.49879e+02 5.60000e+01
1.50069e+02 5.60000e+01
1.50258e+02 5.60000e+01
1.50449e+02 5.60000e+01
1.50642e+02 5.60000e+01
1.50832e+02 5.60000e+01
1.51021e+02 5.60000e+01
1.51211e+02 5.60000e+01
1.51401e+02 5.60000e+01
1.51592e+02 5.60000e+01
1.51785e+02 5.60000e+01
1.51976e+02 5.60000e+01
1.52166e+02 5.60000e+01
1.52356e+02 5.60000e+01
1.52545e+02 5.60000e+01
1.52739e+02 5.60000e+01
1.52929e+02 5.60000e+01
1.53120e+02 5.60000e+01
1.53311e+02 5.60000e+01
1.53522e+02 5.60000e+01
1.53722e+02 5.60000e+01
1.53912e+02 5.60000e+01
1.54102e+02 5.60000e+01
1.54292e+02 5.60000e+01
1.54483e+02 5.60000e+01
1.54676e+02 5.60000e+01
1.54869e+02 5.60000e+01
1.55060e+02 5.60000e+01
1.55252e+02 5.60000e+01
1.55442e+02 5.60000e+01
1.55635e+02 5.60000e+01
1.55826e+02 5.60000e+01
1.56016e+02 5.60000e+01
1.56206e+02 5.60000e+01
1.56395e+02 5.60000e+01
1.56584e+02 5.60000e+01
1.56777e+02 5.60000e+01
1.56967e+02 5.60000e+01
1.57157e+02 5.60000e+01
1.57347e+02 5.60000e+01
1.57536e+02 5.60000e+01
1.57730e+02 5.60000e+01
1.57922e+02 5.60000e+01
1.58111e+02 5.60000e+01
1.58301e+02 5.60000e+01
1.58491e+02 5.60000e+01
1.58685e+02 5.60000e+01
1.58876e+02 5.60000e+01
1.59066e+02 5.60000e+01
1.59255e+02 5.60000e+01
1.59446e+02 5.60000e+01
1.59640e+02 5.60000e+01
1.59831e+02 5.60000e+01
1.60024e+02 5.60000e+01
1.60214e+02 5.60000e+01
1.60404e+02 5.60000e+01
1.60595e+02 5.60000e+01
1.60789e+02 5.60000e+01
1.60979e+02 5.60000e+01
1.61168e+02 5.60000e+01
1.61359e+02 5.60000e+01
1.61549e+02 5.60000e+01
1.61742e+02 5.60000e+01
1.61932e+02 5.60000e+01
1.62121e+02 5.60000e+01
1.62310e+02 5.60000e+01
1.62498e+02 5.60000e+01
1.62691e+02 5.60000e+01
1.62881e+02 5.60000e+01
1.63071e+02 5.60000e+01
1.63261e+02 5.60000e+01
1.63452e+02 5.60000e+01
1.63645e+02 5.60000e+01
1.63835e+02 5.60000e+01
1.64026e+02 5.60000e+01
1.64216e+02 5.60000e+01
1.64405e+02 5.60000e+01
1.64595e+02 5.60000e+01
1.64793e+02 5.60000e+01
1.64983e+02 5.60000e+01
1.65174e+02 5.60000e+01
1.65365e+02 5.60000e+01
1.65555e+02 5.60000e+01
1.65750e+02 5.60000e+01
1.65941e+02 5.60000e+01
1.66131e+02 5.60000e+01
1.66322e+02 5.60000e+01
1.66512e+02 5.60000e+01
1.66706e+02 5.60000e+01
1.66897e+02 5.60000e+01
1.67087e+02 5.60000e+01
1.67277e+02 5.60000e+01
1.67468e+02 5.60000e+01
1.67660e+02 5.60000e+01
1.67850e+02 5.60000e+01
1.68041e+02 5.60000e+01
1.68231e+02 5.60000e+01
1.68434e+02 5.60000e+01
1.68641e+02 5.60000e+01
1.68832e+02 5.60000e+01
1.69023e+02 5.60000e+01
1.69214e+02 5.60000e+01
1.69404e+02 5.60000e+01
1.69593e+02 5.60000e+01
1.69787e+02 5.60000e+01
1.69979e+02 5.60000e+01
1.70169e+02 5.60000e+01
1.70360e+02 5.60000e+01
1.70549e+02 5.60000e+01
1.70741e+02 5.60000e+01
1.70933e+02 5.60000e+01
1.71123e+02 5.60000e+01
1.71311e+02 5.60000e+01
1.71500e+02 5.60000e+01
1.71693e+02 5.60000e+01
1.71881e+02 5.60000e+01
1.72071e+02 5.60000e+01
1.72260e+02 5.60000e+01
1.72450e+02 5.60000e+01
1.72642e+02 5.60000e+01
1.72833e+02 5.60000e+01
1.73023e+02 5.60000e+01
1.73212e+02 5.60000e+01
1.73402e+02 5.60000e+01
1.73592e+02 5.60000e+01
1.73787e+02 5.60000e+01
1.73978e+02 5.60000e+01
1.74169e+02 5.60000e+01
1.74361e+02 5.60000e+01
1.74551e+02 5.60000e+01
1.74743e+02 5.60000e+01
1.74934e+02 5.60000e+01
1.75125e+02 5.60000e+01
1.75315e+02 5.60000e+01
1.75504e+02 5.60000e+01
1.75698e+02 5.60000e+01
1.75889e+02 5.60000e+01
1.76079e+02 5.60000e+01
1.76267e+02 5.60000e+01
1.76457e+02 5.60000e+01
1.76649e+02 5.60000e+01
1.76840e+02 5.60000e+01
1.77031e+02 5.60000e+01
1.77221e+02 5.60000e+01
1.77411e+02 5.60000e+01
1.77601e+02 5.60000e+01
1.77794e+02 5.60000e+01
1.77984e+02 5.60000e+01
1.78172e+02 5.60000e+01
1.78360e+02 5.60000e+01
1.78550e+02 5.60000e+01
1.78744e+02 5.60000e+01
1.78935e+02 5.60000e+01
1.79125e+02 5.60000e+01
1.79316e+02 5.60000e+01
1.79506e+02 5.60000e+01
1.79699e+02 5.60000e+01
1.79889e+02 5.60000e+01
1.80080e+02 5.60000e+01
1.80270e+02 5.60000e+01
1.80461e+02 5.60000e+01
1.80655e+02 5.60000e+01
1.80847e+02 5.60000e+01
1.81036e+02 5.60000e+01
1.81227e+02 5.60000e+01
1.81416e+02 5.60000e+01
1.81605e+02 5.60000e+01
1.81799e+02 5.60000e+01
1.81991e+02 5.60000e+01
1.82181e+02 5.60000e+01
1.82372e+02 5.60000e+01
1.82561e+02 5.60000e+01
1.82755e+02 5.60000e+01
1.82946e+02 5.60000e+01
1.83135e+02 5.60000e+01
1.83325e+02 5.60000e+01
1.83539e+02 5.60000e+01
1.83733e+02 5.60000e+01
1.83926e+02 5.60000e+01
1.84116e+02 5.60000e+01
1.84307e+02 5.60000e+01
1.84497e+02 5.60000e+01
1.84690e+02 5.60000e+01
1.84880e+02 5.60000e+01
1.85069e+02 5.60000e+01
1.85259e+02 5.60000e+01
1.85450e+02 5.60000e+01
1.85641e+02 5.60000e+01
1.85833e+02 5.60000e+01
1.86023e+02 5.60000e+01
1.86212e+02 5.60000e+01
1.86402e+02 5.60000e+01
1.86591e+02 5.60000e+01
1.86784e+02 5.60000e+01
1.86976e+02 5.60000e+01
1.87166e+02 5.60000e+01
1.87356e+02 5.60000e+01
1.87546e+02 5.60000e+01
1.87740e+02 5.60000e+01
1.87932e+02 5.60000e+01
1.88122e+02 5.60000e+01
1.88313e+02 5.60000e+01
1.88502e+02 5.60000e+01
1.88696e+02 5.60000e+01
1.88887e+02 5.60000e+01
1.89077e+02 5.60000e+01
1.89269e+02 5.60000e+01
1.89460e+02 5.60000e+01
1.89653e+02 5.60000e+01
1.89845e+02 5.60000e+01
1.90037e+02 5.60000e+01
1.90227e+02 5.60000e+01
1.90418e+02 5.60000e+01
1.90608e+02 5.60000e+01
1.90801e+02 5.60000e+01
1.90992e+02 5.60000e+01
1.91181e+02 5.60000e+01
