2.01210e-02 6.69000e+02
2.17875e-01 5.15000e+02
4.13931e-01 4.31000e+02
6.06543e-01 3.20000e+02
8.00179e-01 3.23000e+02
9.92948e-01 1.89000e+02
1.18655e+00 2.37000e+02
1.38309e+00 2.45000e+02
1.57610e+00 2.55000e+02
1.76903e+00 2.35000e+02
1.96333e+00 2.16000e+02
2.15725e+00 1.91000e+02
2.35462e+00 1.38000e+02
2.54616e+00 1.34000e+02
2.74001e+00 1.74000e+02
2.93359e+00 2.19000e+02
3.12706e+00 1.99000e+02
3.32472e+00 1.49000e+02
3.51731e+00 1.32000e+02
3.70808e+00 1.17000e+02
3.89980e+00 1.04000e+02
4.09191e+00 9.50000e+01
4.28716e+00 9.90000e+01
4.47806e+00 8.60000e+01
4.67022e+00 8.60000e+01
4.86273e+00 8.60000e+01
5.05587e+00 8.60000e+01
5.25070e+00 8.60000e+01
5.44139e+00 8.60000e+01
5.63142e+00 8.60000e+01
5.82438e+00 8.60000e+01
6.01583e+00 8.60000e+01
6.20913e+00 8.60000e+01
6.40221e+00 8.60000e+01
6.59302e+00 8.60000e+01
6.78604e+00 8.60000e+01
6.97707e+00 8.60000e+01
7.16812e+00 8.60000e+01
7.36436e+00 8.60000e+01
7.55713e+00 8.60000e+01
7.74950e+00 8.60000e+01
7.94158e+00 8.60000e+01
8.13335e+00 8.60000e+01
8.32800e+00 8.60000e+01
8.52064e+00 8.60000e+01
8.71102e+00 8.60000e+01
8.90171e+00 8.60000e+01
9.09389e+00 8.60000e+01
9.28866e+00 8.60000e+01
9.47953e+00 8.60000e+01
9.67120e+00 8.60000e+01
9.86378e+00 8.60000e+01
1.00557e+01 8.60000e+01
1.02504e+01 8.60000e+01
1.04420e+01 8.60000e+01
1.06335e+01 8.60000e+01
1.08250e+01 8.60000e+01
1.10169e+01 8.60000e+01
1.12094e+01 8.60000e+01
1.14036e+01 8.60000e+01
1.15945e+01 8.60000e+01
1.17870e+01 8.60000e+01
1.19797e+01 8.60000e+01
1.21713e+01 8.60000e+01
1.23663e+01 8.60000e+01
1.25580e+01 8.60000e+01
1.27484e+01 8.60000e+01
1.29405e+01 8.60000e+01
1.31314e+01 8.60000e+01
1.33268e+01 8.60000e+01
1.35193e+01 8.60000e+01
1.37206e+01 8.60000e+01
1.39315e+01 8.60000e+01
1.41347e+01 8.60000e+01
1.43301e+01 8.60000e+01
1.45205e+01 8.60000e+01
1.47114e+01 8.60000e+01
1.49041e+01 8.60000e+01
1.50956e+01 8.60000e+01
1.52910e+01 8.60000e+01
1.54827e+01 8.60000e+01
1.56740e+01 8.60000e+01
1.58666e+01 8.60000e+01
1.60583e+01 8.60000e+01
1.62512e+01 8.60000e+01
1.64434e+01 8.60000e+01
1.66345e+01 8.60000e+01
1.68246e+01 8.60000e+01
1.70149e+01 8.60000e+01
1.72057e+01 8.60000e+01
1.74017e+01 8.60000e+01
1.75924e+01 8.60000e+01
1.77830e+01 8.60000e+01
1.79737e+01 8.60000e+01
1.81648e+01 8.60000e+01
1.83586e+01 8.60000e+01
1.85487e+01 8.60000e+01
1.87396e+01 8.60000e+01
1.89313e+01 8.60000e+01
1.91221e+01 8.60000e+01
1.93143e+01 8.60000e+01
1.95051e+01 8.60000e+01
1.96946e+01 8.60000e+01
1.98870e+01 8.60000e+01
2.00785e+01 8.60000e+01
2.02736e+01 8.60000e+01
2.04641e+01 8.60000e+01
2.06554e+01 8.60000e+01
2.08463e+01 8.60000e+01
2.10387e+01 8.60000e+01
2.12314e+01 8.60000e+01
2.14254e+01 8.60000e+01
2.16172e+01 8.60000e+01
2.18085e+01 8.60000e+01
2.19987e+01 8.60000e+01
2.21870e+01 8.60000e+01
2.23800e+01 8.60000e+01
2.25689e+01 8.60000e+01
2.27600e+01 8.60000e+01
2.29526e+01 8.60000e+01
2.31424e+01 8.60000e+01
2.33346e+01 8.60000e+01
2.35239e+01 8.60000e+01
2.37136e+01 8.60000e+01
2.39024e+01 8.60000e+01
2.40920e+01 8.60000e+01
2.42837e+01 8.60000e+01
2.44729e+01 8.60000e+01
2.46613e+01 8.60000e+01
2.48523e+01 8.60000e+01
2.50438e+01 8.60000e+01
2.52366e+01 8.60000e+01
2.54268e+01 8.60000e+01
2.56207e+01 8.60000e+01
2.58125e+01 8.60000e+01
2.60043e+01 8.60000e+01
2.61940e+01 8.60000e+01
2.63875e+01 8.60000e+01
2.65777e+01 8.60000e+01
2.67684e+01 8.60000e+01
2.69606e+01 8.60000e+01
2.71516e+01 8.60000e+01
2.73458e+01 8.60000e+01
2.75362e+01 8.60000e+01
2.77259e+01 8.60000e+01
2.79166e+01 8.60000e+01
2.81081e+01 8.60000e+01
2.83026e+01 8.60000e+01
2.84926e+01 8.60000e+01
2.86850e+01 8.60000e+01
2.88992e+01 8.60000e+01
2.90926e+01 8.60000e+01
2.92856e+01 8.60000e+01
2.94774e+01 8.60000e+01
2.96677e+01 8.60000e+01
2.98584e+01 8.60000e+01
3.00491e+01 8.60000e+01
3.02406e+01 8.60000e+01
3.04335e+01 8.60000e+01
3.06238e+01 8.60000e+01
3.08134e+01 8.60000e+01
3.10047e+01 8.60000e+01
3.11954e+01 8.60000e+01
3.13876e+01 8.60000e+01
3.15758e+01 8.60000e+01
3.17645e+01 8.60000e+01
3.19555e+01 8.60000e+01
3.21448e+01 8.60000e+01
3.23381e+01 8.60000e+01
3.25262e+01 8.60000e+01
3.27145e+01 8.60000e+01
3.29041e+01 8.60000e+01
3.30930e+01 8.60000e+01
3.32951e+01 8.60000e+01
3.34951e+01 8.60000e+01
3.36847e+01 8.60000e+01
3.38749e+01 8.60000e+01
3.40665e+01 8.60000e+01
3.42600e+01 8.60000e+01
3.44504e+01 8.60000e+01
3.46387e+01 8.60000e+01
3.48287e+01 8.60000e+01
3.50199e+01 8.60000e+01
3.52104e+01 8.60000e+01
3.54033e+01 8.60000e+01
3.55932e+01 8.60000e+01
3.57807e+01 8.60000e+01
3.59701e+01 8.60000e+01
3.61599e+01 8.60000e+01
3.63522e+01 8.60000e+01
3.65425e+01 8.60000e+01
3.67328e+01 8.60000e+01
3.69227e+01 8.60000e+01
3.71126e+01 8.60000e+01
3.73043e+01 8.60000e+01
3.74942e+01 8.60000e+01
3.76823e+01 8.60000e+01
3.78721e+01 8.60000e+01
3.80616e+01 8.60000e+01
3.82533e+01 8.60000e+01
3.84443e+01 8.60000e+01
3.86352e+01 8.60000e+01
3.88261e+01 8.60000e+01
3.90159e+01 8.60000e+01
3.92055e+01 8.60000e+01
3.93977e+01 8.60000e+01
3.95873e+01 8.60000e+01
3.97765e+01 8.60000e+01
3.99659e+01 8.60000e+01
4.01560e+01 8.60000e+01
4.03465e+01 8.60000e+01
4.05372e+01 8.60000e+01
4.07270e+01 8.60000e+01
4.09192e+01 8.60000e+01
4.11085e+01 8.60000e+01
4.13015e+01 8.60000e+01
4.14919e+01 8.60000e+01
4.16817e+01 8.60000e+01
4.18707e+01 8.60000e+01
4.20612e+01 8.60000e+01
4.22510e+01 8.60000e+01
4.24432e+01 8.60000e+01
4.26312e+01 8.60000e+01
4.28191e+01 8.60000e+01
4.30096e+01 8.60000e+01
4.31997e+01 8.60000e+01
4.33918e+01 8.60000e+01
4.35829e+01 8.60000e+01
4.37883e+01 8.60000e+01
4.39913e+01 8.60000e+01
4.41804e+01 8.60000e+01
4.43729e+01 8.60000e+01
4.45622e+01 8.60000e+01
4.47522e+01 8.60000e+01
4.49430e+01 8.60000e+01
4.51336e+01 8.60000e+01
4.53268e+01 8.60000e+01
4.55179e+01 8.60000e+01
4.57087e+01 8.60000e+01
4.58997e+01 8.60000e+01
4.60915e+01 8.60000e+01
4.62846e+01 8.60000e+01
4.64749e+01 8.60000e+01
4.66641e+01 8.60000e+01
4.68522e+01 8.60000e+01
4.70433e+01 8.60000e+01
4.72330e+01 8.60000e+01
4.74254e+01 8.60000e+01
4.76150e+01 8.60000e+01
4.78058e+01 8.60000e+01
4.79980e+01 8.60000e+01
4.81889e+01 8.60000e+01
4.83813e+01 8.60000e+01
4.85723e+01 8.60000e+01
4.87631e+01 8.60000e+01
4.89557e+01 8.60000e+01
4.91463e+01 8.60000e+01
4.93390e+01 8.60000e+01
4.95289e+01 8.60000e+01
4.97184e+01 8.60000e+01
4.99083e+01 8.60000e+01
5.00989e+01 8.60000e+01
5.02916e+01 8.60000e+01
5.04825e+01 8.60000e+01
5.06707e+01 8.60000e+01
5.08604e+01 8.60000e+01
5.10501e+01 8.60000e+01
5.12386e+01 8.60000e+01
5.14299e+01 8.60000e+01
5.16216e+01 8.60000e+01
5.18112e+01 8.60000e+01
5.20016e+01 8.60000e+01
5.21914e+01 8.60000e+01
5.23842e+01 8.60000e+01
5.25746e+01 8.60000e+01
5.27646e+01 8.60000e+01
5.29547e+01 8.60000e+01
5.31437e+01 8.60000e+01
5.33351e+01 8.60000e+01
5.35267e+01 8.60000e+01
5.37171e+01 8.60000e+01
5.39078e+01 8.60000e+01
5.40989e+01 8.60000e+01
5.42921e+01 8.60000e+01
5.44824e+01 8.60000e+01
5.46740e+01 8.60000e+01
5.48636e+01 8.60000e+01
5.50545e+01 8.60000e+01
5.52454e+01 8.60000e+01
5.54383e+01 8.60000e+01
5.56297e+01 8.60000e+01
5.58197e+01 8.60000e+01
5.60105e+01 8.60000e+01
5.62013e+01 8.60000e+01
5.63917e+01 8.60000e+01
5.65810e+01 8.60000e+01
5.67712e+01 8.60000e+01
5.69604e+01 8.60000e+01
5.71495e+01 8.60000e+01
5.73427e+01 8.60000e+01
5.75327e+01 8.60000e+01
5.77218e+01 8.60000e+01
5.79114e+01 8.60000e+01
5.81005e+01 8.60000e+01
5.82917e+01 8.60000e+01
5.84835e+01 8.60000e+01
5.86713e+01 8.60000e+01
5.88827e+01 8.60000e+01
5.90742e+01 8.60000e+01
5.92634e+01 8.60000e+01
5.94545e+01 8.60000e+01
5.96445e+01 8.60000e+01
5.98341e+01 8.60000e+01
6.00237e+01 8.60000e+01
6.02126e+01 8.60000e+01
6.04052e+01 8.60000e+01
6.05930e+01 8.60000e+01
6.07833e+01 8.60000e+01
6.09743e+01 8.60000e+01
6.11648e+01 8.60000e+01
6.13561e+01 8.60000e+01
6.15458e+01 8.60000e+01
6.17339e+01 8.60000e+01
6.19247e+01 8.60000e+01
6.21139e+01 8.60000e+01
6.23066e+01 8.60000e+01
6.24967e+01 8.60000e+01
6.26861e+01 8.60000e+01
6.28756e+01 8.60000e+01
6.30663e+01 8.60000e+01
6.32578e+01 8.60000e+01
6.34486e+01 8.60000e+01
6.36370e+01 8.60000e+01
6.38263e+01 8.60000e+01
6.40165e+01 8.60000e+01
6.42064e+01 8.60000e+01
6.43992e+01 8.60000e+01
6.45898e+01 8.60000e+01
6.47803e+01 8.60000e+01
6.49698e+01 8.60000e+01
6.51606e+01 8.60000e+01
6.53542e+01 8.60000e+01
6.55453e+01 8.60000e+01
6.57372e+01 8.60000e+01
6.59289e+01 8.60000e+01
6.61200e+01 8.60000e+01
6.63118e+01 8.60000e+01
6.65024e+01 8.60000e+01
6.66925e+01 8.60000e+01
6.68831e+01 8.60000e+01
6.70735e+01 8.60000e+01
6.72646e+01 8.60000e+01
6.74577e+01 8.60000e+01
6.76484e+01 8.60000e+01
6.78384e+01 8.60000e+01
6.80287e+01 8.60000e+01
6.82184e+01 8.60000e+01
6.84114e+01 8.60000e+01
6.86023e+01 8.60000e+01
6.87931e+01 8.60000e+01
6.89841e+01 8.60000e+01
6.91750e+01 8.60000e+01
6.93680e+01 8.60000e+01
6.95592e+01 8.60000e+01
6.97481e+01 8.60000e+01
6.99380e+01 8.60000e+01
7.01259e+01 8.60000e+01
7.03168e+01 8.60000e+01
7.05064e+01 8.60000e+01
7.06949e+01 8.60000e+01
7.08838e+01 8.60000e+01
7.10750e+01 8.60000e+01
7.12646e+01 8.60000e+01
7.14568e+01 8.60000e+01
7.16458e+01 8.60000e+01
7.18344e+01 8.60000e+01
7.20251e+01 8.60000e+01
7.22138e+01 8.60000e+01
7.24067e+01 8.60000e+01
7.25963e+01 8.60000e+01
7.27859e+01 8.60000e+01
7.29768e+01 8.60000e+01
7.31676e+01 8.60000e+01
7.33599e+01 8.60000e+01
7.35507e+01 8.60000e+01
7.37514e+01 8.60000e+01
7.39568e+01 8.60000e+01
7.41471e+01 8.60000e+01
7.43387e+01 8.60000e+01
7.45271e+01 8.60000e+01
7.47157e+01 8.60000e+01
7.49047e+01 8.60000e+01
7.50955e+01 8.60000e+01
7.52861e+01 8.60000e+01
7.54786e+01 8.60000e+01
7.56697e+01 8.60000e+01
7.58584e+01 8.60000e+01
7.60490e+01 8.60000e+01
7.62383e+01 8.60000e+01
7.64317e+01 8.60000e+01
7.66211e+01 8.60000e+01
7.68110e+01 8.60000e+01
7.70015e+01 8.60000e+01
7.71923e+01 8.60000e+01
7.73840e+01 8.60000e+01
7.75748e+01 8.60000e+01
7.77647e+01 8.60000e+01
7.79558e+01 8.60000e+01
7.81461e+01 8.60000e+01
7.83405e+01 8.60000e+01
7.85309e+01 8.60000e+01
7.87208e+01 8.60000e+01
7.89101e+01 8.60000e+01
7.91006e+01 8.60000e+01
7.92887e+01 8.60000e+01
7.94807e+01 8.60000e+01
7.96695e+01 8.60000e+01
7.98607e+01 8.60000e+01
8.00520e+01 8.60000e+01
8.02419e+01 8.60000e+01
8.04345e+01 8.60000e+01
8.06246e+01 8.60000e+01
8.08157e+01 8.60000e+01
8.10048e+01 8.60000e+01
8.11951e+01 8.60000e+01
8.13880e+01 8.60000e+01
8.15774e+01 8.60000e+01
8.17668e+01 8.60000e+01
8.19561e+01 8.60000e+01
8.21481e+01 8.60000e+01
8.23394e+01 8.60000e+01
8.25292e+01 8.60000e+01
8.27175e+01 8.60000e+01
8.29065e+01 8.60000e+01
8.30969e+01 8.60000e+01
8.32869e+01 8.60000e+01
8.34789e+01 8.60000e+01
8.36697e+01 8.60000e+01
8.38596e+01 8.60000e+01
8.40510e+01 8.60000e+01
8.42419e+01 8.60000e+01
8.44345e+01 8.60000e+01
8.46262e+01 8.60000e+01
8.48175e+01 8.60000e+01
8.50069e+01 8.60000e+01
8.51972e+01 8.60000e+01
8.53887e+01 8.60000e+01
8.55782e+01 8.60000e+01
8.57713e+01 8.60000e+01
8.59635e+01 8.60000e+01
8.61556e+01 8.60000e+01
8.63472e+01 8.60000e+01
8.65366e+01 8.60000e+01
8.67275e+01 8.60000e+01
8.69164e+01 8.60000e+01
8.71069e+01 8.60000e+01
8.72964e+01 8.60000e+01
8.74869e+01 8.60000e+01
8.76766e+01 8.60000e+01
8.78651e+01 8.60000e+01
8.80559e+01 8.60000e+01
8.82486e+01 8.60000e+01
8.84436e+01 8.60000e+01
8.86340e+01 8.60000e+01
8.88444e+01 8.60000e+01
8.90459e+01 8.60000e+01
8.92378e+01 8.60000e+01
8.94311e+01 8.60000e+01
8.96214e+01 8.60000e+01
8.98131e+01 8.60000e+01
9.00045e+01 8.60000e+01
9.01965e+01 8.60000e+01
9.03910e+01 8.60000e+01
9.05822e+01 8.60000e+01
9.07720e+01 8.60000e+01
9.09626e+01 8.60000e+01
9.11535e+01 8.60000e+01
9.13485e+01 8.60000e+01
9.15387e+01 8.60000e+01
9.17306e+01 8.60000e+01
9.19213e+01 8.60000e+01
9.21128e+01 8.60000e+01
9.23032e+01 8.60000e+01
9.24959e+01 8.60000e+01
9.26853e+01 8.60000e+01
9.28761e+01 8.60000e+01
9.30654e+01 8.60000e+01
9.32641e+01 8.60000e+01
9.34580e+01 8.60000e+01
9.36495e+01 8.60000e+01
9.38388e+01 8.60000e+01
9.40297e+01 8.60000e+01
9.42207e+01 8.60000e+01
9.44126e+01 8.60000e+01
9.46035e+01 8.60000e+01
9.47939e+01 8.60000e+01
9.49851e+01 8.60000e+01
9.51764e+01 8.60000e+01
9.53704e+01 8.60000e+01
9.55615e+01 8.60000e+01
9.57526e+01 8.60000e+01
9.59443e+01 8.60000e+01
9.61369e+01 8.60000e+01
9.63284e+01 8.60000e+01
9.65214e+01 8.60000e+01
9.67129e+01 8.60000e+01
9.69017e+01 8.60000e+01
9.70938e+01 8.60000e+01
9.72845e+01 8.60000e+01
9.74783e+01 8.60000e+01
9.76694e+01 8.60000e+01
9.78601e+01 8.60000e+01
9.80516e+01 8.60000e+01
9.82436e+01 8.60000e+01
9.84361e+01 8.60000e+01
9.86280e+01 8.60000e+01
9.88184e+01 8.60000e+01
9.90095e+01 8.60000e+01
9.92002e+01 8.60000e+01
9.93930e+01 8.60000e+01
9.95831e+01 8.60000e+01
9.97751e+01 8.60000e+01
9.99667e+01 8.60000e+01
1.00158e+02 8.60000e+01
1.00349e+02 8.60000e+01
1.00542e+02 8.60000e+01
1.00734e+02 8.60000e+01
1.00924e+02 8.60000e+01
1.01114e+02 8.60000e+01
1.01304e+02 8.60000e+01
1.01497e+02 8.60000e+01
1.01688e+02 8.60000e+01
1.01876e+02 8.60000e+01
1.02068e+02 8.60000e+01
1.02259e+02 8.60000e+01
1.02453e+02 8.60000e+01
1.02645e+02 8.60000e+01
1.02835e+02 8.60000e+01
1.03027e+02 8.60000e+01
1.03219e+02 8.60000e+01
1.03411e+02 8.60000e+01
1.03601e+02 8.60000e+01
1.03814e+02 8.60000e+01
1.04025e+02 8.60000e+01
1.04218e+02 8.60000e+01
1.04412e+02 8.60000e+01
1.04602e+02 8.60000e+01
1.04794e+02 8.60000e+01
1.04986e+02 8.60000e+01
1.05177e+02 8.60000e+01
1.05371e+02 8.60000e+01
1.05563e+02 8.60000e+01
1.05754e+02 8.60000e+01
1.05945e+02 8.60000e+01
1.06135e+02 8.60000e+01
1.06325e+02 8.60000e+01
1.06519e+02 8.60000e+01
1.06711e+02 8.60000e+01
1.06901e+02 8.60000e+01
1.07093e+02 8.60000e+01
1.07285e+02 8.60000e+01
1.07478e+02 8.60000e+01
1.07669e+02 8.60000e+01
1.07858e+02 8.60000e+01
1.08048e+02 8.60000e+01
1.08238e+02 8.60000e+01
1.08432e+02 8.60000e+01
1.08622e+02 8.60000e+01
1.08811e+02 8.60000e+01
1.09001e+02 8.60000e+01
1.09190e+02 8.60000e+01
1.09384e+02 8.60000e+01
1.09575e+02 8.60000e+01
1.09766e+02 8.60000e+01
1.09957e+02 8.60000e+01
1.10149e+02 8.60000e+01
1.10339e+02 8.60000e+01
1.10533e+02 8.60000e+01
1.10724e+02 8.60000e+01
1.10915e+02 8.60000e+01
1.11106e+02 8.60000e+01
1.11298e+02 8.60000e+01
1.11491e+02 8.60000e+01
1.11681e+02 8.60000e+01
1.11872e+02 8.60000e+01
1.12063e+02 8.60000e+01
1.12255e+02 8.60000e+01
1.12447e+02 8.60000e+01
1.12637e+02 8.60000e+01
1.12828e+02 8.60000e+01
1.13018e+02 8.60000e+01
1.13208e+02 8.60000e+01
1.13398e+02 8.60000e+01
1.13591e+02 8.60000e+01
1.13782e+02 8.60000e+01
1.13974e+02 8.60000e+01
1.14166e+02 8.60000e+01
1.14358e+02 8.60000e+01
1.14550e+02 8.60000e+01
1.14741e+02 8.60000e+01
1.14933e+02 8.60000e+01
1.15124e+02 8.60000e+01
1.15315e+02 8.60000e+01
1.15507e+02 8.60000e+01
1.15697e+02 8.60000e+01
1.15887e+02 8.60000e+01
1.16078e+02 8.60000e+01
1.16269e+02 8.60000e+01
1.16462e+02 8.60000e+01
1.16653e+02 8.60000e+01
1.16842e+02 8.60000e+01
1.17033e+02 8.60000e+01
1.17225e+02 8.60000e+01
1.17417e+02 8.60000e+01
1.17608e+02 8.60000e+01
1.17797e+02 8.60000e+01
1.17987e+02 8.60000e+01
1.18178e+02 8.60000e+01
1.18367e+02 8.60000e+01
1.18558e+02 8.60000e+01
1.18761e+02 8.60000e+01
1.18962e+02 8.60000e+01
1.19153e+02 8.60000e+01
1.19344e+02 8.60000e+01
1.19537e+02 8.60000e+01
1.19727e+02 8.60000e+01
1.19915e+02 8.60000e+01
1.20106e+02 8.60000e+01
1.20295e+02 8.60000e+01
1.20487e+02 8.60000e+01
1.20676e+02 8.60000e+01
1.20866e+02 8.60000e+01
1.21055e+02 8.60000e+01
1.21244e+02 8.60000e+01
1.21436e+02 8.60000e+01
1.21624e+02 8.60000e+01
1.21814e+02 8.60000e+01
1.22003e+02 8.60000e+01
1.22193e+02 8.60000e+01
1.22385e+02 8.60000e+01
1.22573e+02 8.60000e+01
1.22763e+02 8.60000e+01
1.22953e+02 8.60000e+01
1.23142e+02 8.60000e+01
1.23333e+02 8.60000e+01
1.23525e+02 8.60000e+01
1.23713e+02 8.60000e+01
1.23903e+02 8.60000e+01
1.24094e+02 8.60000e+01
1.24284e+02 8.60000e+01
1.24478e+02 8.60000e+01
1.24667e+02 8.60000e+01
1.24858e+02 8.60000e+01
1.25049e+02 8.60000e+01
1.25237e+02 8.60000e+01
1.25428e+02 8.60000e+01
1.25617e+02 8.60000e+01
1.25807e+02 8.60000e+01
1.25996e+02 8.60000e+01
1.26186e+02 8.60000e+01
1.26377e+02 8.60000e+01
1.26570e+02 8.60000e+01
1.26759e+02 8.60000e+01
1.26948e+02 8.60000e+01
1.27138e+02 8.60000e+01
1.27328e+02 8.60000e+01
1.27521e+02 8.60000e+01
1.27711e+02 8.60000e+01
1.27900e+02 8.60000e+01
1.28090e+02 8.60000e+01
1.28281e+02 8.60000e+01
1.28473e+02 8.60000e+01
1.28663e+02 8.60000e+01
1.28852e+02 8.60000e+01
1.29042e+02 8.60000e+01
1.29232e+02 8.60000e+01
1.29424e+02 8.60000e+01
1.29614e+02 8.60000e+01
1.29804e+02 8.60000e+01
1.29994e+02 8.60000e+01
1.30185e+02 8.60000e+01
1.30375e+02 8.60000e+01
1.30566e+02 8.60000e+01
1.30756e+02 8.60000e+01
1.30944e+02 8.60000e+01
1.31135e+02 8.60000e+01
1.31326e+02 8.60000e+01
1.31519e+02 8.60000e+01
1.31709e+02 8.60000e+01
1.31899e+02 8.60000e+01
1.32089e+02 8.60000e+01
1.32278e+02 8.60000e+01
1.32470e+02 8.60000e+01
1.32662e+02 8.60000e+01
1.32851e+02 8.60000e+01
1.33042e+02 8.60000e+01
1.33232e+02 8.60000e+01
1.33424e+02 8.60000e+01
1.33613e+02 8.60000e+01
1.33823e+02 8.60000e+01
1.34023e+02 8.60000e+01
1.34214e+02 8.60000e+01
1.34405e+02 8.60000e+01
1.34595e+02 8.60000e+01
1.34786e+02 8.60000e+01
1.34975e+02 8.60000e+01
1.35166e+02 8.60000e+01
1.35356e+02 8.60000e+01
1.35549e+02 8.60000e+01
1.35737e+02 8.60000e+01
1.35927e+02 8.60000e+01
1.36115e+02 8.60000e+01
1.36304e+02 8.60000e+01
1.36498e+02 8.60000e+01
1.36688e+02 8.60000e+01
1.36878e+02 8.60000e+01
1.37070e+02 8.60000e+01
1.37263e+02 8.60000e+01
1.37457e+02 8.60000e+01
1.37647e+02 8.60000e+01
1.37835e+02 8.60000e+01
1.38028e+02 8.60000e+01
1.38219e+02 8.60000e+01
1.38411e+02 8.60000e+01
1.38601e+02 8.60000e+01
1.38791e+02 8.60000e+01
1.38978e+02 8.60000e+01
1.39168e+02 8.60000e+01
1.39357e+02 8.60000e+01
1.39548e+02 8.60000e+01
1.39737e+02 8.60000e+01
1.39926e+02 8.60000e+01
1.40115e+02 8.60000e+01
1.40304e+02 8.60000e+01
1.40495e+02 8.60000e+01
1.40683e+02 8.60000e+01
1.40872e+02 8.60000e+01
1.41062e+02 8.60000e+01
1.41250e+02 8.60000e+01
1.41442e+02 8.60000e+01
1.41631e+02 8.60000e+01
1.41821e+02 8.60000e+01
1.42010e+02 8.60000e+01
1.42200e+02 8.60000e+01
1.42389e+02 8.60000e+01
1.42581e+02 8.60000e+01
1.42769e+02 8.60000e+01
1.42959e+02 8.60000e+01
1.43146e+02 8.60000e+01
1.43336e+02 8.60000e+01
1.43527e+02 8.60000e+01
1.43714e+02 8.60000e+01
1.43903e+02 8.60000e+01
1.44093e+02 8.60000e+01
1.44281e+02 8.60000e+01
1.44474e+02 8.60000e+01
1.44662e+02 8.60000e+01
1.44852e+02 8.60000e+01
1.45044e+02 8.60000e+01
1.45232e+02 8.60000e+01
1.45423e+02 8.60000e+01
1.45615e+02 8.60000e+01
1.45812e+02 8.60000e+01
1.46006e+02 8.60000e+01
1.46194e+02 8.60000e+01
1.46382e+02 8.60000e+01
1.46573e+02 8.60000e+01
1.46763e+02 8.60000e+01
1.46952e+02 8.60000e+01
1.47140e+02 8.60000e+01
1.47330e+02 8.60000e+01
1.47522e+02 8.60000e+01
1.47710e+02 8.60000e+01
1.47900e+02 8.60000e+01
1.48091e+02 8.60000e+01
1.48281e+02 8.60000e+01
1.48473e+02 8.60000e+01
1.48663e+02 8.60000e+01
1.48878e+02 8.60000e+01
1.49083e+02 8.60000e+01
1.49274e+02 8.60000e+01
1.49466e+02 8.60000e+01
1.49655e+02 8.60000e+01
1.49844e+02 8.60000e+01
1.50033e+02 8.60000e+01
1.50225e+02 8.60000e+01
1.50416e+02 8.60000e+01
1.50608e+02 8.60000e+01
1.50798e+02 8.60000e+01
1.50988e+02 8.60000e+01
1.51180e+02 8.60000e+01
1.51372e+02 8.60000e+01
1.51564e+02 8.60000e+01
1.51756e+02 8.60000e+01
1.51947e+02 8.60000e+01
1.52139e+02 8.60000e+01
1.52331e+02 8.60000e+01
1.52523e+02 8.60000e+01
1.52711e+02 8.60000e+01
1.52901e+02 8.60000e+01
1.53092e+02 8.60000e+01
1.53291e+02 8.60000e+01
1.53485e+02 8.60000e+01
1.53681e+02 8.60000e+01
1.53872e+02 8.60000e+01
1.54064e+02 8.60000e+01
1.54253e+02 8.60000e+01
1.54447e+02 8.60000e+01
1.54638e+02 8.60000e+01
1.54829e+02 8.60000e+01
1.55019e+02 8.60000e+01
1.55210e+02 8.60000e+01
1.55401e+02 8.60000e+01
1.55592e+02 8.60000e+01
1.55782e+02 8.60000e+01
1.55972e+02 8.60000e+01
1.56162e+02 8.60000e+01
1.56351e+02 8.60000e+01
1.56543e+02 8.60000e+01
1.56732e+02 8.60000e+01
1.56921e+02 8.60000e+01
1.57111e+02 8.60000e+01
1.57301e+02 8.60000e+01
1.57493e+02 8.60000e+01
1.57683e+02 8.60000e+01
1.57874e+02 8.60000e+01
1.58065e+02 8.60000e+01
1.58256e+02 8.60000e+01
1.58447e+02 8.60000e+01
1.58639e+02 8.60000e+01
1.58828e+02 8.60000e+01
1.59019e+02 8.60000e+01
1.59209e+02 8.60000e+01
1.59400e+02 8.60000e+01
1.59592e+02 8.60000e+01
1.59780e+02 8.60000e+01
1.59971e+02 8.60000e+01
1.60160e+02 8.60000e+01
1.60350e+02 8.60000e+01
1.60544e+02 8.60000e+01
1.60734e+02 8.60000e+01
1.60924e+02 8.60000e+01
1.61114e+02 8.60000e+01
1.61304e+02 8.60000e+01
1.61498e+02 8.60000e+01
1.61687e+02 8.60000e+01
1.61876e+02 8.60000e+01
1.62067e+02 8.60000e+01
1.62255e+02 8.60000e+01
1.62448e+02 8.60000e+01
1.62638e+02 8.60000e+01
1.62826e+02 8.60000e+01
1.63016e+02 8.60000e+01
1.63207e+02 8.60000e+01
1.63395e+02 8.60000e+01
1.63588e+02 8.60000e+01
1.63793e+02 8.60000e+01
1.64000e+02 8.60000e+01
1.64190e+02 8.60000e+01
1.64382e+02 8.60000e+01
1.64573e+02 8.60000e+01
1.64762e+02 8.60000e+01
1.64953e+02 8.60000e+01
1.65144e+02 8.60000e+01
1.65335e+02 8.60000e+01
1.65528e+02 8.60000e+01
1.65718e+02 8.60000e+01
1.65909e+02 8.60000e+01
1.66101e+02 8.60000e+01
1.66291e+02 8.60000e+01
1.66483e+02 8.60000e+01
1.66673e+02 8.60000e+01
1.66862e+02 8.60000e+01
1.67053e+02 8.60000e+01
1.67243e+02 8.60000e+01
1.67433e+02 8.60000e+01
1.67626e+02 8.60000e+01
1.67816e+02 8.60000e+01
1.68007e+02 8.60000e+01
1.68196e+02 8.60000e+01
1.68387e+02 8.60000e+01
1.68581e+02 8.60000e+01
1.68770e+02 8.60000e+01
1.68962e+02 8.60000e+01
1.69153e+02 8.60000e+01
1.69343e+02 8.60000e+01
1.69537e+02 8.60000e+01
1.69726e+02 8.60000e+01
1.69918e+02 8.60000e+01
1.70108e+02 8.60000e+01
1.70298e+02 8.60000e+01
1.70491e+02 8.60000e+01
1.70681e+02 8.60000e+01
1.70871e+02 8.60000e+01
1.71063e+02 8.60000e+01
1.71251e+02 8.60000e+01
1.71443e+02 8.60000e+01
1.71636e+02 8.60000e+01
1.71825e+02 8.60000e+01
1.72016e+02 8.60000e+01
1.72207e+02 8.60000e+01
1.72398e+02 8.60000e+01
1.72592e+02 8.60000e+01
1.72784e+02 8.60000e+01
1.72977e+02 8.60000e+01
1.73168e+02 8.60000e+01
1.73356e+02 8.60000e+01
1.73548e+02 8.60000e+01
1.73738e+02 8.60000e+01
1.73929e+02 8.60000e+01
1.74120e+02 8.60000e+01
1.74309e+02 8.60000e+01
1.74503e+02 8.60000e+01
1.74693e+02 8.60000e+01
1.74882e+02 8.60000e+01
1.75072e+02 8.60000e+01
1.75261e+02 8.60000e+01
1.75453e+02 8.60000e+01
1.75643e+02 8.60000e+01
1.75833e+02 8.60000e+01
1.76024e+02 8.60000e+01
1.76213e+02 8.60000e+01
1.76403e+02 8.60000e+01
1.76594e+02 8.60000e+01
1.76784e+02 8.60000e+01
1.76973e+02 8.60000e+01
1.77164e+02 8.60000e+01
1.77353e+02 8.60000e+01
1.77546e+02 8.60000e+01
1.77736e+02 8.60000e+01
1.77926e+02 8.60000e+01
1.78116e+02 8.60000e+01
1.78307e+02 8.60000e+01
1.78500e+02 8.60000e+01
1.78695e+02 8.60000e+01
1.78909e+02 8.60000e+01
1.79103e+02 8.60000e+01
1.79293e+02 8.60000e+01
1.79487e+02 8.60000e+01
1.79679e+02 8.60000e+01
1.79869e+02 8.60000e+01
1.80062e+02 8.60000e+01
1.80252e+02 8.60000e+01
1.80442e+02 8.60000e+01
1.80636e+02 8.60000e+01
1.80826e+02 8.60000e+01
1.81016e+02 8.60000e+01
1.81206e+02 8.60000e+01
1.81396e+02 8.60000e+01
1.81589e+02 8.60000e+01
1.81779e+02 8.60000e+01
1.81969e+02 8.60000e+01
1.82159e+02 8.60000e+01
1.82350e+02 8.60000e+01
1.82542e+02 8.60000e+01
1.82734e+02 8.60000e+01
1.82924e+02 8.60000e+01
1.83116e+02 8.60000e+01
1.83308e+02 8.60000e+01
1.83501e+02 8.60000e+01
1.83692e+02 8.60000e+01
1.83883e+02 8.60000e+01
1.84076e+02 8.60000e+01
1.84266e+02 8.60000e+01
1.84457e+02 8.60000e+01
1.84651e+02 8.60000e+01
1.84841e+02 8.60000e+01
1.85033e+02 8.60000e+01
1.85225e+02 8.60000e+01
1.85416e+02 8.60000e+01
1.85610e+02 8.60000e+01
1.85802e+02 8.60000e+01
1.85994e+02 8.60000e+01
1.86185e+02 8.60000e+01
1.86376e+02 8.60000e+01
1.86570e+02 8.60000e+01
1.86761e+02 8.60000e+01
1.86950e+02 8.60000e+01
1.87140e+02 8.60000e+01
1.87330e+02 8.60000e+01
1.87524e+02 8.60000e+01
1.87715e+02 8.60000e+01
1.87905e+02 8.60000e+01
1.88096e+02 8.60000e+01
1.88287e+02 8.60000e+01
1.88477e+02 8.60000e+01
1.88669e+02 8.60000e+01
1.88860e+02 8.60000e+01
1.89050e+02 8.60000e+01
1.89241e+02 8.60000e+01
1.89432e+02 8.60000e+01
1.89627e+02 8.60000e+01
1.89816e+02 8.60000e+01
1.90009e+02 8.60000e+01
1.90200e+02 8.60000e+01
1.90391e+02 8.60000e+01
1.90583e+02 8.60000e+01
1.90773e+02 8.60000e+01
1.90963e+02 8.60000e+01
1.91154e+02 8.60000e+01
