3.11650e-02 7.08000e+02
2.25789e-01 4.98000e+02
4.21715e-01 4.01000e+02
6.16346e-01 3.19000e+02
8.10281e-01 2.82000e+02
1.00115e+00 2.75000e+02
1.19422e+00 2.40000e+02
1.38596e+00 2.18000e+02
1.58119e+00 1.52000e+02
1.77281e+00 1.66000e+02
1.96453e+00 1.73000e+02
2.15686e+00 1.87000e+02
2.35038e+00 1.88000e+02
2.54581e+00 1.87000e+02
2.73692e+00 1.89000e+02
2.94210e+00 1.59000e+02
3.15674e+00 1.78000e+02
3.35171e+00 1.82000e+02
3.54712e+00 1.71000e+02
3.73786e+00 2.21000e+02
3.93042e+00 2.21000e+02
4.12182e+00 2.12000e+02
4.31415e+00 1.80000e+02
4.50670e+00 1.80000e+02
4.69942e+00 1.38000e+02
4.89111e+00 1.06000e+02
5.08146e+00 1.60000e+02
5.27099e+00 1.84000e+02
5.46429e+00 1.74000e+02
5.65546e+00 1.58000e+02
5.84430e+00 1.28000e+02
6.03403e+00 1.24000e+02
6.22492e+00 1.30000e+02
6.41617e+00 1.38000e+02
6.60940e+00 1.31000e+02
6.80051e+00 1.49000e+02
6.98945e+00 1.40000e+02
7.17930e+00 1.53000e+02
7.37051e+00 1.35000e+02
7.56456e+00 1.58000e+02
7.75554e+00 1.35000e+02
7.94647e+00 1.54000e+02
8.13668e+00 1.67000e+02
8.32690e+00 1.71000e+02
8.51849e+00 1.53000e+02
8.70945e+00 1.60000e+02
8.90050e+00 1.64000e+02
9.09170e+00 1.68000e+02
9.28279e+00 1.59000e+02
9.47652e+00 1.66000e+02
9.66761e+00 2.03000e+02
9.85956e+00 1.95000e+02
1.00508e+01 2.61000e+02
1.02419e+01 2.48000e+02
1.04340e+01 2.11000e+02
1.06266e+01 2.08000e+02
1.08184e+01 1.85000e+02
1.10084e+01 1.63000e+02
1.11984e+01 1.88000e+02
1.13892e+01 2.45000e+02
1.15833e+01 1.91000e+02
1.17742e+01 1.88000e+02
1.19654e+01 1.54000e+02
1.21551e+01 1.32000e+02
1.23463e+01 1.23000e+02
1.25411e+01 1.25000e+02
1.27316e+01 1.55000e+02
1.29223e+01 1.19000e+02
1.31121e+01 1.14000e+02
1.33043e+01 1.00000e+02
1.34977e+01 9.10000e+01
1.36892e+01 8.60000e+01
1.38803e+01 8.50000e+01
1.40712e+01 1.07000e+02
1.42626e+01 1.31000e+02
1.44555e+01 1.15000e+02
1.46460e+01 1.22000e+02
1.48361e+01 1.21000e+02
1.50247e+01 1.11000e+02
1.52144e+01 1.13000e+02
1.54045e+01 1.02000e+02
1.55958e+01 9.20000e+01
1.57858e+01 8.60000e+01
1.59757e+01 9.00000e+01
1.61656e+01 9.40000e+01
1.63551e+01 9.00000e+01
1.65477e+01 8.70000e+01
1.67379e+01 1.01000e+02
1.69276e+01 9.80000e+01
1.71183e+01 9.30000e+01
1.73100e+01 1.01000e+02
1.75018e+01 9.50000e+01
1.76921e+01 9.50000e+01
1.78896e+01 1.29000e+02
1.81014e+01 1.00000e+02
1.82935e+01 1.18000e+02
1.84866e+01 1.32000e+02
1.86772e+01 1.10000e+02
1.88675e+01 1.33000e+02
1.90581e+01 1.33000e+02
1.92489e+01 1.58000e+02
1.94413e+01 1.65000e+02
1.96337e+01 1.71000e+02
1.98263e+01 1.62000e+02
2.00174e+01 1.54000e+02
2.02080e+01 1.43000e+02
2.04002e+01 1.19000e+02
2.05938e+01 1.26000e+02
2.07846e+01 1.51000e+02
2.09735e+01 1.26000e+02
2.11646e+01 1.41000e+02
2.13565e+01 1.48000e+02
2.15496e+01 1.35000e+02
2.17398e+01 1.62000e+02
2.19300e+01 1.44000e+02
2.21203e+01 1.44000e+02
2.23104e+01 1.36000e+02
2.25054e+01 1.31000e+02
2.26940e+01 1.16000e+02
2.28843e+01 1.67000e+02
2.30746e+01 1.35000e+02
2.32653e+01 1.07000e+02
2.34574e+01 1.17000e+02
2.36473e+01 1.30000e+02
2.38372e+01 8.70000e+01
2.40275e+01 9.10000e+01
2.42176e+01 9.50000e+01
2.44079e+01 8.20000e+01
2.46016e+01 9.10000e+01
2.47917e+01 8.60000e+01
2.49824e+01 9.20000e+01
2.51729e+01 1.04000e+02
2.53636e+01 1.09000e+02
2.55561e+01 1.22000e+02
2.57452e+01 9.10000e+01
2.59344e+01 6.80000e+01
2.61236e+01 6.00000e+01
2.63134e+01 6.00000e+01
2.65050e+01 6.00000e+01
2.66941e+01 6.00000e+01
2.68834e+01 6.00000e+01
2.70732e+01 6.00000e+01
2.72618e+01 6.00000e+01
2.74531e+01 6.00000e+01
2.76452e+01 6.00000e+01
2.78347e+01 6.00000e+01
2.80241e+01 6.00000e+01
2.82125e+01 6.00000e+01
2.84004e+01 6.00000e+01
2.85922e+01 6.00000e+01
2.87808e+01 6.00000e+01
2.89698e+01 6.00000e+01
2.91589e+01 6.00000e+01
2.93474e+01 6.00000e+01
2.95387e+01 6.00000e+01
2.97272e+01 6.00000e+01
2.99162e+01 6.00000e+01
3.01057e+01 6.00000e+01
3.02962e+01 6.00000e+01
3.04885e+01 6.00000e+01
3.06783e+01 6.00000e+01
3.08689e+01 6.00000e+01
3.10580e+01 6.00000e+01
3.12470e+01 6.00000e+01
3.14369e+01 6.00000e+01
3.16298e+01 6.00000e+01
3.18190e+01 6.00000e+01
3.20075e+01 6.00000e+01
3.21965e+01 6.00000e+01
3.23869e+01 6.00000e+01
3.25780e+01 6.00000e+01
3.27668e+01 6.00000e+01
3.29738e+01 6.00000e+01
3.31801e+01 6.00000e+01
3.33702e+01 6.00000e+01
3.35630e+01 6.00000e+01
3.37518e+01 6.00000e+01
3.39415e+01 6.00000e+01
3.41300e+01 6.00000e+01
3.43196e+01 6.00000e+01
3.45114e+01 6.00000e+01
3.46994e+01 6.00000e+01
3.48893e+01 6.00000e+01
3.50759e+01 6.00000e+01
3.52639e+01 6.00000e+01
3.54512e+01 6.00000e+01
3.56409e+01 6.00000e+01
3.58299e+01 6.00000e+01
3.60203e+01 6.00000e+01
3.62113e+01 6.00000e+01
3.64023e+01 6.00000e+01
3.65958e+01 6.00000e+01
3.67834e+01 6.00000e+01
3.69715e+01 6.00000e+01
3.71589e+01 6.00000e+01
3.73477e+01 6.00000e+01
3.75510e+01 6.00000e+01
3.77391e+01 6.00000e+01
3.79265e+01 6.00000e+01
3.81147e+01 6.00000e+01
3.83014e+01 6.00000e+01
3.84947e+01 6.00000e+01
3.86848e+01 6.00000e+01
3.88739e+01 6.00000e+01
3.90632e+01 6.00000e+01
3.92518e+01 6.00000e+01
3.94409e+01 6.00000e+01
3.96317e+01 6.00000e+01
3.98193e+01 6.00000e+01
4.00075e+01 6.00000e+01
4.01958e+01 6.00000e+01
4.03856e+01 6.00000e+01
4.05781e+01 6.00000e+01
4.07683e+01 6.00000e+01
4.09576e+01 6.00000e+01
4.11461e+01 6.00000e+01
4.13343e+01 6.00000e+01
4.15253e+01 6.00000e+01
4.17133e+01 6.00000e+01
4.19026e+01 6.00000e+01
4.20914e+01 6.00000e+01
4.22797e+01 6.00000e+01
4.24682e+01 6.00000e+01
4.26588e+01 6.00000e+01
4.28475e+01 6.00000e+01
4.30353e+01 6.00000e+01
4.32222e+01 6.00000e+01
4.34101e+01 6.00000e+01
4.36026e+01 6.00000e+01
4.37904e+01 6.00000e+01
4.39788e+01 6.00000e+01
4.41668e+01 6.00000e+01
4.43544e+01 6.00000e+01
4.45464e+01 6.00000e+01
4.47339e+01 6.00000e+01
4.49222e+01 6.00000e+01
4.51154e+01 6.00000e+01
4.53048e+01 6.00000e+01
4.54968e+01 6.00000e+01
4.56858e+01 6.00000e+01
4.58753e+01 6.00000e+01
4.60666e+01 6.00000e+01
4.62575e+01 6.00000e+01
4.64480e+01 6.00000e+01
4.66398e+01 6.00000e+01
4.68295e+01 6.00000e+01
4.70201e+01 6.00000e+01
4.72094e+01 6.00000e+01
4.73988e+01 6.00000e+01
4.75904e+01 6.00000e+01
4.77790e+01 6.00000e+01
4.79852e+01 6.00000e+01
4.81818e+01 6.00000e+01
4.83706e+01 6.00000e+01
4.85646e+01 6.00000e+01
4.87529e+01 6.00000e+01
4.89408e+01 6.00000e+01
4.91287e+01 6.00000e+01
4.93159e+01 6.00000e+01
4.95069e+01 6.00000e+01
4.96961e+01 6.00000e+01
4.98839e+01 6.00000e+01
5.00753e+01 6.00000e+01
5.02637e+01 6.00000e+01
5.04529e+01 6.00000e+01
5.06448e+01 6.00000e+01
5.08327e+01 6.00000e+01
5.10211e+01 6.00000e+01
5.12085e+01 6.00000e+01
5.13975e+01 6.00000e+01
5.15884e+01 6.00000e+01
5.17790e+01 6.00000e+01
5.19687e+01 6.00000e+01
5.21578e+01 6.00000e+01
5.23466e+01 6.00000e+01
5.25396e+01 6.00000e+01
5.27287e+01 6.00000e+01
5.29170e+01 6.00000e+01
5.31059e+01 6.00000e+01
5.32941e+01 6.00000e+01
5.34829e+01 6.00000e+01
5.36739e+01 6.00000e+01
5.38622e+01 6.00000e+01
5.40519e+01 6.00000e+01
5.42412e+01 6.00000e+01
5.44304e+01 6.00000e+01
5.46238e+01 6.00000e+01
5.48132e+01 6.00000e+01
5.50029e+01 6.00000e+01
5.51912e+01 6.00000e+01
5.53811e+01 6.00000e+01
5.55731e+01 6.00000e+01
5.57615e+01 6.00000e+01
5.59511e+01 6.00000e+01
5.61408e+01 6.00000e+01
5.63294e+01 6.00000e+01
5.65225e+01 6.00000e+01
5.67118e+01 6.00000e+01
5.69013e+01 6.00000e+01
5.70907e+01 6.00000e+01
5.72793e+01 6.00000e+01
5.74683e+01 6.00000e+01
5.76600e+01 6.00000e+01
5.78482e+01 6.00000e+01
5.80370e+01 6.00000e+01
5.82257e+01 6.00000e+01
5.84141e+01 6.00000e+01
5.86064e+01 6.00000e+01
5.87960e+01 6.00000e+01
5.89870e+01 6.00000e+01
5.91765e+01 6.00000e+01
5.93672e+01 6.00000e+01
5.95600e+01 6.00000e+01
5.97485e+01 6.00000e+01
5.99374e+01 6.00000e+01
6.01274e+01 6.00000e+01
6.03159e+01 6.00000e+01
6.05068e+01 6.00000e+01
6.06989e+01 6.00000e+01
6.08889e+01 6.00000e+01
6.10782e+01 6.00000e+01
6.12680e+01 6.00000e+01
6.14575e+01 6.00000e+01
6.16499e+01 6.00000e+01
6.18389e+01 6.00000e+01
6.20286e+01 6.00000e+01
6.22197e+01 6.00000e+01
6.24083e+01 6.00000e+01
6.26010e+01 6.00000e+01
6.27887e+01 6.00000e+01
6.29981e+01 6.00000e+01
6.31932e+01 6.00000e+01
6.33817e+01 6.00000e+01
6.35730e+01 6.00000e+01
6.37607e+01 6.00000e+01
6.39487e+01 6.00000e+01
6.41367e+01 6.00000e+01
6.43248e+01 6.00000e+01
6.45143e+01 6.00000e+01
6.47064e+01 6.00000e+01
6.48951e+01 6.00000e+01
6.50843e+01 6.00000e+01
6.52733e+01 6.00000e+01
6.54629e+01 6.00000e+01
6.56554e+01 6.00000e+01
6.58446e+01 6.00000e+01
6.60348e+01 6.00000e+01
6.62234e+01 6.00000e+01
6.64123e+01 6.00000e+01
6.66068e+01 6.00000e+01
6.67962e+01 6.00000e+01
6.69858e+01 6.00000e+01
6.71740e+01 6.00000e+01
6.73631e+01 6.00000e+01
6.75561e+01 6.00000e+01
6.77458e+01 6.00000e+01
6.79335e+01 6.00000e+01
6.81250e+01 6.00000e+01
6.83138e+01 6.00000e+01
6.85046e+01 6.00000e+01
6.86980e+01 6.00000e+01
6.88864e+01 6.00000e+01
6.90763e+01 6.00000e+01
6.92650e+01 6.00000e+01
6.94547e+01 6.00000e+01
6.96471e+01 6.00000e+01
6.98360e+01 6.00000e+01
7.00263e+01 6.00000e+01
7.02158e+01 6.00000e+01
7.04056e+01 6.00000e+01
7.05976e+01 6.00000e+01
7.07882e+01 6.00000e+01
7.09771e+01 6.00000e+01
7.11667e+01 6.00000e+01
7.13551e+01 6.00000e+01
7.15457e+01 6.00000e+01
7.17339e+01 6.00000e+01
7.19237e+01 6.00000e+01
7.21135e+01 6.00000e+01
7.23027e+01 6.00000e+01
7.24915e+01 6.00000e+01
7.26842e+01 6.00000e+01
7.28730e+01 6.00000e+01
7.30637e+01 6.00000e+01
7.32539e+01 6.00000e+01
7.34430e+01 6.00000e+01
7.36362e+01 6.00000e+01
7.38261e+01 6.00000e+01
7.40150e+01 6.00000e+01
7.42035e+01 6.00000e+01
7.43909e+01 6.00000e+01
7.45829e+01 6.00000e+01
7.47729e+01 6.00000e+01
7.49620e+01 6.00000e+01
7.51501e+01 6.00000e+01
7.53393e+01 6.00000e+01
7.55292e+01 6.00000e+01
7.57198e+01 6.00000e+01
7.59080e+01 6.00000e+01
7.60968e+01 6.00000e+01
7.62858e+01 6.00000e+01
7.64750e+01 6.00000e+01
7.66680e+01 6.00000e+01
7.68580e+01 6.00000e+01
7.70470e+01 6.00000e+01
7.72347e+01 6.00000e+01
7.74228e+01 6.00000e+01
7.76148e+01 6.00000e+01
7.78026e+01 6.00000e+01
7.80106e+01 6.00000e+01
7.82089e+01 6.00000e+01
7.83993e+01 6.00000e+01
7.85914e+01 6.00000e+01
7.87805e+01 6.00000e+01
7.89693e+01 6.00000e+01
7.91586e+01 6.00000e+01
7.93475e+01 6.00000e+01
7.95375e+01 6.00000e+01
7.97276e+01 6.00000e+01
7.99173e+01 6.00000e+01
8.01066e+01 6.00000e+01
8.02941e+01 6.00000e+01
8.04828e+01 6.00000e+01
8.06740e+01 6.00000e+01
8.08614e+01 6.00000e+01
8.10500e+01 6.00000e+01
8.12390e+01 6.00000e+01
8.14280e+01 6.00000e+01
8.16230e+01 6.00000e+01
8.18120e+01 6.00000e+01
8.20007e+01 6.00000e+01
8.21906e+01 6.00000e+01
8.23807e+01 6.00000e+01
8.25734e+01 6.00000e+01
8.27626e+01 6.00000e+01
8.29505e+01 6.00000e+01
8.31383e+01 6.00000e+01
8.33270e+01 6.00000e+01
8.35154e+01 6.00000e+01
8.37075e+01 6.00000e+01
8.38940e+01 6.00000e+01
8.40825e+01 6.00000e+01
8.42721e+01 6.00000e+01
8.44612e+01 6.00000e+01
8.46533e+01 6.00000e+01
8.48423e+01 6.00000e+01
8.50315e+01 6.00000e+01
8.52213e+01 6.00000e+01
8.54097e+01 6.00000e+01
8.56032e+01 6.00000e+01
8.57917e+01 6.00000e+01
8.59818e+01 6.00000e+01
8.61725e+01 6.00000e+01
8.63612e+01 6.00000e+01
8.65523e+01 6.00000e+01
8.67427e+01 6.00000e+01
8.69313e+01 6.00000e+01
8.71200e+01 6.00000e+01
8.73076e+01 6.00000e+01
8.74956e+01 6.00000e+01
8.76881e+01 6.00000e+01
8.78776e+01 6.00000e+01
8.80673e+01 6.00000e+01
8.82555e+01 6.00000e+01
8.84440e+01 6.00000e+01
8.86371e+01 6.00000e+01
8.88244e+01 6.00000e+01
8.90113e+01 6.00000e+01
8.91995e+01 6.00000e+01
8.93872e+01 6.00000e+01
8.95787e+01 6.00000e+01
8.97660e+01 6.00000e+01
8.99533e+01 6.00000e+01
9.01427e+01 6.00000e+01
9.03304e+01 6.00000e+01
9.05181e+01 6.00000e+01
9.07099e+01 6.00000e+01
9.08979e+01 6.00000e+01
9.10860e+01 6.00000e+01
9.12742e+01 6.00000e+01
9.14630e+01 6.00000e+01
9.16554e+01 6.00000e+01
9.18444e+01 6.00000e+01
9.20341e+01 6.00000e+01
9.22242e+01 6.00000e+01
9.24140e+01 6.00000e+01
9.26068e+01 6.00000e+01
9.27966e+01 6.00000e+01
9.30046e+01 6.00000e+01
9.31982e+01 6.00000e+01
9.33881e+01 6.00000e+01
9.35798e+01 6.00000e+01
9.37692e+01 6.00000e+01
9.39589e+01 6.00000e+01
9.41487e+01 6.00000e+01
9.43377e+01 6.00000e+01
9.45264e+01 6.00000e+01
9.47210e+01 6.00000e+01
9.49102e+01 6.00000e+01
9.51006e+01 6.00000e+01
9.52905e+01 6.00000e+01
9.54804e+01 6.00000e+01
9.56726e+01 6.00000e+01
9.58626e+01 6.00000e+01
9.60512e+01 6.00000e+01
9.62396e+01 6.00000e+01
9.64293e+01 6.00000e+01
9.66223e+01 6.00000e+01
9.68118e+01 6.00000e+01
9.69999e+01 6.00000e+01
9.71883e+01 6.00000e+01
9.73775e+01 6.00000e+01
9.75703e+01 6.00000e+01
9.77592e+01 6.00000e+01
9.79468e+01 6.00000e+01
9.81367e+01 6.00000e+01
9.83244e+01 6.00000e+01
9.85139e+01 6.00000e+01
9.87061e+01 6.00000e+01
9.88952e+01 6.00000e+01
9.90841e+01 6.00000e+01
9.92731e+01 6.00000e+01
9.94629e+01 6.00000e+01
9.96541e+01 6.00000e+01
9.98417e+01 6.00000e+01
1.00030e+02 6.00000e+01
1.00220e+02 6.00000e+01
1.00409e+02 6.00000e+01
1.00601e+02 6.00000e+01
1.00790e+02 6.00000e+01
1.00979e+02 6.00000e+01
1.01168e+02 6.00000e+01
1.01357e+02 6.00000e+01
1.01546e+02 6.00000e+01
1.01738e+02 6.00000e+01
1.01927e+02 6.00000e+01
1.02117e+02 6.00000e+01
1.02305e+02 6.00000e+01
1.02494e+02 6.00000e+01
1.02684e+02 6.00000e+01
1.02874e+02 6.00000e+01
1.03062e+02 6.00000e+01
1.03252e+02 6.00000e+01
1.03440e+02 6.00000e+01
1.03630e+02 6.00000e+01
1.03818e+02 6.00000e+01
1.04007e+02 6.00000e+01
1.04202e+02 6.00000e+01
1.04391e+02 6.00000e+01
1.04586e+02 6.00000e+01
1.04779e+02 6.00000e+01
1.04970e+02 6.00000e+01
1.05159e+02 6.00000e+01
1.05350e+02 6.00000e+01
1.05539e+02 6.00000e+01
1.05730e+02 6.00000e+01
1.05919e+02 6.00000e+01
1.06108e+02 6.00000e+01
1.06298e+02 6.00000e+01
1.06487e+02 6.00000e+01
1.06679e+02 6.00000e+01
1.06867e+02 6.00000e+01
1.07055e+02 6.00000e+01
1.07244e+02 6.00000e+01
1.07432e+02 6.00000e+01
1.07624e+02 6.00000e+01
1.07812e+02 6.00000e+01
1.08024e+02 6.00000e+01
1.08229e+02 6.00000e+01
1.08422e+02 6.00000e+01
1.08615e+02 6.00000e+01
1.08805e+02 6.00000e+01
1.08994e+02 6.00000e+01
1.09182e+02 6.00000e+01
1.09371e+02 6.00000e+01
1.09558e+02 6.00000e+01
1.09749e+02 6.00000e+01
1.09937e+02 6.00000e+01
1.10127e+02 6.00000e+01
1.10315e+02 6.00000e+01
1.10503e+02 6.00000e+01
1.10694e+02 6.00000e+01
1.10883e+02 6.00000e+01
1.11070e+02 6.00000e+01
1.11258e+02 6.00000e+01
1.11446e+02 6.00000e+01
1.11637e+02 6.00000e+01
1.11825e+02 6.00000e+01
1.12013e+02 6.00000e+01
1.12201e+02 6.00000e+01
1.12390e+02 6.00000e+01
1.12579e+02 6.00000e+01
1.12770e+02 6.00000e+01
1.12960e+02 6.00000e+01
1.13149e+02 6.00000e+01
1.13339e+02 6.00000e+01
1.13527e+02 6.00000e+01
1.13719e+02 6.00000e+01
1.13908e+02 6.00000e+01
1.14098e+02 6.00000e+01
1.14287e+02 6.00000e+01
1.14476e+02 6.00000e+01
1.14670e+02 6.00000e+01
1.14858e+02 6.00000e+01
1.15046e+02 6.00000e+01
1.15234e+02 6.00000e+01
1.15422e+02 6.00000e+01
1.15612e+02 6.00000e+01
1.15800e+02 6.00000e+01
1.15988e+02 6.00000e+01
1.16178e+02 6.00000e+01
1.16367e+02 6.00000e+01
1.16555e+02 6.00000e+01
1.16747e+02 6.00000e+01
1.16937e+02 6.00000e+01
1.17126e+02 6.00000e+01
1.17315e+02 6.00000e+01
1.17504e+02 6.00000e+01
1.17695e+02 6.00000e+01
1.17883e+02 6.00000e+01
1.18072e+02 6.00000e+01
1.18261e+02 6.00000e+01
1.18448e+02 6.00000e+01
1.18639e+02 6.00000e+01
1.18827e+02 6.00000e+01
1.19015e+02 6.00000e+01
1.19204e+02 6.00000e+01
1.19392e+02 6.00000e+01
1.19581e+02 6.00000e+01
1.19774e+02 6.00000e+01
1.19963e+02 6.00000e+01
1.20152e+02 6.00000e+01
1.20340e+02 6.00000e+01
1.20529e+02 6.00000e+01
1.20721e+02 6.00000e+01
1.20910e+02 6.00000e+01
1.21098e+02 6.00000e+01
1.21288e+02 6.00000e+01
1.21477e+02 6.00000e+01
1.21667e+02 6.00000e+01
1.21856e+02 6.00000e+01
1.22044e+02 6.00000e+01
1.22233e+02 6.00000e+01
1.22423e+02 6.00000e+01
1.22614e+02 6.00000e+01
1.22805e+02 6.00000e+01
1.23013e+02 6.00000e+01
1.23205e+02 6.00000e+01
1.23394e+02 6.00000e+01
1.23584e+02 6.00000e+01
1.23776e+02 6.00000e+01
1.23966e+02 6.00000e+01
1.24156e+02 6.00000e+01
1.24347e+02 6.00000e+01
1.24536e+02 6.00000e+01
1.24729e+02 6.00000e+01
1.24918e+02 6.00000e+01
1.25108e+02 6.00000e+01
1.25297e+02 6.00000e+01
1.25486e+02 6.00000e+01
1.25678e+02 6.00000e+01
1.25867e+02 6.00000e+01
1.26056e+02 6.00000e+01
1.26246e+02 6.00000e+01
1.26435e+02 6.00000e+01
1.26627e+02 6.00000e+01
1.26816e+02 6.00000e+01
1.27004e+02 6.00000e+01
1.27193e+02 6.00000e+01
1.27386e+02 6.00000e+01
1.27583e+02 6.00000e+01
1.27776e+02 6.00000e+01
1.27964e+02 6.00000e+01
1.28153e+02 6.00000e+01
1.28342e+02 6.00000e+01
1.28532e+02 6.00000e+01
1.28723e+02 6.00000e+01
1.28911e+02 6.00000e+01
1.29101e+02 6.00000e+01
1.29292e+02 6.00000e+01
1.29481e+02 6.00000e+01
1.29674e+02 6.00000e+01
1.29863e+02 6.00000e+01
1.30052e+02 6.00000e+01
1.30242e+02 6.00000e+01
1.30429e+02 6.00000e+01
1.30619e+02 6.00000e+01
1.30810e+02 6.00000e+01
1.30998e+02 6.00000e+01
1.31187e+02 6.00000e+01
1.31377e+02 6.00000e+01
1.31565e+02 6.00000e+01
1.31757e+02 6.00000e+01
1.31947e+02 6.00000e+01
1.32138e+02 6.00000e+01
1.32327e+02 6.00000e+01
1.32516e+02 6.00000e+01
1.32709e+02 6.00000e+01
1.32898e+02 6.00000e+01
1.33086e+02 6.00000e+01
1.33276e+02 6.00000e+01
1.33465e+02 6.00000e+01
1.33657e+02 6.00000e+01
1.33846e+02 6.00000e+01
1.34037e+02 6.00000e+01
1.34229e+02 6.00000e+01
1.34418e+02 6.00000e+01
1.34610e+02 6.00000e+01
1.34801e+02 6.00000e+01
1.34991e+02 6.00000e+01
1.35181e+02 6.00000e+01
1.35370e+02 6.00000e+01
1.35558e+02 6.00000e+01
1.35749e+02 6.00000e+01
1.35937e+02 6.00000e+01
1.36126e+02 6.00000e+01
1.36317e+02 6.00000e+01
1.36506e+02 6.00000e+01
1.36698e+02 6.00000e+01
1.36887e+02 6.00000e+01
1.37076e+02 6.00000e+01
1.37265e+02 6.00000e+01
1.37455e+02 6.00000e+01
1.37646e+02 6.00000e+01
1.37834e+02 6.00000e+01
1.38046e+02 6.00000e+01
1.38240e+02 6.00000e+01
1.38430e+02 6.00000e+01
1.38619e+02 6.00000e+01
1.38812e+02 6.00000e+01
1.39001e+02 6.00000e+01
1.39191e+02 6.00000e+01
1.39380e+02 6.00000e+01
1.39569e+02 6.00000e+01
1.39763e+02 6.00000e+01
1.39954e+02 6.00000e+01
1.40144e+02 6.00000e+01
1.40335e+02 6.00000e+01
1.40526e+02 6.00000e+01
1.40718e+02 6.00000e+01
1.40909e+02 6.00000e+01
1.41099e+02 6.00000e+01
1.41288e+02 6.00000e+01
1.41479e+02 6.00000e+01
1.41672e+02 6.00000e+01
1.41862e+02 6.00000e+01
1.42051e+02 6.00000e+01
1.42240e+02 6.00000e+01
1.42431e+02 6.00000e+01
1.42622e+02 6.00000e+01
1.42815e+02 6.00000e+01
1.43005e+02 6.00000e+01
1.43195e+02 6.00000e+01
1.43385e+02 6.00000e+01
1.43575e+02 6.00000e+01
1.43768e+02 6.00000e+01
1.43958e+02 6.00000e+01
1.44149e+02 6.00000e+01
1.44339e+02 6.00000e+01
1.44529e+02 6.00000e+01
1.44721e+02 6.00000e+01
1.44912e+02 6.00000e+01
1.45103e+02 6.00000e+01
1.45295e+02 6.00000e+01
1.45484e+02 6.00000e+01
1.45678e+02 6.00000e+01
1.45868e+02 6.00000e+01
1.46058e+02 6.00000e+01
1.46248e+02 6.00000e+01
1.46437e+02 6.00000e+01
1.46627e+02 6.00000e+01
1.46819e+02 6.00000e+01
1.47007e+02 6.00000e+01
1.47195e+02 6.00000e+01
1.47385e+02 6.00000e+01
1.47574e+02 6.00000e+01
1.47768e+02 6.00000e+01
1.47958e+02 6.00000e+01
1.48147e+02 6.00000e+01
1.48338e+02 6.00000e+01
1.48526e+02 6.00000e+01
1.48719e+02 6.00000e+01
1.48910e+02 6.00000e+01
1.49100e+02 6.00000e+01
1.49290e+02 6.00000e+01
1.49479e+02 6.00000e+01
1.49671e+02 6.00000e+01
1.49861e+02 6.00000e+01
1.50052e+02 6.00000e+01
1.50242e+02 6.00000e+01
1.50434e+02 6.00000e+01
1.50624e+02 6.00000e+01
1.50819e+02 6.00000e+01
1.51012e+02 6.00000e+01
1.51203e+02 6.00000e+01
1.51392e+02 6.00000e+01
1.51579e+02 6.00000e+01
1.51773e+02 6.00000e+01
1.51961e+02 6.00000e+01
1.52151e+02 6.00000e+01
1.52341e+02 6.00000e+01
1.52532e+02 6.00000e+01
1.52723e+02 6.00000e+01
1.52929e+02 6.00000e+01
1.53127e+02 6.00000e+01
1.53317e+02 6.00000e+01
1.53508e+02 6.00000e+01
1.53702e+02 6.00000e+01
1.53891e+02 6.00000e+01
1.54082e+02 6.00000e+01
1.54273e+02 6.00000e+01
1.54465e+02 6.00000e+01
1.54658e+02 6.00000e+01
1.54848e+02 6.00000e+01
1.55039e+02 6.00000e+01
1.55229e+02 6.00000e+01
1.55419e+02 6.00000e+01
1.55609e+02 6.00000e+01
1.55801e+02 6.00000e+01
1.55991e+02 6.00000e+01
1.56181e+02 6.00000e+01
1.56372e+02 6.00000e+01
1.56563e+02 6.00000e+01
1.56757e+02 6.00000e+01
1.56947e+02 6.00000e+01
1.57137e+02 6.00000e+01
1.57327e+02 6.00000e+01
1.57519e+02 6.00000e+01
1.57711e+02 6.00000e+01
1.57901e+02 6.00000e+01
1.58092e+02 6.00000e+01
1.58282e+02 6.00000e+01
1.58472e+02 6.00000e+01
1.58665e+02 6.00000e+01
1.58855e+02 6.00000e+01
1.59044e+02 6.00000e+01
1.59233e+02 6.00000e+01
1.59423e+02 6.00000e+01
1.59612e+02 6.00000e+01
1.59805e+02 6.00000e+01
1.59995e+02 6.00000e+01
1.60184e+02 6.00000e+01
1.60375e+02 6.00000e+01
1.60564e+02 6.00000e+01
1.60757e+02 6.00000e+01
1.60947e+02 6.00000e+01
1.61134e+02 6.00000e+01
1.61322e+02 6.00000e+01
1.61511e+02 6.00000e+01
1.61703e+02 6.00000e+01
1.61893e+02 6.00000e+01
1.62082e+02 6.00000e+01
1.62272e+02 6.00000e+01
1.62463e+02 6.00000e+01
1.62651e+02 6.00000e+01
1.62842e+02 6.00000e+01
1.63029e+02 6.00000e+01
1.63217e+02 6.00000e+01
1.63407e+02 6.00000e+01
1.63595e+02 6.00000e+01
1.63788e+02 6.00000e+01
1.63978e+02 6.00000e+01
1.64169e+02 6.00000e+01
1.64363e+02 6.00000e+01
1.64554e+02 6.00000e+01
1.64745e+02 6.00000e+01
1.64934e+02 6.00000e+01
1.65123e+02 6.00000e+01
1.65311e+02 6.00000e+01
1.65501e+02 6.00000e+01
1.65692e+02 6.00000e+01
1.65880e+02 6.00000e+01
1.66070e+02 6.00000e+01
1.66259e+02 6.00000e+01
1.66448e+02 6.00000e+01
1.66636e+02 6.00000e+01
1.66827e+02 6.00000e+01
1.67015e+02 6.00000e+01
1.67204e+02 6.00000e+01
1.67394e+02 6.00000e+01
1.67581e+02 6.00000e+01
1.67773e+02 6.00000e+01
1.67978e+02 6.00000e+01
1.68181e+02 6.00000e+01
1.68372e+02 6.00000e+01
1.68560e+02 6.00000e+01
1.68753e+02 6.00000e+01
1.68944e+02 6.00000e+01
1.69134e+02 6.00000e+01
1.69323e+02 6.00000e+01
1.69513e+02 6.00000e+01
1.69705e+02 6.00000e+01
1.69893e+02 6.00000e+01
1.70083e+02 6.00000e+01
1.70273e+02 6.00000e+01
1.70463e+02 6.00000e+01
1.70652e+02 6.00000e+01
1.70844e+02 6.00000e+01
1.71033e+02 6.00000e+01
1.71224e+02 6.00000e+01
1.71412e+02 6.00000e+01
1.71601e+02 6.00000e+01
1.71792e+02 6.00000e+01
1.71981e+02 6.00000e+01
1.72171e+02 6.00000e+01
1.72359e+02 6.00000e+01
1.72549e+02 6.00000e+01
1.72740e+02 6.00000e+01
1.72930e+02 6.00000e+01
1.73118e+02 6.00000e+01
1.73306e+02 6.00000e+01
1.73496e+02 6.00000e+01
1.73687e+02 6.00000e+01
1.73875e+02 6.00000e+01
1.74062e+02 6.00000e+01
1.74251e+02 6.00000e+01
1.74441e+02 6.00000e+01
1.74630e+02 6.00000e+01
1.74822e+02 6.00000e+01
1.75012e+02 6.00000e+01
1.75202e+02 6.00000e+01
1.75391e+02 6.00000e+01
1.75579e+02 6.00000e+01
1.75772e+02 6.00000e+01
1.75960e+02 6.00000e+01
1.76149e+02 6.00000e+01
1.76338e+02 6.00000e+01
1.76526e+02 6.00000e+01
1.76718e+02 6.00000e+01
1.76906e+02 6.00000e+01
1.77094e+02 6.00000e+01
1.77282e+02 6.00000e+01
1.77472e+02 6.00000e+01
1.77660e+02 6.00000e+01
1.77852e+02 6.00000e+01
1.78041e+02 6.00000e+01
1.78230e+02 6.00000e+01
1.78419e+02 6.00000e+01
1.78608e+02 6.00000e+01
1.78798e+02 6.00000e+01
1.78987e+02 6.00000e+01
1.79176e+02 6.00000e+01
1.79365e+02 6.00000e+01
1.79555e+02 6.00000e+01
1.79749e+02 6.00000e+01
1.79938e+02 6.00000e+01
1.80126e+02 6.00000e+01
1.80315e+02 6.00000e+01
1.80504e+02 6.00000e+01
1.80695e+02 6.00000e+01
1.80884e+02 6.00000e+01
1.81074e+02 6.00000e+01
1.81262e+02 6.00000e+01
1.81452e+02 6.00000e+01
1.81641e+02 6.00000e+01
1.81833e+02 6.00000e+01
1.82022e+02 6.00000e+01
1.82210e+02 6.00000e+01
1.82401e+02 6.00000e+01
1.82590e+02 6.00000e+01
1.82783e+02 6.00000e+01
1.82992e+02 6.00000e+01
1.83201e+02 6.00000e+01
1.83399e+02 6.00000e+01
1.83586e+02 6.00000e+01
1.83777e+02 6.00000e+01
1.83964e+02 6.00000e+01
1.84153e+02 6.00000e+01
1.84342e+02 6.00000e+01
1.84532e+02 6.00000e+01
1.84724e+02 6.00000e+01
1.84913e+02 6.00000e+01
1.85102e+02 6.00000e+01
1.85290e+02 6.00000e+01
1.85480e+02 6.00000e+01
1.85668e+02 6.00000e+01
1.85858e+02 6.00000e+01
1.86047e+02 6.00000e+01
1.86236e+02 6.00000e+01
1.86425e+02 6.00000e+01
1.86613e+02 6.00000e+01
1.86803e+02 6.00000e+01
1.86990e+02 6.00000e+01
1.87177e+02 6.00000e+01
1.87365e+02 6.00000e+01
1.87564e+02 6.00000e+01
1.87755e+02 6.00000e+01
1.87944e+02 6.00000e+01
1.88132e+02 6.00000e+01
1.88321e+02 6.00000e+01
1.88510e+02 6.00000e+01
1.88697e+02 6.00000e+01
1.88889e+02 6.00000e+01
1.89081e+02 6.00000e+01
1.89270e+02 6.00000e+01
1.89460e+02 6.00000e+01
1.89648e+02 6.00000e+01
1.89840e+02 6.00000e+01
1.90031e+02 6.00000e+01
1.90220e+02 6.00000e+01
