2.02120e-02 6.51000e+02
2.15467e-01 4.42000e+02
4.11976e-01 3.98000e+02
6.05215e-01 2.63000e+02
7.95965e-01 2.48000e+02
9.84772e-01 2.70000e+02
1.17574e+00 2.23000e+02
1.36901e+00 1.92000e+02
1.56019e+00 2.26000e+02
1.75024e+00 1.64000e+02
1.94061e+00 1.69000e+02
2.13094e+00 1.63000e+02
2.32504e+00 1.78000e+02
2.51750e+00 1.95000e+02
2.71851e+00 2.49000e+02
2.90937e+00 1.90000e+02
3.09973e+00 2.20000e+02
3.29447e+00 2.17000e+02
3.48493e+00 2.36000e+02
3.67458e+00 2.69000e+02
3.86506e+00 2.45000e+02
4.05572e+00 2.35000e+02
4.24990e+00 1.93000e+02
4.44165e+00 1.64000e+02
4.63241e+00 1.44000e+02
4.82213e+00 1.33000e+02
5.01031e+00 1.61000e+02
5.19945e+00 1.41000e+02
5.39124e+00 1.39000e+02
5.58161e+00 1.20000e+02
5.77149e+00 9.50000e+01
5.96126e+00 9.20000e+01
6.15109e+00 9.20000e+01
6.34494e+00 8.50000e+01
6.53250e+00 7.20000e+01
6.72291e+00 7.20000e+01
6.91241e+00 7.20000e+01
7.10225e+00 7.20000e+01
7.29492e+00 7.20000e+01
7.48524e+00 7.20000e+01
7.67326e+00 7.20000e+01
7.86333e+00 7.20000e+01
8.05394e+00 7.20000e+01
8.24704e+00 7.20000e+01
8.43724e+00 7.20000e+01
8.62633e+00 7.20000e+01
8.81620e+00 7.20000e+01
9.00600e+00 7.20000e+01
9.19464e+00 7.20000e+01
9.38795e+00 7.20000e+01
9.57726e+00 7.20000e+01
9.76603e+00 7.20000e+01
9.95554e+00 7.20000e+01
1.01459e+01 7.20000e+01
1.03413e+01 7.20000e+01
1.05316e+01 7.20000e+01
1.07220e+01 7.20000e+01
1.09132e+01 7.20000e+01
1.11031e+01 7.20000e+01
1.12976e+01 7.20000e+01
1.14878e+01 7.20000e+01
1.16787e+01 7.20000e+01
1.18688e+01 7.20000e+01
1.20579e+01 7.20000e+01
1.22499e+01 7.20000e+01
1.24415e+01 7.20000e+01
1.26325e+01 7.20000e+01
1.28222e+01 7.20000e+01
1.30166e+01 7.20000e+01
1.32265e+01 7.20000e+01
1.34251e+01 7.20000e+01
1.36161e+01 7.20000e+01
1.38062e+01 7.20000e+01
1.39965e+01 7.20000e+01
1.41869e+01 7.20000e+01
1.43816e+01 7.20000e+01
1.45750e+01 7.20000e+01
1.47658e+01 7.20000e+01
1.49565e+01 7.20000e+01
1.51482e+01 7.20000e+01
1.53412e+01 7.20000e+01
1.55308e+01 7.20000e+01
1.57219e+01 7.20000e+01
1.59123e+01 7.20000e+01
1.61023e+01 7.20000e+01
1.62963e+01 7.20000e+01
1.64890e+01 7.20000e+01
1.66818e+01 7.20000e+01
1.68720e+01 7.20000e+01
1.70642e+01 7.20000e+01
1.72569e+01 7.20000e+01
1.74476e+01 7.20000e+01
1.76393e+01 7.20000e+01
1.78297e+01 7.20000e+01
1.80190e+01 7.20000e+01
1.82090e+01 7.20000e+01
1.84021e+01 7.20000e+01
1.85924e+01 7.20000e+01
1.87828e+01 7.20000e+01
1.89731e+01 7.20000e+01
1.91627e+01 7.20000e+01
1.93558e+01 7.20000e+01
1.95462e+01 7.20000e+01
1.97366e+01 7.20000e+01
1.99272e+01 7.20000e+01
2.01163e+01 7.20000e+01
2.03091e+01 7.20000e+01
2.04993e+01 7.20000e+01
2.06893e+01 7.20000e+01
2.08802e+01 7.20000e+01
2.10708e+01 7.20000e+01
2.12640e+01 7.20000e+01
2.14562e+01 7.20000e+01
2.16464e+01 7.20000e+01
2.18360e+01 7.20000e+01
2.20266e+01 7.20000e+01
2.22169e+01 7.20000e+01
2.24120e+01 7.20000e+01
2.26030e+01 7.20000e+01
2.27935e+01 7.20000e+01
2.29845e+01 7.20000e+01
2.31755e+01 7.20000e+01
2.33691e+01 7.20000e+01
2.35595e+01 7.20000e+01
2.37485e+01 7.20000e+01
2.39401e+01 7.20000e+01
2.41296e+01 7.20000e+01
2.43236e+01 7.20000e+01
2.45143e+01 7.20000e+01
2.47036e+01 7.20000e+01
2.48941e+01 7.20000e+01
2.50869e+01 7.20000e+01
2.52828e+01 7.20000e+01
2.54739e+01 7.20000e+01
2.56634e+01 7.20000e+01
2.58532e+01 7.20000e+01
2.60420e+01 7.20000e+01
2.62325e+01 7.20000e+01
2.64252e+01 7.20000e+01
2.66157e+01 7.20000e+01
2.68054e+01 7.20000e+01
2.69955e+01 7.20000e+01
2.71832e+01 7.20000e+01
2.73767e+01 7.20000e+01
2.75664e+01 7.20000e+01
2.77558e+01 7.20000e+01
2.79452e+01 7.20000e+01
2.81558e+01 7.20000e+01
2.83625e+01 7.20000e+01
2.85519e+01 7.20000e+01
2.87412e+01 7.20000e+01
2.89315e+01 7.20000e+01
2.91210e+01 7.20000e+01
2.93142e+01 7.20000e+01
2.95061e+01 7.20000e+01
2.96968e+01 7.20000e+01
2.98868e+01 7.20000e+01
3.00780e+01 7.20000e+01
3.02714e+01 7.20000e+01
3.04635e+01 7.20000e+01
3.06522e+01 7.20000e+01
3.08411e+01 7.20000e+01
3.10307e+01 7.20000e+01
3.12193e+01 7.20000e+01
3.14113e+01 7.20000e+01
3.16004e+01 7.20000e+01
3.17878e+01 7.20000e+01
3.19783e+01 7.20000e+01
3.21675e+01 7.20000e+01
3.23598e+01 7.20000e+01
3.25490e+01 7.20000e+01
3.27382e+01 7.20000e+01
3.29268e+01 7.20000e+01
3.31159e+01 7.20000e+01
3.33069e+01 7.20000e+01
3.34967e+01 7.20000e+01
3.36860e+01 7.20000e+01
3.38741e+01 7.20000e+01
3.40629e+01 7.20000e+01
3.42522e+01 7.20000e+01
3.44457e+01 7.20000e+01
3.46353e+01 7.20000e+01
3.48249e+01 7.20000e+01
3.50135e+01 7.20000e+01
3.52033e+01 7.20000e+01
3.53974e+01 7.20000e+01
3.55876e+01 7.20000e+01
3.57766e+01 7.20000e+01
3.59654e+01 7.20000e+01
3.61543e+01 7.20000e+01
3.63460e+01 7.20000e+01
3.65364e+01 7.20000e+01
3.67260e+01 7.20000e+01
3.69160e+01 7.20000e+01
3.71061e+01 7.20000e+01
3.72987e+01 7.20000e+01
3.74885e+01 7.20000e+01
3.76776e+01 7.20000e+01
3.78658e+01 7.20000e+01
3.80550e+01 7.20000e+01
3.82437e+01 7.20000e+01
3.84386e+01 7.20000e+01
3.86274e+01 7.20000e+01
3.88157e+01 7.20000e+01
3.90054e+01 7.20000e+01
3.91949e+01 7.20000e+01
3.93863e+01 7.20000e+01
3.95756e+01 7.20000e+01
3.97640e+01 7.20000e+01
3.99547e+01 7.20000e+01
4.01438e+01 7.20000e+01
4.03382e+01 7.20000e+01
4.05296e+01 7.20000e+01
4.07179e+01 7.20000e+01
4.09074e+01 7.20000e+01
4.10972e+01 7.20000e+01
4.12895e+01 7.20000e+01
4.14801e+01 7.20000e+01
4.16687e+01 7.20000e+01
4.18572e+01 7.20000e+01
4.20472e+01 7.20000e+01
4.22366e+01 7.20000e+01
4.24288e+01 7.20000e+01
4.26191e+01 7.20000e+01
4.28085e+01 7.20000e+01
4.30009e+01 7.20000e+01
4.32010e+01 7.20000e+01
4.33938e+01 7.20000e+01
4.35844e+01 7.20000e+01
4.37745e+01 7.20000e+01
4.39641e+01 7.20000e+01
4.41537e+01 7.20000e+01
4.43456e+01 7.20000e+01
4.45354e+01 7.20000e+01
4.47236e+01 7.20000e+01
4.49134e+01 7.20000e+01
4.51034e+01 7.20000e+01
4.52971e+01 7.20000e+01
4.54878e+01 7.20000e+01
4.56783e+01 7.20000e+01
4.58668e+01 7.20000e+01
4.60558e+01 7.20000e+01
4.62444e+01 7.20000e+01
4.64374e+01 7.20000e+01
4.66276e+01 7.20000e+01
4.68175e+01 7.20000e+01
4.70068e+01 7.20000e+01
4.71960e+01 7.20000e+01
4.73882e+01 7.20000e+01
4.75795e+01 7.20000e+01
4.77695e+01 7.20000e+01
4.79597e+01 7.20000e+01
4.81490e+01 7.20000e+01
4.83422e+01 7.20000e+01
4.85330e+01 7.20000e+01
4.87237e+01 7.20000e+01
4.89135e+01 7.20000e+01
4.91031e+01 7.20000e+01
4.92952e+01 7.20000e+01
4.94865e+01 7.20000e+01
4.96766e+01 7.20000e+01
4.98670e+01 7.20000e+01
5.00570e+01 7.20000e+01
5.02476e+01 7.20000e+01
5.04400e+01 7.20000e+01
5.06297e+01 7.20000e+01
5.08186e+01 7.20000e+01
5.10076e+01 7.20000e+01
5.11965e+01 7.20000e+01
5.13900e+01 7.20000e+01
5.15816e+01 7.20000e+01
5.17714e+01 7.20000e+01
5.19616e+01 7.20000e+01
5.21518e+01 7.20000e+01
5.23456e+01 7.20000e+01
5.25383e+01 7.20000e+01
5.27284e+01 7.20000e+01
5.29195e+01 7.20000e+01
5.31104e+01 7.20000e+01
5.33033e+01 7.20000e+01
5.34941e+01 7.20000e+01
5.36861e+01 7.20000e+01
5.38771e+01 7.20000e+01
5.40666e+01 7.20000e+01
5.42555e+01 7.20000e+01
5.44491e+01 7.20000e+01
5.46395e+01 7.20000e+01
5.48306e+01 7.20000e+01
5.50207e+01 7.20000e+01
5.52098e+01 7.20000e+01
5.54020e+01 7.20000e+01
5.55930e+01 7.20000e+01
5.57820e+01 7.20000e+01
5.59727e+01 7.20000e+01
5.61620e+01 7.20000e+01
5.63559e+01 7.20000e+01
5.65462e+01 7.20000e+01
5.67354e+01 7.20000e+01
5.69244e+01 7.20000e+01
5.71157e+01 7.20000e+01
5.73080e+01 7.20000e+01
5.75011e+01 7.20000e+01
5.76906e+01 7.20000e+01
5.78807e+01 7.20000e+01
5.80841e+01 7.20000e+01
5.82869e+01 7.20000e+01
5.84811e+01 7.20000e+01
5.86722e+01 7.20000e+01
5.88616e+01 7.20000e+01
5.90512e+01 7.20000e+01
5.92406e+01 7.20000e+01
5.94358e+01 7.20000e+01
5.96281e+01 7.20000e+01
5.98185e+01 7.20000e+01
6.00092e+01 7.20000e+01
6.01996e+01 7.20000e+01
6.03934e+01 7.20000e+01
6.05844e+01 7.20000e+01
6.07739e+01 7.20000e+01
6.09647e+01 7.20000e+01
6.11545e+01 7.20000e+01
6.13464e+01 7.20000e+01
6.15369e+01 7.20000e+01
6.17281e+01 7.20000e+01
6.19180e+01 7.20000e+01
6.21085e+01 7.20000e+01
6.22990e+01 7.20000e+01
6.24918e+01 7.20000e+01
6.26966e+01 7.20000e+01
6.28879e+01 7.20000e+01
6.30786e+01 7.20000e+01
6.32689e+01 7.20000e+01
6.34627e+01 7.20000e+01
6.36559e+01 7.20000e+01
6.38477e+01 7.20000e+01
6.40396e+01 7.20000e+01
6.42309e+01 7.20000e+01
6.44271e+01 7.20000e+01
6.46196e+01 7.20000e+01
6.48106e+01 7.20000e+01
6.50004e+01 7.20000e+01
6.51930e+01 7.20000e+01
6.53868e+01 7.20000e+01
6.55786e+01 7.20000e+01
6.57692e+01 7.20000e+01
6.59597e+01 7.20000e+01
6.61485e+01 7.20000e+01
6.63425e+01 7.20000e+01
6.65342e+01 7.20000e+01
6.67256e+01 7.20000e+01
6.69163e+01 7.20000e+01
6.71076e+01 7.20000e+01
6.72993e+01 7.20000e+01
6.74950e+01 7.20000e+01
6.76861e+01 7.20000e+01
6.78763e+01 7.20000e+01
6.80677e+01 7.20000e+01
6.82599e+01 7.20000e+01
6.84547e+01 7.20000e+01
6.86476e+01 7.20000e+01
6.88375e+01 7.20000e+01
6.90280e+01 7.20000e+01
6.92201e+01 7.20000e+01
6.94134e+01 7.20000e+01
6.96052e+01 7.20000e+01
6.97964e+01 7.20000e+01
6.99870e+01 7.20000e+01
7.01774e+01 7.20000e+01
7.03707e+01 7.20000e+01
7.05615e+01 7.20000e+01
7.07520e+01 7.20000e+01
7.09439e+01 7.20000e+01
7.11345e+01 7.20000e+01
7.13272e+01 7.20000e+01
7.15186e+01 7.20000e+01
7.17086e+01 7.20000e+01
7.18982e+01 7.20000e+01
7.20891e+01 7.20000e+01
7.22792e+01 7.20000e+01
7.24728e+01 7.20000e+01
7.26647e+01 7.20000e+01
7.28542e+01 7.20000e+01
7.30541e+01 7.20000e+01
7.32633e+01 7.20000e+01
7.34622e+01 7.20000e+01
7.36529e+01 7.20000e+01
7.38435e+01 7.20000e+01
7.40327e+01 7.20000e+01
7.42205e+01 7.20000e+01
7.44143e+01 7.20000e+01
7.46039e+01 7.20000e+01
7.47949e+01 7.20000e+01
7.49853e+01 7.20000e+01
7.51770e+01 7.20000e+01
7.53692e+01 7.20000e+01
7.55620e+01 7.20000e+01
7.57523e+01 7.20000e+01
7.59416e+01 7.20000e+01
7.61327e+01 7.20000e+01
7.63252e+01 7.20000e+01
7.65183e+01 7.20000e+01
7.67094e+01 7.20000e+01
7.68984e+01 7.20000e+01
7.70903e+01 7.20000e+01
7.72805e+01 7.20000e+01
7.74736e+01 7.20000e+01
7.76652e+01 7.20000e+01
7.78562e+01 7.20000e+01
7.80455e+01 7.20000e+01
7.82359e+01 7.20000e+01
7.84283e+01 7.20000e+01
7.86194e+01 7.20000e+01
7.88093e+01 7.20000e+01
7.89991e+01 7.20000e+01
7.91883e+01 7.20000e+01
7.93818e+01 7.20000e+01
7.95729e+01 7.20000e+01
7.97623e+01 7.20000e+01
7.99511e+01 7.20000e+01
8.01405e+01 7.20000e+01
8.03298e+01 7.20000e+01
8.05232e+01 7.20000e+01
8.07130e+01 7.20000e+01
8.09031e+01 7.20000e+01
8.10929e+01 7.20000e+01
8.12827e+01 7.20000e+01
8.14768e+01 7.20000e+01
8.16687e+01 7.20000e+01
8.18580e+01 7.20000e+01
8.20485e+01 7.20000e+01
8.22382e+01 7.20000e+01
8.24321e+01 7.20000e+01
8.26210e+01 7.20000e+01
8.28107e+01 7.20000e+01
8.30002e+01 7.20000e+01
8.31897e+01 7.20000e+01
8.33816e+01 7.20000e+01
8.35731e+01 7.20000e+01
8.37628e+01 7.20000e+01
8.39530e+01 7.20000e+01
8.41430e+01 7.20000e+01
8.43334e+01 7.20000e+01
8.45249e+01 7.20000e+01
8.47150e+01 7.20000e+01
8.49034e+01 7.20000e+01
8.50942e+01 7.20000e+01
8.52903e+01 7.20000e+01
8.54840e+01 7.20000e+01
8.56750e+01 7.20000e+01
8.58668e+01 7.20000e+01
8.60565e+01 7.20000e+01
8.62483e+01 7.20000e+01
8.64430e+01 7.20000e+01
8.66340e+01 7.20000e+01
8.68233e+01 7.20000e+01
8.70147e+01 7.20000e+01
8.72045e+01 7.20000e+01
8.73985e+01 7.20000e+01
8.75893e+01 7.20000e+01
8.77786e+01 7.20000e+01
8.79676e+01 7.20000e+01
8.81822e+01 7.20000e+01
8.83844e+01 7.20000e+01
8.85758e+01 7.20000e+01
8.87662e+01 7.20000e+01
8.89562e+01 7.20000e+01
8.91460e+01 7.20000e+01
8.93369e+01 7.20000e+01
8.95302e+01 7.20000e+01
8.97199e+01 7.20000e+01
8.99114e+01 7.20000e+01
9.01017e+01 7.20000e+01
9.02905e+01 7.20000e+01
9.04840e+01 7.20000e+01
9.06737e+01 7.20000e+01
9.08634e+01 7.20000e+01
9.10532e+01 7.20000e+01
9.12433e+01 7.20000e+01
9.14376e+01 7.20000e+01
9.16294e+01 7.20000e+01
9.18184e+01 7.20000e+01
9.20083e+01 7.20000e+01
9.21982e+01 7.20000e+01
9.23919e+01 7.20000e+01
9.25892e+01 7.20000e+01
9.27831e+01 7.20000e+01
9.29716e+01 7.20000e+01
9.31604e+01 7.20000e+01
9.33502e+01 7.20000e+01
9.35414e+01 7.20000e+01
9.37312e+01 7.20000e+01
9.39209e+01 7.20000e+01
9.41085e+01 7.20000e+01
9.42977e+01 7.20000e+01
9.44898e+01 7.20000e+01
9.46804e+01 7.20000e+01
9.48691e+01 7.20000e+01
9.50586e+01 7.20000e+01
9.52482e+01 7.20000e+01
9.54403e+01 7.20000e+01
9.56316e+01 7.20000e+01
9.58210e+01 7.20000e+01
9.60096e+01 7.20000e+01
9.61985e+01 7.20000e+01
9.63903e+01 7.20000e+01
9.65812e+01 7.20000e+01
9.67719e+01 7.20000e+01
9.69633e+01 7.20000e+01
9.71523e+01 7.20000e+01
9.73433e+01 7.20000e+01
9.75363e+01 7.20000e+01
9.77262e+01 7.20000e+01
9.79172e+01 7.20000e+01
9.81065e+01 7.20000e+01
9.82964e+01 7.20000e+01
9.84899e+01 7.20000e+01
9.86786e+01 7.20000e+01
9.88676e+01 7.20000e+01
9.90563e+01 7.20000e+01
9.92466e+01 7.20000e+01
9.94381e+01 7.20000e+01
9.96285e+01 7.20000e+01
9.98168e+01 7.20000e+01
1.00006e+02 7.20000e+01
1.00195e+02 7.20000e+01
1.00388e+02 7.20000e+01
1.00578e+02 7.20000e+01
1.00768e+02 7.20000e+01
1.00957e+02 7.20000e+01
1.01145e+02 7.20000e+01
1.01334e+02 7.20000e+01
1.01526e+02 7.20000e+01
1.01717e+02 7.20000e+01
1.01906e+02 7.20000e+01
1.02092e+02 7.20000e+01
1.02281e+02 7.20000e+01
1.02474e+02 7.20000e+01
1.02664e+02 7.20000e+01
1.02852e+02 7.20000e+01
1.03050e+02 7.20000e+01
1.03254e+02 7.20000e+01
1.03451e+02 7.20000e+01
1.03641e+02 7.20000e+01
1.03831e+02 7.20000e+01
1.04018e+02 7.20000e+01
1.04207e+02 7.20000e+01
1.04399e+02 7.20000e+01
1.04590e+02 7.20000e+01
1.04779e+02 7.20000e+01
1.04968e+02 7.20000e+01
1.05158e+02 7.20000e+01
1.05347e+02 7.20000e+01
1.05540e+02 7.20000e+01
1.05730e+02 7.20000e+01
1.05918e+02 7.20000e+01
1.06107e+02 7.20000e+01
1.06296e+02 7.20000e+01
1.06491e+02 7.20000e+01
1.06681e+02 7.20000e+01
1.06868e+02 7.20000e+01
1.07058e+02 7.20000e+01
1.07247e+02 7.20000e+01
1.07438e+02 7.20000e+01
1.07639e+02 7.20000e+01
1.07829e+02 7.20000e+01
1.08018e+02 7.20000e+01
1.08208e+02 7.20000e+01
1.08398e+02 7.20000e+01
1.08586e+02 7.20000e+01
1.08776e+02 7.20000e+01
1.08965e+02 7.20000e+01
1.09155e+02 7.20000e+01
1.09344e+02 7.20000e+01
1.09536e+02 7.20000e+01
1.09726e+02 7.20000e+01
1.09914e+02 7.20000e+01
1.10102e+02 7.20000e+01
1.10291e+02 7.20000e+01
1.10483e+02 7.20000e+01
1.10673e+02 7.20000e+01
1.10861e+02 7.20000e+01
1.11051e+02 7.20000e+01
1.11239e+02 7.20000e+01
1.11432e+02 7.20000e+01
1.11621e+02 7.20000e+01
1.11810e+02 7.20000e+01
1.12000e+02 7.20000e+01
1.12189e+02 7.20000e+01
1.12378e+02 7.20000e+01
1.12571e+02 7.20000e+01
1.12760e+02 7.20000e+01
1.12951e+02 7.20000e+01
1.13139e+02 7.20000e+01
1.13329e+02 7.20000e+01
1.13521e+02 7.20000e+01
1.13712e+02 7.20000e+01
1.13901e+02 7.20000e+01
1.14088e+02 7.20000e+01
1.14279e+02 7.20000e+01
1.14472e+02 7.20000e+01
1.14660e+02 7.20000e+01
1.14849e+02 7.20000e+01
1.15039e+02 7.20000e+01
1.15230e+02 7.20000e+01
1.15422e+02 7.20000e+01
1.15614e+02 7.20000e+01
1.15805e+02 7.20000e+01
1.15997e+02 7.20000e+01
1.16188e+02 7.20000e+01
1.16381e+02 7.20000e+01
1.16575e+02 7.20000e+01
1.16766e+02 7.20000e+01
1.16957e+02 7.20000e+01
1.17147e+02 7.20000e+01
1.17339e+02 7.20000e+01
1.17535e+02 7.20000e+01
1.17727e+02 7.20000e+01
1.17917e+02 7.20000e+01
1.18123e+02 7.20000e+01
1.18323e+02 7.20000e+01
1.18517e+02 7.20000e+01
1.18708e+02 7.20000e+01
1.18898e+02 7.20000e+01
1.19089e+02 7.20000e+01
1.19280e+02 7.20000e+01
1.19475e+02 7.20000e+01
1.19667e+02 7.20000e+01
1.19859e+02 7.20000e+01
1.20048e+02 7.20000e+01
1.20240e+02 7.20000e+01
1.20433e+02 7.20000e+01
1.20625e+02 7.20000e+01
1.20816e+02 7.20000e+01
1.21006e+02 7.20000e+01
1.21196e+02 7.20000e+01
1.21388e+02 7.20000e+01
1.21582e+02 7.20000e+01
1.21773e+02 7.20000e+01
1.21963e+02 7.20000e+01
1.22152e+02 7.20000e+01
1.22341e+02 7.20000e+01
1.22539e+02 7.20000e+01
1.22736e+02 7.20000e+01
1.22927e+02 7.20000e+01
1.23117e+02 7.20000e+01
1.23308e+02 7.20000e+01
1.23501e+02 7.20000e+01
1.23692e+02 7.20000e+01
1.23883e+02 7.20000e+01
1.24073e+02 7.20000e+01
1.24263e+02 7.20000e+01
1.24457e+02 7.20000e+01
1.24649e+02 7.20000e+01
1.24842e+02 7.20000e+01
1.25030e+02 7.20000e+01
1.25221e+02 7.20000e+01
1.25416e+02 7.20000e+01
1.25607e+02 7.20000e+01
1.25798e+02 7.20000e+01
1.25988e+02 7.20000e+01
1.26177e+02 7.20000e+01
1.26369e+02 7.20000e+01
1.26564e+02 7.20000e+01
1.26755e+02 7.20000e+01
1.26945e+02 7.20000e+01
1.27137e+02 7.20000e+01
1.27328e+02 7.20000e+01
1.27523e+02 7.20000e+01
1.27713e+02 7.20000e+01
1.27905e+02 7.20000e+01
1.28094e+02 7.20000e+01
1.28286e+02 7.20000e+01
1.28479e+02 7.20000e+01
1.28669e+02 7.20000e+01
1.28861e+02 7.20000e+01
1.29052e+02 7.20000e+01
1.29242e+02 7.20000e+01
1.29436e+02 7.20000e+01
1.29628e+02 7.20000e+01
1.29819e+02 7.20000e+01
1.30010e+02 7.20000e+01
1.30202e+02 7.20000e+01
1.30392e+02 7.20000e+01
1.30587e+02 7.20000e+01
1.30777e+02 7.20000e+01
1.30968e+02 7.20000e+01
1.31159e+02 7.20000e+01
1.31351e+02 7.20000e+01
1.31544e+02 7.20000e+01
1.31735e+02 7.20000e+01
1.31926e+02 7.20000e+01
1.32115e+02 7.20000e+01
1.32305e+02 7.20000e+01
1.32499e+02 7.20000e+01
1.32691e+02 7.20000e+01
1.32882e+02 7.20000e+01
1.33087e+02 7.20000e+01
1.33286e+02 7.20000e+01
1.33481e+02 7.20000e+01
1.33672e+02 7.20000e+01
1.33862e+02 7.20000e+01
1.34051e+02 7.20000e+01
1.34241e+02 7.20000e+01
1.34434e+02 7.20000e+01
1.34623e+02 7.20000e+01
1.34813e+02 7.20000e+01
1.35003e+02 7.20000e+01
1.35194e+02 7.20000e+01
1.35384e+02 7.20000e+01
1.35578e+02 7.20000e+01
1.35767e+02 7.20000e+01
1.35957e+02 7.20000e+01
1.36147e+02 7.20000e+01
1.36336e+02 7.20000e+01
1.36530e+02 7.20000e+01
1.36722e+02 7.20000e+01
1.36912e+02 7.20000e+01
1.37101e+02 7.20000e+01
1.37290e+02 7.20000e+01
1.37484e+02 7.20000e+01
1.37676e+02 7.20000e+01
1.37867e+02 7.20000e+01
1.38056e+02 7.20000e+01
1.38246e+02 7.20000e+01
1.38438e+02 7.20000e+01
1.38630e+02 7.20000e+01
1.38821e+02 7.20000e+01
1.39011e+02 7.20000e+01
1.39201e+02 7.20000e+01
1.39391e+02 7.20000e+01
1.39585e+02 7.20000e+01
1.39776e+02 7.20000e+01
1.39964e+02 7.20000e+01
1.40154e+02 7.20000e+01
1.40345e+02 7.20000e+01
1.40538e+02 7.20000e+01
1.40729e+02 7.20000e+01
1.40920e+02 7.20000e+01
1.41110e+02 7.20000e+01
1.41299e+02 7.20000e+01
1.41493e+02 7.20000e+01
1.41683e+02 7.20000e+01
1.41872e+02 7.20000e+01
1.42065e+02 7.20000e+01
1.42254e+02 7.20000e+01
1.42447e+02 7.20000e+01
1.42636e+02 7.20000e+01
1.42827e+02 7.20000e+01
1.43018e+02 7.20000e+01
1.43208e+02 7.20000e+01
1.43399e+02 7.20000e+01
1.43593e+02 7.20000e+01
1.43783e+02 7.20000e+01
1.43976e+02 7.20000e+01
1.44165e+02 7.20000e+01
1.44365e+02 7.20000e+01
1.44558e+02 7.20000e+01
1.44748e+02 7.20000e+01
1.44938e+02 7.20000e+01
1.45127e+02 7.20000e+01
1.45319e+02 7.20000e+01
1.45516e+02 7.20000e+01
1.45706e+02 7.20000e+01
1.45896e+02 7.20000e+01
1.46086e+02 7.20000e+01
1.46276e+02 7.20000e+01
1.46470e+02 7.20000e+01
1.46662e+02 7.20000e+01
1.46850e+02 7.20000e+01
1.47040e+02 7.20000e+01
1.47230e+02 7.20000e+01
1.47421e+02 7.20000e+01
1.47615e+02 7.20000e+01
1.47808e+02 7.20000e+01
1.48001e+02 7.20000e+01
1.48214e+02 7.20000e+01
1.48403e+02 7.20000e+01
1.48596e+02 7.20000e+01
1.48786e+02 7.20000e+01
1.48976e+02 7.20000e+01
1.49167e+02 7.20000e+01
1.49358e+02 7.20000e+01
1.49553e+02 7.20000e+01
1.49744e+02 7.20000e+01
1.49936e+02 7.20000e+01
1.50128e+02 7.20000e+01
1.50318e+02 7.20000e+01
1.50513e+02 7.20000e+01
1.50704e+02 7.20000e+01
1.50894e+02 7.20000e+01
1.51085e+02 7.20000e+01
1.51277e+02 7.20000e+01
1.51471e+02 7.20000e+01
1.51662e+02 7.20000e+01
1.51855e+02 7.20000e+01
1.52045e+02 7.20000e+01
1.52235e+02 7.20000e+01
1.52427e+02 7.20000e+01
1.52622e+02 7.20000e+01
1.52814e+02 7.20000e+01
1.53005e+02 7.20000e+01
1.53196e+02 7.20000e+01
1.53389e+02 7.20000e+01
1.53587e+02 7.20000e+01
1.53780e+02 7.20000e+01
1.53971e+02 7.20000e+01
1.54162e+02 7.20000e+01
1.54354e+02 7.20000e+01
1.54548e+02 7.20000e+01
1.54741e+02 7.20000e+01
1.54932e+02 7.20000e+01
1.55123e+02 7.20000e+01
1.55314e+02 7.20000e+01
1.55508e+02 7.20000e+01
1.55698e+02 7.20000e+01
1.55890e+02 7.20000e+01
1.56081e+02 7.20000e+01
1.56271e+02 7.20000e+01
1.56464e+02 7.20000e+01
1.56656e+02 7.20000e+01
1.56846e+02 7.20000e+01
1.57038e+02 7.20000e+01
1.57227e+02 7.20000e+01
1.57420e+02 7.20000e+01
1.57612e+02 7.20000e+01
1.57803e+02 7.20000e+01
1.57993e+02 7.20000e+01
1.58181e+02 7.20000e+01
1.58371e+02 7.20000e+01
1.58563e+02 7.20000e+01
1.58754e+02 7.20000e+01
1.58943e+02 7.20000e+01
1.59132e+02 7.20000e+01
1.59324e+02 7.20000e+01
1.59517e+02 7.20000e+01
1.59707e+02 7.20000e+01
1.59897e+02 7.20000e+01
1.60086e+02 7.20000e+01
1.60276e+02 7.20000e+01
1.60471e+02 7.20000e+01
1.60660e+02 7.20000e+01
1.60850e+02 7.20000e+01
1.61040e+02 7.20000e+01
1.61230e+02 7.20000e+01
1.61421e+02 7.20000e+01
1.61615e+02 7.20000e+01
1.61804e+02 7.20000e+01
1.61994e+02 7.20000e+01
1.62183e+02 7.20000e+01
1.62374e+02 7.20000e+01
1.62566e+02 7.20000e+01
1.62756e+02 7.20000e+01
1.62945e+02 7.20000e+01
1.63158e+02 7.20000e+01
1.63365e+02 7.20000e+01
1.63557e+02 7.20000e+01
1.63747e+02 7.20000e+01
1.63938e+02 7.20000e+01
1.64128e+02 7.20000e+01
1.64316e+02 7.20000e+01
1.64508e+02 7.20000e+01
1.64697e+02 7.20000e+01
1.64886e+02 7.20000e+01
1.65076e+02 7.20000e+01
1.65266e+02 7.20000e+01
1.65456e+02 7.20000e+01
1.65648e+02 7.20000e+01
1.65838e+02 7.20000e+01
1.66029e+02 7.20000e+01
1.66219e+02 7.20000e+01
1.66409e+02 7.20000e+01
1.66602e+02 7.20000e+01
1.66792e+02 7.20000e+01
1.66982e+02 7.20000e+01
1.67171e+02 7.20000e+01
1.67361e+02 7.20000e+01
1.67554e+02 7.20000e+01
1.67744e+02 7.20000e+01
1.67933e+02 7.20000e+01
1.68122e+02 7.20000e+01
1.68311e+02 7.20000e+01
1.68503e+02 7.20000e+01
1.68693e+02 7.20000e+01
1.68881e+02 7.20000e+01
1.69071e+02 7.20000e+01
1.69260e+02 7.20000e+01
1.69449e+02 7.20000e+01
1.69643e+02 7.20000e+01
1.69833e+02 7.20000e+01
1.70022e+02 7.20000e+01
1.70212e+02 7.20000e+01
1.70401e+02 7.20000e+01
1.70593e+02 7.20000e+01
1.70783e+02 7.20000e+01
1.70972e+02 7.20000e+01
1.71161e+02 7.20000e+01
1.71352e+02 7.20000e+01
1.71544e+02 7.20000e+01
1.71733e+02 7.20000e+01
1.71923e+02 7.20000e+01
1.72111e+02 7.20000e+01
1.72301e+02 7.20000e+01
1.72494e+02 7.20000e+01
1.72685e+02 7.20000e+01
1.72873e+02 7.20000e+01
1.73063e+02 7.20000e+01
1.73253e+02 7.20000e+01
1.73443e+02 7.20000e+01
1.73634e+02 7.20000e+01
1.73823e+02 7.20000e+01
1.74011e+02 7.20000e+01
1.74201e+02 7.20000e+01
1.74391e+02 7.20000e+01
1.74584e+02 7.20000e+01
1.74774e+02 7.20000e+01
1.74964e+02 7.20000e+01
1.75153e+02 7.20000e+01
1.75345e+02 7.20000e+01
1.75535e+02 7.20000e+01
1.75725e+02 7.20000e+01
1.75915e+02 7.20000e+01
1.76105e+02 7.20000e+01
1.76293e+02 7.20000e+01
1.76486e+02 7.20000e+01
1.76676e+02 7.20000e+01
1.76866e+02 7.20000e+01
1.77056e+02 7.20000e+01
1.77245e+02 7.20000e+01
1.77435e+02 7.20000e+01
1.77627e+02 7.20000e+01
1.77816e+02 7.20000e+01
1.78010e+02 7.20000e+01
1.78220e+02 7.20000e+01
1.78409e+02 7.20000e+01
1.78601e+02 7.20000e+01
1.78792e+02 7.20000e+01
1.78981e+02 7.20000e+01
1.79169e+02 7.20000e+01
1.79360e+02 7.20000e+01
1.79553e+02 7.20000e+01
1.79744e+02 7.20000e+01
1.79934e+02 7.20000e+01
1.80123e+02 7.20000e+01
1.80314e+02 7.20000e+01
1.80509e+02 7.20000e+01
1.80700e+02 7.20000e+01
1.80890e+02 7.20000e+01
1.81081e+02 7.20000e+01
1.81271e+02 7.20000e+01
1.81462e+02 7.20000e+01
1.81655e+02 7.20000e+01
1.81845e+02 7.20000e+01
1.82035e+02 7.20000e+01
1.82227e+02 7.20000e+01
1.82416e+02 7.20000e+01
1.82611e+02 7.20000e+01
1.82803e+02 7.20000e+01
1.82993e+02 7.20000e+01
1.83183e+02 7.20000e+01
1.83374e+02 7.20000e+01
1.83567e+02 7.20000e+01
1.83758e+02 7.20000e+01
1.83949e+02 7.20000e+01
1.84140e+02 7.20000e+01
1.84331e+02 7.20000e+01
1.84525e+02 7.20000e+01
1.84716e+02 7.20000e+01
1.84906e+02 7.20000e+01
1.85096e+02 7.20000e+01
1.85286e+02 7.20000e+01
1.85474e+02 7.20000e+01
1.85669e+02 7.20000e+01
1.85858e+02 7.20000e+01
1.86048e+02 7.20000e+01
1.86238e+02 7.20000e+01
1.86428e+02 7.20000e+01
1.86621e+02 7.20000e+01
1.86813e+02 7.20000e+01
1.87004e+02 7.20000e+01
1.87193e+02 7.20000e+01
1.87383e+02 7.20000e+01
1.87577e+02 7.20000e+01
1.87766e+02 7.20000e+01
1.87958e+02 7.20000e+01
1.88148e+02 7.20000e+01
1.88337e+02 7.20000e+01
1.88531e+02 7.20000e+01
1.88722e+02 7.20000e+01
1.88912e+02 7.20000e+01
1.89103e+02 7.20000e+01
1.89294e+02 7.20000e+01
1.89486e+02 7.20000e+01
1.89681e+02 7.20000e+01
1.89871e+02 7.20000e+01
1.90061e+02 7.20000e+01
1.90250e+02 7.20000e+01
1.90439e+02 7.20000e+01
1.90631e+02 7.20000e+01
1.90820e+02 7.20000e+01
1.91010e+02 7.20000e+01
