1.98400e-02 6.64000e+02
2.17156e-01 5.38000e+02
4.11520e-01 4.28000e+02
6.08225e-01 3.66000e+02
8.01842e-01 3.43000e+02
9.95501e-01 2.92000e+02
1.18717e+00 2.75000e+02
1.37999e+00 2.86000e+02
1.57572e+00 2.07000e+02
1.76766e+00 2.03000e+02
1.96022e+00 2.06000e+02
2.15273e+00 2.12000e+02
2.36340e+00 2.54000e+02
2.56970e+00 1.73000e+02
2.76094e+00 2.16000e+02
2.95444e+00 2.18000e+02
3.14635e+00 2.68000e+02
3.33849e+00 1.80000e+02
3.53308e+00 2.02000e+02
3.72514e+00 2.16000e+02
3.91639e+00 1.76000e+02
4.10653e+00 2.13000e+02
4.29772e+00 1.53000e+02
4.48871e+00 1.80000e+02
4.68260e+00 2.51000e+02
4.87530e+00 2.26000e+02
5.06615e+00 2.32000e+02
5.25631e+00 3.30000e+02
5.44630e+00 2.16000e+02
5.64087e+00 1.97000e+02
5.83256e+00 1.61000e+02
6.02432e+00 1.44000e+02
6.21315e+00 1.47000e+02
6.40399e+00 1.80000e+02
6.59604e+00 2.04000e+02
6.78827e+00 1.99000e+02
6.98119e+00 2.07000e+02
7.17272e+00 1.75000e+02
7.36365e+00 1.70000e+02
7.55863e+00 1.87000e+02
7.74972e+00 1.49000e+02
7.94172e+00 1.27000e+02
8.13391e+00 1.08000e+02
8.32506e+00 1.43000e+02
8.51769e+00 1.51000e+02
8.70872e+00 1.74000e+02
8.89939e+00 1.26000e+02
9.08988e+00 1.18000e+02
9.27933e+00 1.21000e+02
9.47058e+00 1.41000e+02
9.66445e+00 1.74000e+02
9.85436e+00 1.61000e+02
1.00443e+01 1.42000e+02
1.02353e+01 1.18000e+02
1.04248e+01 1.11000e+02
1.06186e+01 1.07000e+02
1.08094e+01 1.02000e+02
1.09999e+01 9.90000e+01
1.11916e+01 9.60000e+01
1.13830e+01 1.02000e+02
1.15767e+01 1.73000e+02
1.17677e+01 1.15000e+02
1.19578e+01 1.79000e+02
1.21500e+01 1.97000e+02
1.23398e+01 2.31000e+02
1.25363e+01 1.99000e+02
1.27269e+01 1.25000e+02
1.29174e+01 8.80000e+01
1.31074e+01 8.80000e+01
1.32989e+01 7.90000e+01
1.34880e+01 7.90000e+01
1.36822e+01 7.90000e+01
1.38735e+01 7.90000e+01
1.40649e+01 7.90000e+01
1.42553e+01 7.90000e+01
1.44445e+01 7.90000e+01
1.46383e+01 7.90000e+01
1.48294e+01 7.90000e+01
1.50204e+01 7.90000e+01
1.52115e+01 7.90000e+01
1.54009e+01 7.90000e+01
1.55969e+01 7.90000e+01
1.57880e+01 7.90000e+01
1.59788e+01 7.90000e+01
1.61695e+01 7.90000e+01
1.63603e+01 7.90000e+01
1.65560e+01 7.90000e+01
1.67480e+01 7.90000e+01
1.69380e+01 7.90000e+01
1.71273e+01 7.90000e+01
1.73323e+01 7.90000e+01
1.75409e+01 7.90000e+01
1.77306e+01 7.90000e+01
1.79210e+01 7.90000e+01
1.81112e+01 7.90000e+01
1.83016e+01 7.90000e+01
1.84923e+01 7.90000e+01
1.86856e+01 7.90000e+01
1.88760e+01 7.90000e+01
1.90668e+01 7.90000e+01
1.92570e+01 7.90000e+01
1.94504e+01 7.90000e+01
1.96456e+01 7.90000e+01
1.98374e+01 7.90000e+01
2.00277e+01 7.90000e+01
2.02201e+01 7.90000e+01
2.04105e+01 7.90000e+01
2.06051e+01 7.90000e+01
2.07974e+01 7.90000e+01
2.09891e+01 7.90000e+01
2.11799e+01 7.90000e+01
2.13688e+01 7.90000e+01
2.15636e+01 7.90000e+01
2.17573e+01 7.90000e+01
2.19482e+01 7.90000e+01
2.21396e+01 7.90000e+01
2.23303e+01 7.90000e+01
2.25212e+01 7.90000e+01
2.27161e+01 7.90000e+01
2.29065e+01 7.90000e+01
2.30966e+01 7.90000e+01
2.32875e+01 7.90000e+01
2.34790e+01 7.90000e+01
2.36719e+01 7.90000e+01
2.38616e+01 7.90000e+01
2.40525e+01 7.90000e+01
2.42425e+01 7.90000e+01
2.44322e+01 7.90000e+01
2.46265e+01 7.90000e+01
2.48163e+01 7.90000e+01
2.50068e+01 7.90000e+01
2.51967e+01 7.90000e+01
2.53850e+01 7.90000e+01
2.55774e+01 7.90000e+01
2.57677e+01 7.90000e+01
2.59577e+01 7.90000e+01
2.61470e+01 7.90000e+01
2.63359e+01 7.90000e+01
2.65261e+01 7.90000e+01
2.67177e+01 7.90000e+01
2.69063e+01 7.90000e+01
2.70955e+01 7.90000e+01
2.72840e+01 7.90000e+01
2.74729e+01 7.90000e+01
2.76666e+01 7.90000e+01
2.78560e+01 7.90000e+01
2.80459e+01 7.90000e+01
2.82346e+01 7.90000e+01
2.84222e+01 7.90000e+01
2.86159e+01 7.90000e+01
2.88066e+01 7.90000e+01
2.89974e+01 7.90000e+01
2.91885e+01 7.90000e+01
2.93787e+01 7.90000e+01
2.95729e+01 7.90000e+01
2.97623e+01 7.90000e+01
2.99534e+01 7.90000e+01
3.01449e+01 7.90000e+01
3.03366e+01 7.90000e+01
3.05278e+01 7.90000e+01
3.07207e+01 7.90000e+01
3.09112e+01 7.90000e+01
3.11013e+01 7.90000e+01
3.12919e+01 7.90000e+01
3.14813e+01 7.90000e+01
3.16754e+01 7.90000e+01
3.18657e+01 7.90000e+01
3.20553e+01 7.90000e+01
3.22469e+01 7.90000e+01
3.24597e+01 7.90000e+01
3.26592e+01 7.90000e+01
3.28503e+01 7.90000e+01
3.30404e+01 7.90000e+01
3.32291e+01 7.90000e+01
3.34184e+01 7.90000e+01
3.36113e+01 7.90000e+01
3.37999e+01 7.90000e+01
3.39898e+01 7.90000e+01
3.41803e+01 7.90000e+01
3.43691e+01 7.90000e+01
3.45617e+01 7.90000e+01
3.47520e+01 7.90000e+01
3.49411e+01 7.90000e+01
3.51294e+01 7.90000e+01
3.53180e+01 7.90000e+01
3.55073e+01 7.90000e+01
3.57006e+01 7.90000e+01
3.58912e+01 7.90000e+01
3.60813e+01 7.90000e+01
3.62704e+01 7.90000e+01
3.64585e+01 7.90000e+01
3.66504e+01 7.90000e+01
3.68418e+01 7.90000e+01
3.70324e+01 7.90000e+01
3.72217e+01 7.90000e+01
3.74098e+01 7.90000e+01
3.76024e+01 7.90000e+01
3.77927e+01 7.90000e+01
3.79816e+01 7.90000e+01
3.81705e+01 7.90000e+01
3.83596e+01 7.90000e+01
3.85493e+01 7.90000e+01
3.87418e+01 7.90000e+01
3.89317e+01 7.90000e+01
3.91195e+01 7.90000e+01
3.93077e+01 7.90000e+01
3.94974e+01 7.90000e+01
3.96909e+01 7.90000e+01
3.98806e+01 7.90000e+01
4.00702e+01 7.90000e+01
4.02594e+01 7.90000e+01
4.04489e+01 7.90000e+01
4.06436e+01 7.90000e+01
4.08351e+01 7.90000e+01
4.10250e+01 7.90000e+01
4.12153e+01 7.90000e+01
4.14055e+01 7.90000e+01
4.15982e+01 7.90000e+01
4.17891e+01 7.90000e+01
4.19787e+01 7.90000e+01
4.21698e+01 7.90000e+01
4.23609e+01 7.90000e+01
4.25510e+01 7.90000e+01
4.27457e+01 7.90000e+01
4.29355e+01 7.90000e+01
4.31242e+01 7.90000e+01
4.33124e+01 7.90000e+01
4.35032e+01 7.90000e+01
4.36976e+01 7.90000e+01
4.38876e+01 7.90000e+01
4.40776e+01 7.90000e+01
4.42735e+01 7.90000e+01
4.44620e+01 7.90000e+01
4.46558e+01 7.90000e+01
4.48475e+01 7.90000e+01
4.50383e+01 7.90000e+01
4.52292e+01 7.90000e+01
4.54195e+01 7.90000e+01
4.56149e+01 7.90000e+01
4.58050e+01 7.90000e+01
4.59957e+01 7.90000e+01
4.61850e+01 7.90000e+01
4.63758e+01 7.90000e+01
4.65670e+01 7.90000e+01
4.67599e+01 7.90000e+01
4.69497e+01 7.90000e+01
4.71395e+01 7.90000e+01
4.73442e+01 7.90000e+01
4.75506e+01 7.90000e+01
4.77455e+01 7.90000e+01
4.79369e+01 7.90000e+01
4.81287e+01 7.90000e+01
4.83185e+01 7.90000e+01
4.85088e+01 7.90000e+01
4.87031e+01 7.90000e+01
4.88941e+01 7.90000e+01
4.90864e+01 7.90000e+01
4.92770e+01 7.90000e+01
4.94679e+01 7.90000e+01
4.96644e+01 7.90000e+01
4.98558e+01 7.90000e+01
5.00464e+01 7.90000e+01
5.02377e+01 7.90000e+01
5.04289e+01 7.90000e+01
5.06234e+01 7.90000e+01
5.08148e+01 7.90000e+01
5.10049e+01 7.90000e+01
5.11957e+01 7.90000e+01
5.13854e+01 7.90000e+01
5.15761e+01 7.90000e+01
5.17708e+01 7.90000e+01
5.19615e+01 7.90000e+01
5.21522e+01 7.90000e+01
5.23417e+01 7.90000e+01
5.25330e+01 7.90000e+01
5.27271e+01 7.90000e+01
5.29173e+01 7.90000e+01
5.31061e+01 7.90000e+01
5.32963e+01 7.90000e+01
5.34864e+01 7.90000e+01
5.36805e+01 7.90000e+01
5.38705e+01 7.90000e+01
5.40603e+01 7.90000e+01
5.42502e+01 7.90000e+01
5.44418e+01 7.90000e+01
5.46357e+01 7.90000e+01
5.48258e+01 7.90000e+01
5.50168e+01 7.90000e+01
5.52076e+01 7.90000e+01
5.53966e+01 7.90000e+01
5.55897e+01 7.90000e+01
5.57803e+01 7.90000e+01
5.59710e+01 7.90000e+01
5.61621e+01 7.90000e+01
5.63537e+01 7.90000e+01
5.65449e+01 7.90000e+01
5.67394e+01 7.90000e+01
5.69295e+01 7.90000e+01
5.71210e+01 7.90000e+01
5.73115e+01 7.90000e+01
5.75026e+01 7.90000e+01
5.76965e+01 7.90000e+01
5.78870e+01 7.90000e+01
5.80767e+01 7.90000e+01
5.82670e+01 7.90000e+01
5.84576e+01 7.90000e+01
5.86534e+01 7.90000e+01
5.88451e+01 7.90000e+01
5.90355e+01 7.90000e+01
5.92286e+01 7.90000e+01
5.94188e+01 7.90000e+01
5.96138e+01 7.90000e+01
5.98056e+01 7.90000e+01
5.99963e+01 7.90000e+01
6.01863e+01 7.90000e+01
6.03745e+01 7.90000e+01
6.05642e+01 7.90000e+01
6.07591e+01 7.90000e+01
6.09487e+01 7.90000e+01
6.11397e+01 7.90000e+01
6.13296e+01 7.90000e+01
6.15197e+01 7.90000e+01
6.17116e+01 7.90000e+01
6.19018e+01 7.90000e+01
6.20914e+01 7.90000e+01
6.22907e+01 7.90000e+01
6.24998e+01 7.90000e+01
6.26943e+01 7.90000e+01
6.28857e+01 7.90000e+01
6.30779e+01 7.90000e+01
6.32688e+01 7.90000e+01
6.34589e+01 7.90000e+01
6.36528e+01 7.90000e+01
6.38431e+01 7.90000e+01
6.40329e+01 7.90000e+01
6.42242e+01 7.90000e+01
6.44148e+01 7.90000e+01
6.46096e+01 7.90000e+01
6.48026e+01 7.90000e+01
6.49934e+01 7.90000e+01
6.51850e+01 7.90000e+01
6.53756e+01 7.90000e+01
6.55658e+01 7.90000e+01
6.57600e+01 7.90000e+01
6.59525e+01 7.90000e+01
6.61443e+01 7.90000e+01
6.63361e+01 7.90000e+01
6.65269e+01 7.90000e+01
6.67217e+01 7.90000e+01
6.69257e+01 7.90000e+01
6.71164e+01 7.90000e+01
6.73075e+01 7.90000e+01
6.74979e+01 7.90000e+01
6.76941e+01 7.90000e+01
6.78862e+01 7.90000e+01
6.80778e+01 7.90000e+01
6.82674e+01 7.90000e+01
6.84576e+01 7.90000e+01
6.86510e+01 7.90000e+01
6.88415e+01 7.90000e+01
6.90335e+01 7.90000e+01
6.92246e+01 7.90000e+01
6.94161e+01 7.90000e+01
6.96109e+01 7.90000e+01
6.98019e+01 7.90000e+01
6.99936e+01 7.90000e+01
7.01845e+01 7.90000e+01
7.03767e+01 7.90000e+01
7.05694e+01 7.90000e+01
7.07640e+01 7.90000e+01
7.09549e+01 7.90000e+01
7.11458e+01 7.90000e+01
7.13373e+01 7.90000e+01
7.15288e+01 7.90000e+01
7.17242e+01 7.90000e+01
7.19150e+01 7.90000e+01
7.21053e+01 7.90000e+01
7.22975e+01 7.90000e+01
7.24895e+01 7.90000e+01
7.26842e+01 7.90000e+01
7.28751e+01 7.90000e+01
7.30652e+01 7.90000e+01
7.32564e+01 7.90000e+01
7.34486e+01 7.90000e+01
7.36422e+01 7.90000e+01
7.38311e+01 7.90000e+01
7.40210e+01 7.90000e+01
7.42128e+01 7.90000e+01
7.44034e+01 7.90000e+01
7.45943e+01 7.90000e+01
7.47872e+01 7.90000e+01
7.49784e+01 7.90000e+01
7.51684e+01 7.90000e+01
7.53589e+01 7.90000e+01
7.55479e+01 7.90000e+01
7.57420e+01 7.90000e+01
7.59322e+01 7.90000e+01
7.61230e+01 7.90000e+01
7.63139e+01 7.90000e+01
7.65042e+01 7.90000e+01
7.66982e+01 7.90000e+01
7.68903e+01 7.90000e+01
7.70826e+01 7.90000e+01
7.72817e+01 7.90000e+01
7.74900e+01 7.90000e+01
7.76943e+01 7.90000e+01
7.78838e+01 7.90000e+01
7.80753e+01 7.90000e+01
7.82667e+01 7.90000e+01
7.84563e+01 7.90000e+01
7.86501e+01 7.90000e+01
7.88421e+01 7.90000e+01
7.90313e+01 7.90000e+01
7.92225e+01 7.90000e+01
7.94127e+01 7.90000e+01
7.96032e+01 7.90000e+01
7.97984e+01 7.90000e+01
7.99901e+01 7.90000e+01
8.01807e+01 7.90000e+01
8.03716e+01 7.90000e+01
8.05619e+01 7.90000e+01
8.07556e+01 7.90000e+01
8.09471e+01 7.90000e+01
8.11359e+01 7.90000e+01
8.13243e+01 7.90000e+01
8.15147e+01 7.90000e+01
8.17073e+01 7.90000e+01
8.18990e+01 7.90000e+01
8.20881e+01 7.90000e+01
8.22782e+01 7.90000e+01
8.24683e+01 7.90000e+01
8.26620e+01 7.90000e+01
8.28520e+01 7.90000e+01
8.30427e+01 7.90000e+01
8.32339e+01 7.90000e+01
8.34241e+01 7.90000e+01
8.36132e+01 7.90000e+01
8.38088e+01 7.90000e+01
8.40009e+01 7.90000e+01
8.41921e+01 7.90000e+01
8.43845e+01 7.90000e+01
8.45746e+01 7.90000e+01
8.47692e+01 7.90000e+01
8.49609e+01 7.90000e+01
8.51504e+01 7.90000e+01
8.53419e+01 7.90000e+01
8.55328e+01 7.90000e+01
8.57267e+01 7.90000e+01
8.59183e+01 7.90000e+01
8.61101e+01 7.90000e+01
8.63030e+01 7.90000e+01
8.64946e+01 7.90000e+01
8.66901e+01 7.90000e+01
8.68833e+01 7.90000e+01
8.70748e+01 7.90000e+01
8.72665e+01 7.90000e+01
8.74557e+01 7.90000e+01
8.76496e+01 7.90000e+01
8.78418e+01 7.90000e+01
8.80339e+01 7.90000e+01
8.82263e+01 7.90000e+01
8.84185e+01 7.90000e+01
8.86088e+01 7.90000e+01
8.88037e+01 7.90000e+01
8.89954e+01 7.90000e+01
8.91870e+01 7.90000e+01
8.93772e+01 7.90000e+01
8.95679e+01 7.90000e+01
8.97616e+01 7.90000e+01
8.99510e+01 7.90000e+01
9.01416e+01 7.90000e+01
9.03320e+01 7.90000e+01
9.05233e+01 7.90000e+01
9.07176e+01 7.90000e+01
9.09084e+01 7.90000e+01
9.10999e+01 7.90000e+01
9.12916e+01 7.90000e+01
9.14837e+01 7.90000e+01
9.16769e+01 7.90000e+01
9.18676e+01 7.90000e+01
9.20603e+01 7.90000e+01
9.22552e+01 7.90000e+01
9.24665e+01 7.90000e+01
9.26678e+01 7.90000e+01
9.28598e+01 7.90000e+01
9.30516e+01 7.90000e+01
9.32435e+01 7.90000e+01
9.34351e+01 7.90000e+01
9.36257e+01 7.90000e+01
9.38186e+01 7.90000e+01
9.40087e+01 7.90000e+01
9.41995e+01 7.90000e+01
9.43903e+01 7.90000e+01
9.45809e+01 7.90000e+01
9.47739e+01 7.90000e+01
9.49646e+01 7.90000e+01
9.51557e+01 7.90000e+01
9.53471e+01 7.90000e+01
9.55369e+01 7.90000e+01
9.57320e+01 7.90000e+01
9.59219e+01 7.90000e+01
9.61124e+01 7.90000e+01
9.63028e+01 7.90000e+01
9.64933e+01 7.90000e+01
9.66859e+01 7.90000e+01
9.68772e+01 7.90000e+01
9.70670e+01 7.90000e+01
9.72568e+01 7.90000e+01
9.74465e+01 7.90000e+01
9.76389e+01 7.90000e+01
9.78323e+01 7.90000e+01
9.80239e+01 7.90000e+01
9.82148e+01 7.90000e+01
9.84065e+01 7.90000e+01
9.85961e+01 7.90000e+01
9.87904e+01 7.90000e+01
9.89815e+01 7.90000e+01
9.91714e+01 7.90000e+01
9.93623e+01 7.90000e+01
9.95528e+01 7.90000e+01
9.97452e+01 7.90000e+01
9.99367e+01 7.90000e+01
1.00128e+02 7.90000e+01
1.00318e+02 7.90000e+01
1.00508e+02 7.90000e+01
1.00702e+02 7.90000e+01
1.00892e+02 7.90000e+01
1.01082e+02 7.90000e+01
1.01272e+02 7.90000e+01
1.01461e+02 7.90000e+01
1.01652e+02 7.90000e+01
1.01845e+02 7.90000e+01
1.02034e+02 7.90000e+01
1.02224e+02 7.90000e+01
1.02415e+02 7.90000e+01
1.02605e+02 7.90000e+01
1.02798e+02 7.90000e+01
1.02990e+02 7.90000e+01
1.03179e+02 7.90000e+01
1.03368e+02 7.90000e+01
1.03559e+02 7.90000e+01
1.03751e+02 7.90000e+01
1.03943e+02 7.90000e+01
1.04131e+02 7.90000e+01
1.04325e+02 7.90000e+01
1.04517e+02 7.90000e+01
1.04713e+02 7.90000e+01
1.04905e+02 7.90000e+01
1.05096e+02 7.90000e+01
1.05287e+02 7.90000e+01
1.05478e+02 7.90000e+01
1.05672e+02 7.90000e+01
1.05866e+02 7.90000e+01
1.06058e+02 7.90000e+01
1.06251e+02 7.90000e+01
1.06440e+02 7.90000e+01
1.06630e+02 7.90000e+01
1.06823e+02 7.90000e+01
1.07012e+02 7.90000e+01
1.07202e+02 7.90000e+01
1.07412e+02 7.90000e+01
1.07613e+02 7.90000e+01
1.07808e+02 7.90000e+01
1.08001e+02 7.90000e+01
1.08189e+02 7.90000e+01
1.08379e+02 7.90000e+01
1.08568e+02 7.90000e+01
1.08762e+02 7.90000e+01
1.08952e+02 7.90000e+01
1.09142e+02 7.90000e+01
1.09331e+02 7.90000e+01
1.09522e+02 7.90000e+01
1.09713e+02 7.90000e+01
1.09903e+02 7.90000e+01
1.10090e+02 7.90000e+01
1.10279e+02 7.90000e+01
1.10469e+02 7.90000e+01
1.10658e+02 7.90000e+01
1.10850e+02 7.90000e+01
1.11039e+02 7.90000e+01
1.11228e+02 7.90000e+01
1.11417e+02 7.90000e+01
1.11605e+02 7.90000e+01
1.11803e+02 7.90000e+01
1.12003e+02 7.90000e+01
1.12191e+02 7.90000e+01
1.12380e+02 7.90000e+01
1.12569e+02 7.90000e+01
1.12762e+02 7.90000e+01
1.12952e+02 7.90000e+01
1.13142e+02 7.90000e+01
1.13330e+02 7.90000e+01
1.13520e+02 7.90000e+01
1.13712e+02 7.90000e+01
1.13903e+02 7.90000e+01
1.14092e+02 7.90000e+01
1.14282e+02 7.90000e+01
1.14472e+02 7.90000e+01
1.14662e+02 7.90000e+01
1.14855e+02 7.90000e+01
1.15044e+02 7.90000e+01
1.15233e+02 7.90000e+01
1.15423e+02 7.90000e+01
1.15613e+02 7.90000e+01
1.15807e+02 7.90000e+01
1.15996e+02 7.90000e+01
1.16185e+02 7.90000e+01
1.16374e+02 7.90000e+01
1.16563e+02 7.90000e+01
1.16757e+02 7.90000e+01
1.16944e+02 7.90000e+01
1.17133e+02 7.90000e+01
1.17320e+02 7.90000e+01
1.17509e+02 7.90000e+01
1.17699e+02 7.90000e+01
1.17889e+02 7.90000e+01
1.18077e+02 7.90000e+01
1.18266e+02 7.90000e+01
1.18456e+02 7.90000e+01
1.18646e+02 7.90000e+01
1.18840e+02 7.90000e+01
1.19028e+02 7.90000e+01
1.19219e+02 7.90000e+01
1.19409e+02 7.90000e+01
1.19599e+02 7.90000e+01
1.19792e+02 7.90000e+01
1.19982e+02 7.90000e+01
1.20172e+02 7.90000e+01
1.20363e+02 7.90000e+01
1.20553e+02 7.90000e+01
1.20745e+02 7.90000e+01
1.20935e+02 7.90000e+01
1.21125e+02 7.90000e+01
1.21315e+02 7.90000e+01
1.21505e+02 7.90000e+01
1.21697e+02 7.90000e+01
1.21885e+02 7.90000e+01
1.22074e+02 7.90000e+01
1.22268e+02 7.90000e+01
1.22475e+02 7.90000e+01
1.22665e+02 7.90000e+01
1.22858e+02 7.90000e+01
1.23048e+02 7.90000e+01
1.23237e+02 7.90000e+01
1.23425e+02 7.90000e+01
1.23615e+02 7.90000e+01
1.23807e+02 7.90000e+01
1.23996e+02 7.90000e+01
1.24186e+02 7.90000e+01
1.24375e+02 7.90000e+01
1.24565e+02 7.90000e+01
1.24759e+02 7.90000e+01
1.24950e+02 7.90000e+01
1.25141e+02 7.90000e+01
1.25329e+02 7.90000e+01
1.25519e+02 7.90000e+01
1.25712e+02 7.90000e+01
1.25902e+02 7.90000e+01
1.26091e+02 7.90000e+01
1.26280e+02 7.90000e+01
1.26470e+02 7.90000e+01
1.26660e+02 7.90000e+01
1.26859e+02 7.90000e+01
1.27048e+02 7.90000e+01
1.27237e+02 7.90000e+01
1.27425e+02 7.90000e+01
1.27615e+02 7.90000e+01
1.27808e+02 7.90000e+01
1.28001e+02 7.90000e+01
1.28192e+02 7.90000e+01
1.28384e+02 7.90000e+01
1.28575e+02 7.90000e+01
1.28769e+02 7.90000e+01
1.28960e+02 7.90000e+01
1.29149e+02 7.90000e+01
1.29337e+02 7.90000e+01
1.29528e+02 7.90000e+01
1.29719e+02 7.90000e+01
1.29908e+02 7.90000e+01
1.30099e+02 7.90000e+01
1.30288e+02 7.90000e+01
1.30478e+02 7.90000e+01
1.30668e+02 7.90000e+01
1.30860e+02 7.90000e+01
1.31051e+02 7.90000e+01
1.31242e+02 7.90000e+01
1.31432e+02 7.90000e+01
1.31622e+02 7.90000e+01
1.31817e+02 7.90000e+01
1.32008e+02 7.90000e+01
1.32201e+02 7.90000e+01
1.32392e+02 7.90000e+01
1.32584e+02 7.90000e+01
1.32777e+02 7.90000e+01
1.32967e+02 7.90000e+01
1.33157e+02 7.90000e+01
1.33347e+02 7.90000e+01
1.33538e+02 7.90000e+01
1.33732e+02 7.90000e+01
1.33922e+02 7.90000e+01
1.34113e+02 7.90000e+01
1.34303e+02 7.90000e+01
1.34494e+02 7.90000e+01
1.34683e+02 7.90000e+01
1.34875e+02 7.90000e+01
1.35064e+02 7.90000e+01
1.35254e+02 7.90000e+01
1.35443e+02 7.90000e+01
1.35633e+02 7.90000e+01
1.35826e+02 7.90000e+01
1.36016e+02 7.90000e+01
1.36206e+02 7.90000e+01
1.36397e+02 7.90000e+01
1.36587e+02 7.90000e+01
1.36780e+02 7.90000e+01
1.36969e+02 7.90000e+01
1.37157e+02 7.90000e+01
1.37362e+02 7.90000e+01
1.37563e+02 7.90000e+01
1.37756e+02 7.90000e+01
1.37945e+02 7.90000e+01
1.38135e+02 7.90000e+01
1.38324e+02 7.90000e+01
1.38513e+02 7.90000e+01
1.38703e+02 7.90000e+01
1.38896e+02 7.90000e+01
1.39085e+02 7.90000e+01
1.39275e+02 7.90000e+01
1.39464e+02 7.90000e+01
1.39654e+02 7.90000e+01
1.39846e+02 7.90000e+01
1.40035e+02 7.90000e+01
1.40224e+02 7.90000e+01
1.40413e+02 7.90000e+01
1.40605e+02 7.90000e+01
1.40799e+02 7.90000e+01
1.40989e+02 7.90000e+01
1.41177e+02 7.90000e+01
1.41366e+02 7.90000e+01
1.41555e+02 7.90000e+01
1.41747e+02 7.90000e+01
1.41945e+02 7.90000e+01
1.42134e+02 7.90000e+01
1.42322e+02 7.90000e+01
1.42513e+02 7.90000e+01
1.42703e+02 7.90000e+01
1.42896e+02 7.90000e+01
1.43087e+02 7.90000e+01
1.43277e+02 7.90000e+01
1.43467e+02 7.90000e+01
1.43658e+02 7.90000e+01
1.43850e+02 7.90000e+01
1.44039e+02 7.90000e+01
1.44229e+02 7.90000e+01
1.44416e+02 7.90000e+01
1.44606e+02 7.90000e+01
1.44798e+02 7.90000e+01
1.44987e+02 7.90000e+01
1.45176e+02 7.90000e+01
1.45365e+02 7.90000e+01
1.45554e+02 7.90000e+01
1.45746e+02 7.90000e+01
1.45937e+02 7.90000e+01
1.46127e+02 7.90000e+01
1.46316e+02 7.90000e+01
1.46506e+02 7.90000e+01
1.46695e+02 7.90000e+01
1.46887e+02 7.90000e+01
1.47077e+02 7.90000e+01
1.47267e+02 7.90000e+01
1.47456e+02 7.90000e+01
1.47646e+02 7.90000e+01
1.47838e+02 7.90000e+01
1.48027e+02 7.90000e+01
1.48217e+02 7.90000e+01
1.48406e+02 7.90000e+01
1.48596e+02 7.90000e+01
1.48790e+02 7.90000e+01
1.48980e+02 7.90000e+01
1.49169e+02 7.90000e+01
1.49358e+02 7.90000e+01
1.49547e+02 7.90000e+01
1.49740e+02 7.90000e+01
1.49931e+02 7.90000e+01
1.50120e+02 7.90000e+01
1.50311e+02 7.90000e+01
1.50500e+02 7.90000e+01
1.50690e+02 7.90000e+01
1.50882e+02 7.90000e+01
1.51071e+02 7.90000e+01
1.51259e+02 7.90000e+01
1.51448e+02 7.90000e+01
1.51638e+02 7.90000e+01
1.51831e+02 7.90000e+01
1.52021e+02 7.90000e+01
1.52210e+02 7.90000e+01
1.52424e+02 7.90000e+01
1.52630e+02 7.90000e+01
1.52824e+02 7.90000e+01
1.53015e+02 7.90000e+01
1.53204e+02 7.90000e+01
1.53394e+02 7.90000e+01
1.53585e+02 7.90000e+01
1.53780e+02 7.90000e+01
1.53971e+02 7.90000e+01
1.54161e+02 7.90000e+01
1.54352e+02 7.90000e+01
1.54543e+02 7.90000e+01
1.54735e+02 7.90000e+01
1.54926e+02 7.90000e+01
1.55116e+02 7.90000e+01
1.55305e+02 7.90000e+01
1.55496e+02 7.90000e+01
1.55687e+02 7.90000e+01
1.55882e+02 7.90000e+01
1.56072e+02 7.90000e+01
1.56261e+02 7.90000e+01
1.56451e+02 7.90000e+01
1.56643e+02 7.90000e+01
1.56836e+02 7.90000e+01
1.57026e+02 7.90000e+01
1.57215e+02 7.90000e+01
1.57405e+02 7.90000e+01
1.57597e+02 7.90000e+01
1.57788e+02 7.90000e+01
1.57977e+02 7.90000e+01
1.58166e+02 7.90000e+01
1.58356e+02 7.90000e+01
1.58547e+02 7.90000e+01
1.58737e+02 7.90000e+01
1.58928e+02 7.90000e+01
1.59116e+02 7.90000e+01
1.59304e+02 7.90000e+01
1.59494e+02 7.90000e+01
1.59685e+02 7.90000e+01
1.59877e+02 7.90000e+01
1.60066e+02 7.90000e+01
1.60255e+02 7.90000e+01
1.60444e+02 7.90000e+01
1.60634e+02 7.90000e+01
1.60826e+02 7.90000e+01
1.61017e+02 7.90000e+01
1.61207e+02 7.90000e+01
1.61398e+02 7.90000e+01
1.61588e+02 7.90000e+01
1.61781e+02 7.90000e+01
1.61972e+02 7.90000e+01
1.62161e+02 7.90000e+01
1.62351e+02 7.90000e+01
1.62542e+02 7.90000e+01
1.62733e+02 7.90000e+01
1.62925e+02 7.90000e+01
1.63112e+02 7.90000e+01
1.63301e+02 7.90000e+01
1.63490e+02 7.90000e+01
1.63681e+02 7.90000e+01
1.63875e+02 7.90000e+01
1.64065e+02 7.90000e+01
1.64255e+02 7.90000e+01
1.64448e+02 7.90000e+01
1.64639e+02 7.90000e+01
1.64833e+02 7.90000e+01
1.65021e+02 7.90000e+01
1.65211e+02 7.90000e+01
1.65399e+02 7.90000e+01
1.65590e+02 7.90000e+01
1.65783e+02 7.90000e+01
1.65972e+02 7.90000e+01
1.66162e+02 7.90000e+01
1.66353e+02 7.90000e+01
1.66543e+02 7.90000e+01
1.66733e+02 7.90000e+01
1.66925e+02 7.90000e+01
1.67114e+02 7.90000e+01
1.67316e+02 7.90000e+01
1.67522e+02 7.90000e+01
1.67711e+02 7.90000e+01
1.67904e+02 7.90000e+01
1.68095e+02 7.90000e+01
1.68283e+02 7.90000e+01
1.68472e+02 7.90000e+01
1.68661e+02 7.90000e+01
1.68855e+02 7.90000e+01
1.69044e+02 7.90000e+01
1.69235e+02 7.90000e+01
1.69425e+02 7.90000e+01
1.69616e+02 7.90000e+01
1.69808e+02 7.90000e+01
1.69998e+02 7.90000e+01
1.70187e+02 7.90000e+01
1.70378e+02 7.90000e+01
1.70568e+02 7.90000e+01
1.70758e+02 7.90000e+01
1.70950e+02 7.90000e+01
1.71139e+02 7.90000e+01
1.71328e+02 7.90000e+01
1.71515e+02 7.90000e+01
1.71705e+02 7.90000e+01
1.71897e+02 7.90000e+01
1.72086e+02 7.90000e+01
1.72275e+02 7.90000e+01
1.72466e+02 7.90000e+01
1.72655e+02 7.90000e+01
1.72846e+02 7.90000e+01
1.73037e+02 7.90000e+01
1.73227e+02 7.90000e+01
1.73417e+02 7.90000e+01
1.73607e+02 7.90000e+01
1.73799e+02 7.90000e+01
1.73990e+02 7.90000e+01
1.74179e+02 7.90000e+01
1.74371e+02 7.90000e+01
1.74562e+02 7.90000e+01
1.74755e+02 7.90000e+01
1.74948e+02 7.90000e+01
1.75138e+02 7.90000e+01
1.75327e+02 7.90000e+01
1.75518e+02 7.90000e+01
1.75709e+02 7.90000e+01
1.75903e+02 7.90000e+01
1.76096e+02 7.90000e+01
1.76288e+02 7.90000e+01
1.76478e+02 7.90000e+01
1.76669e+02 7.90000e+01
1.76863e+02 7.90000e+01
1.77053e+02 7.90000e+01
1.77245e+02 7.90000e+01
1.77435e+02 7.90000e+01
1.77627e+02 7.90000e+01
1.77819e+02 7.90000e+01
1.78007e+02 7.90000e+01
1.78198e+02 7.90000e+01
1.78387e+02 7.90000e+01
1.78579e+02 7.90000e+01
1.78770e+02 7.90000e+01
1.78960e+02 7.90000e+01
1.79150e+02 7.90000e+01
1.79341e+02 7.90000e+01
1.79532e+02 7.90000e+01
1.79722e+02 7.90000e+01
1.79913e+02 7.90000e+01
1.80104e+02 7.90000e+01
1.80295e+02 7.90000e+01
1.80486e+02 7.90000e+01
1.80678e+02 7.90000e+01
1.80871e+02 7.90000e+01
1.81060e+02 7.90000e+01
1.81250e+02 7.90000e+01
1.81438e+02 7.90000e+01
1.81630e+02 7.90000e+01
1.81822e+02 7.90000e+01
1.82011e+02 7.90000e+01
1.82201e+02 7.90000e+01
1.82414e+02 7.90000e+01
1.82610e+02 7.90000e+01
1.82804e+02 7.90000e+01
1.82993e+02 7.90000e+01
1.83184e+02 7.90000e+01
1.83375e+02 7.90000e+01
1.83565e+02 7.90000e+01
1.83755e+02 7.90000e+01
1.83948e+02 7.90000e+01
1.84137e+02 7.90000e+01
1.84327e+02 7.90000e+01
1.84516e+02 7.90000e+01
1.84706e+02 7.90000e+01
1.84898e+02 7.90000e+01
1.85086e+02 7.90000e+01
1.85276e+02 7.90000e+01
1.85465e+02 7.90000e+01
1.85654e+02 7.90000e+01
1.85846e+02 7.90000e+01
1.86035e+02 7.90000e+01
1.86222e+02 7.90000e+01
1.86410e+02 7.90000e+01
1.86599e+02 7.90000e+01
1.86794e+02 7.90000e+01
1.86994e+02 7.90000e+01
1.87184e+02 7.90000e+01
1.87373e+02 7.90000e+01
1.87563e+02 7.90000e+01
1.87753e+02 7.90000e+01
1.87946e+02 7.90000e+01
1.88137e+02 7.90000e+01
1.88326e+02 7.90000e+01
1.88517e+02 7.90000e+01
1.88708e+02 7.90000e+01
1.88901e+02 7.90000e+01
1.89090e+02 7.90000e+01
1.89280e+02 7.90000e+01
1.89470e+02 7.90000e+01
1.89661e+02 7.90000e+01
1.89854e+02 7.90000e+01
1.90045e+02 7.90000e+01
1.90235e+02 7.90000e+01
1.90424e+02 7.90000e+01
1.90613e+02 7.90000e+01
1.90805e+02 7.90000e+01
1.90995e+02 7.90000e+01
1.91184e+02 7.90000e+01
