2.00240e-02 6.54000e+02
2.15701e-01 4.83000e+02
4.10314e-01 4.05000e+02
6.04340e-01 3.98000e+02
7.97318e-01 2.91000e+02
9.89703e-01 2.31000e+02
1.18241e+00 2.20000e+02
1.37525e+00 2.15000e+02
1.56680e+00 2.03000e+02
1.75895e+00 2.27000e+02
1.95118e+00 2.14000e+02
2.14281e+00 1.79000e+02
2.33587e+00 1.68000e+02
2.52617e+00 1.69000e+02
2.71946e+00 2.08000e+02
2.91073e+00 1.73000e+02
3.10355e+00 2.04000e+02
3.29706e+00 2.10000e+02
3.48906e+00 1.43000e+02
3.68010e+00 1.51000e+02
3.87272e+00 1.78000e+02
4.06506e+00 1.63000e+02
4.25799e+00 1.98000e+02
4.44695e+00 2.12000e+02
4.63687e+00 1.39000e+02
4.82589e+00 1.44000e+02
5.01599e+00 1.80000e+02
5.20717e+00 2.53000e+02
5.40153e+00 2.29000e+02
5.59075e+00 1.90000e+02
5.78148e+00 2.33000e+02
5.97180e+00 2.54000e+02
6.16253e+00 1.46000e+02
6.35473e+00 1.27000e+02
6.54199e+00 1.12000e+02
6.73240e+00 1.24000e+02
6.92289e+00 9.90000e+01
7.11340e+00 1.23000e+02
7.30605e+00 1.19000e+02
7.49352e+00 1.15000e+02
7.68314e+00 1.42000e+02
7.87319e+00 1.54000e+02
8.06298e+00 1.23000e+02
8.25553e+00 9.80000e+01
8.44481e+00 9.90000e+01
8.63406e+00 9.50000e+01
8.82281e+00 9.70000e+01
9.01239e+00 6.80000e+01
9.20195e+00 6.00000e+01
9.39509e+00 6.00000e+01
9.58430e+00 6.00000e+01
9.77442e+00 6.00000e+01
9.96562e+00 6.00000e+01
1.01567e+01 6.00000e+01
1.03505e+01 6.00000e+01
1.05389e+01 6.00000e+01
1.07304e+01 6.00000e+01
1.09200e+01 6.00000e+01
1.11096e+01 6.00000e+01
1.13033e+01 6.00000e+01
1.15134e+01 9.10000e+01
1.17147e+01 7.50000e+01
1.19060e+01 7.50000e+01
1.20943e+01 7.50000e+01
1.22859e+01 7.50000e+01
1.24749e+01 7.50000e+01
1.26641e+01 7.50000e+01
1.28527e+01 7.50000e+01
1.30438e+01 7.50000e+01
1.32361e+01 7.50000e+01
1.34273e+01 7.50000e+01
1.36177e+01 7.50000e+01
1.38086e+01 7.50000e+01
1.39990e+01 7.50000e+01
1.41887e+01 7.50000e+01
1.43813e+01 7.50000e+01
1.45704e+01 7.50000e+01
1.47622e+01 7.50000e+01
1.49527e+01 7.50000e+01
1.51439e+01 7.50000e+01
1.53371e+01 7.50000e+01
1.55273e+01 7.50000e+01
1.57180e+01 7.50000e+01
1.59092e+01 7.50000e+01
1.60998e+01 7.50000e+01
1.62917e+01 7.50000e+01
1.64841e+01 7.50000e+01
1.66744e+01 7.50000e+01
1.68635e+01 7.50000e+01
1.70540e+01 7.50000e+01
1.72475e+01 7.50000e+01
1.74382e+01 7.50000e+01
1.76305e+01 7.50000e+01
1.78205e+01 7.50000e+01
1.80110e+01 7.50000e+01
1.82026e+01 7.50000e+01
1.83953e+01 7.50000e+01
1.85858e+01 7.50000e+01
1.87772e+01 7.50000e+01
1.89679e+01 7.50000e+01
1.91588e+01 7.50000e+01
1.93520e+01 7.50000e+01
1.95417e+01 7.50000e+01
1.97322e+01 7.50000e+01
1.99218e+01 7.50000e+01
2.01130e+01 7.50000e+01
2.03049e+01 7.50000e+01
2.04950e+01 7.50000e+01
2.06861e+01 7.50000e+01
2.08742e+01 7.50000e+01
2.10632e+01 7.50000e+01
2.12557e+01 7.50000e+01
2.14442e+01 7.50000e+01
2.16342e+01 7.50000e+01
2.18238e+01 7.50000e+01
2.20132e+01 7.50000e+01
2.22016e+01 7.50000e+01
2.23930e+01 7.50000e+01
2.25821e+01 7.50000e+01
2.27723e+01 7.50000e+01
2.29619e+01 7.50000e+01
2.31521e+01 7.50000e+01
2.33471e+01 7.50000e+01
2.35374e+01 7.50000e+01
2.37294e+01 7.50000e+01
2.39192e+01 7.50000e+01
2.41096e+01 7.50000e+01
2.43019e+01 7.50000e+01
2.44907e+01 7.50000e+01
2.46802e+01 7.50000e+01
2.48696e+01 7.50000e+01
2.50595e+01 7.50000e+01
2.52514e+01 7.50000e+01
2.54438e+01 7.50000e+01
2.56348e+01 7.50000e+01
2.58253e+01 7.50000e+01
2.60153e+01 7.50000e+01
2.62060e+01 7.50000e+01
2.64056e+01 7.50000e+01
2.66180e+01 7.50000e+01
2.68102e+01 7.50000e+01
2.70006e+01 7.50000e+01
2.71928e+01 7.50000e+01
2.73873e+01 7.50000e+01
2.75770e+01 7.50000e+01
2.77687e+01 7.50000e+01
2.79614e+01 7.50000e+01
2.81529e+01 7.50000e+01
2.83464e+01 7.50000e+01
2.85369e+01 7.50000e+01
2.87264e+01 7.50000e+01
2.89158e+01 7.50000e+01
2.91061e+01 7.50000e+01
2.92975e+01 7.50000e+01
2.94858e+01 7.50000e+01
2.96764e+01 7.50000e+01
2.98671e+01 7.50000e+01
3.00574e+01 7.50000e+01
3.02472e+01 7.50000e+01
3.04384e+01 7.50000e+01
3.06271e+01 7.50000e+01
3.08176e+01 7.50000e+01
3.10090e+01 7.50000e+01
3.11994e+01 7.50000e+01
3.13931e+01 7.50000e+01
3.15815e+01 7.50000e+01
3.17727e+01 7.50000e+01
3.19635e+01 7.50000e+01
3.21526e+01 7.50000e+01
3.23458e+01 7.50000e+01
3.25358e+01 7.50000e+01
3.27264e+01 7.50000e+01
3.29171e+01 7.50000e+01
3.31085e+01 7.50000e+01
3.33017e+01 7.50000e+01
3.34932e+01 7.50000e+01
3.36837e+01 7.50000e+01
3.38750e+01 7.50000e+01
3.40649e+01 7.50000e+01
3.42544e+01 7.50000e+01
3.44491e+01 7.50000e+01
3.46390e+01 7.50000e+01
3.48310e+01 7.50000e+01
3.50217e+01 7.50000e+01
3.52109e+01 7.50000e+01
3.54043e+01 7.50000e+01
3.55933e+01 7.50000e+01
3.57845e+01 7.50000e+01
3.59758e+01 7.50000e+01
3.61668e+01 7.50000e+01
3.63601e+01 7.50000e+01
3.65516e+01 7.50000e+01
3.67423e+01 7.50000e+01
3.69333e+01 7.50000e+01
3.71222e+01 7.50000e+01
3.73135e+01 7.50000e+01
3.75034e+01 7.50000e+01
3.76976e+01 7.50000e+01
3.78881e+01 7.50000e+01
3.80771e+01 7.50000e+01
3.82661e+01 7.50000e+01
3.84585e+01 7.50000e+01
3.86468e+01 7.50000e+01
3.88359e+01 7.50000e+01
3.90271e+01 7.50000e+01
3.92167e+01 7.50000e+01
3.94091e+01 7.50000e+01
3.95978e+01 7.50000e+01
3.97871e+01 7.50000e+01
3.99769e+01 7.50000e+01
4.01653e+01 7.50000e+01
4.03582e+01 7.50000e+01
4.05483e+01 7.50000e+01
4.07385e+01 7.50000e+01
4.09273e+01 7.50000e+01
4.11167e+01 7.50000e+01
4.13096e+01 7.50000e+01
4.15194e+01 7.50000e+01
4.17179e+01 7.50000e+01
4.19090e+01 7.50000e+01
4.20997e+01 7.50000e+01
4.22917e+01 7.50000e+01
4.24822e+01 7.50000e+01
4.26713e+01 7.50000e+01
4.28605e+01 7.50000e+01
4.30499e+01 7.50000e+01
4.32383e+01 7.50000e+01
4.34298e+01 7.50000e+01
4.36184e+01 7.50000e+01
4.38076e+01 7.50000e+01
4.39985e+01 7.50000e+01
4.41880e+01 7.50000e+01
4.43815e+01 7.50000e+01
4.45722e+01 7.50000e+01
4.47625e+01 7.50000e+01
4.49530e+01 7.50000e+01
4.51444e+01 7.50000e+01
4.53377e+01 7.50000e+01
4.55281e+01 7.50000e+01
4.57185e+01 7.50000e+01
4.59107e+01 7.50000e+01
4.61026e+01 7.50000e+01
4.62966e+01 7.50000e+01
4.64868e+01 7.50000e+01
4.66780e+01 7.50000e+01
4.68690e+01 7.50000e+01
4.70574e+01 7.50000e+01
4.72468e+01 7.50000e+01
4.74421e+01 7.50000e+01
4.76322e+01 7.50000e+01
4.78226e+01 7.50000e+01
4.80132e+01 7.50000e+01
4.82048e+01 7.50000e+01
4.83962e+01 7.50000e+01
4.85858e+01 7.50000e+01
4.87756e+01 7.50000e+01
4.89648e+01 7.50000e+01
4.91562e+01 7.50000e+01
4.93508e+01 7.50000e+01
4.95413e+01 7.50000e+01
4.97323e+01 7.50000e+01
4.99230e+01 7.50000e+01
5.01137e+01 7.50000e+01
5.03062e+01 7.50000e+01
5.04962e+01 7.50000e+01
5.06872e+01 7.50000e+01
5.08784e+01 7.50000e+01
5.10688e+01 7.50000e+01
5.12595e+01 7.50000e+01
5.14549e+01 7.50000e+01
5.16456e+01 7.50000e+01
5.18351e+01 7.50000e+01
5.20257e+01 7.50000e+01
5.22154e+01 7.50000e+01
5.24089e+01 7.50000e+01
5.25996e+01 7.50000e+01
5.27901e+01 7.50000e+01
5.29802e+01 7.50000e+01
5.31709e+01 7.50000e+01
5.33635e+01 7.50000e+01
5.35525e+01 7.50000e+01
5.37430e+01 7.50000e+01
5.39331e+01 7.50000e+01
5.41246e+01 7.50000e+01
5.43178e+01 7.50000e+01
5.45092e+01 7.50000e+01
5.47004e+01 7.50000e+01
5.48927e+01 7.50000e+01
5.50835e+01 7.50000e+01
5.52739e+01 7.50000e+01
5.54680e+01 7.50000e+01
5.56594e+01 7.50000e+01
5.58495e+01 7.50000e+01
5.60401e+01 7.50000e+01
5.62296e+01 7.50000e+01
5.64326e+01 7.50000e+01
5.66428e+01 7.50000e+01
5.68368e+01 7.50000e+01
5.70240e+01 7.50000e+01
5.72137e+01 7.50000e+01
5.74073e+01 7.50000e+01
5.75971e+01 7.50000e+01
5.77876e+01 7.50000e+01
5.79770e+01 7.50000e+01
5.81660e+01 7.50000e+01
5.83595e+01 7.50000e+01
5.85482e+01 7.50000e+01
5.87368e+01 7.50000e+01
5.89274e+01 7.50000e+01
5.91168e+01 7.50000e+01
5.93078e+01 7.50000e+01
5.94985e+01 7.50000e+01
5.96888e+01 7.50000e+01
5.98790e+01 7.50000e+01
6.00696e+01 7.50000e+01
6.02592e+01 7.50000e+01
6.04526e+01 7.50000e+01
6.06439e+01 7.50000e+01
6.08345e+01 7.50000e+01
6.10244e+01 7.50000e+01
6.12149e+01 7.50000e+01
6.14073e+01 7.50000e+01
6.15955e+01 7.50000e+01
6.17858e+01 7.50000e+01
6.19759e+01 7.50000e+01
6.21662e+01 7.50000e+01
6.23593e+01 7.50000e+01
6.25497e+01 7.50000e+01
6.27391e+01 7.50000e+01
6.29300e+01 7.50000e+01
6.31207e+01 7.50000e+01
6.33135e+01 7.50000e+01
6.35041e+01 7.50000e+01
6.36949e+01 7.50000e+01
6.38855e+01 7.50000e+01
6.40767e+01 7.50000e+01
6.42690e+01 7.50000e+01
6.44621e+01 7.50000e+01
6.46524e+01 7.50000e+01
6.48418e+01 7.50000e+01
6.50324e+01 7.50000e+01
6.52246e+01 7.50000e+01
6.54183e+01 7.50000e+01
6.56098e+01 7.50000e+01
6.58028e+01 7.50000e+01
6.59948e+01 7.50000e+01
6.61839e+01 7.50000e+01
6.63774e+01 7.50000e+01
6.65698e+01 7.50000e+01
6.67619e+01 7.50000e+01
6.69541e+01 7.50000e+01
6.71442e+01 7.50000e+01
6.73376e+01 7.50000e+01
6.75296e+01 7.50000e+01
6.77217e+01 7.50000e+01
6.79145e+01 7.50000e+01
6.81051e+01 7.50000e+01
6.82966e+01 7.50000e+01
6.84898e+01 7.50000e+01
6.86835e+01 7.50000e+01
6.88736e+01 7.50000e+01
6.90634e+01 7.50000e+01
6.92546e+01 7.50000e+01
6.94501e+01 7.50000e+01
6.96409e+01 7.50000e+01
6.98324e+01 7.50000e+01
7.00226e+01 7.50000e+01
7.02122e+01 7.50000e+01
7.04061e+01 7.50000e+01
7.05954e+01 7.50000e+01
7.07853e+01 7.50000e+01
7.09757e+01 7.50000e+01
7.11670e+01 7.50000e+01
7.13596e+01 7.50000e+01
7.15688e+01 7.50000e+01
7.17580e+01 7.50000e+01
7.19484e+01 7.50000e+01
7.21401e+01 7.50000e+01
7.23314e+01 7.50000e+01
7.25210e+01 7.50000e+01
7.27110e+01 7.50000e+01
7.29014e+01 7.50000e+01
7.30906e+01 7.50000e+01
7.32826e+01 7.50000e+01
7.34759e+01 7.50000e+01
7.36658e+01 7.50000e+01
7.38567e+01 7.50000e+01
7.40463e+01 7.50000e+01
7.42350e+01 7.50000e+01
7.44288e+01 7.50000e+01
7.46185e+01 7.50000e+01
7.48080e+01 7.50000e+01
7.50001e+01 7.50000e+01
7.51900e+01 7.50000e+01
7.53825e+01 7.50000e+01
7.55724e+01 7.50000e+01
7.57612e+01 7.50000e+01
7.59532e+01 7.50000e+01
7.61438e+01 7.50000e+01
7.63375e+01 7.50000e+01
7.65286e+01 7.50000e+01
7.67176e+01 7.50000e+01
7.69069e+01 7.50000e+01
7.70977e+01 7.50000e+01
7.72886e+01 7.50000e+01
7.74809e+01 7.50000e+01
7.76706e+01 7.50000e+01
7.78585e+01 7.50000e+01
7.80487e+01 7.50000e+01
7.82372e+01 7.50000e+01
7.84292e+01 7.50000e+01
7.86190e+01 7.50000e+01
7.88096e+01 7.50000e+01
7.89995e+01 7.50000e+01
7.91873e+01 7.50000e+01
7.93784e+01 7.50000e+01
7.95672e+01 7.50000e+01
7.97576e+01 7.50000e+01
7.99468e+01 7.50000e+01
8.01368e+01 7.50000e+01
8.03258e+01 7.50000e+01
8.05173e+01 7.50000e+01
8.07061e+01 7.50000e+01
8.08936e+01 7.50000e+01
8.10815e+01 7.50000e+01
8.12720e+01 7.50000e+01
8.14643e+01 7.50000e+01
8.16556e+01 7.50000e+01
8.18459e+01 7.50000e+01
8.20354e+01 7.50000e+01
8.22259e+01 7.50000e+01
8.24185e+01 7.50000e+01
8.26065e+01 7.50000e+01
8.27952e+01 7.50000e+01
8.29857e+01 7.50000e+01
8.31749e+01 7.50000e+01
8.33663e+01 7.50000e+01
8.35568e+01 7.50000e+01
8.37451e+01 7.50000e+01
8.39352e+01 7.50000e+01
8.41241e+01 7.50000e+01
8.43127e+01 7.50000e+01
8.45036e+01 7.50000e+01
8.46941e+01 7.50000e+01
8.48834e+01 7.50000e+01
8.50723e+01 7.50000e+01
8.52617e+01 7.50000e+01
8.54530e+01 7.50000e+01
8.56424e+01 7.50000e+01
8.58327e+01 7.50000e+01
8.60215e+01 7.50000e+01
8.62116e+01 7.50000e+01
8.64123e+01 7.50000e+01
8.66243e+01 7.50000e+01
8.68144e+01 7.50000e+01
8.70055e+01 7.50000e+01
8.71947e+01 7.50000e+01
8.73880e+01 7.50000e+01
8.75782e+01 7.50000e+01
8.77684e+01 7.50000e+01
8.79584e+01 7.50000e+01
8.81480e+01 7.50000e+01
8.83389e+01 7.50000e+01
8.85309e+01 7.50000e+01
8.87198e+01 7.50000e+01
8.89094e+01 7.50000e+01
8.90979e+01 7.50000e+01
8.92885e+01 7.50000e+01
8.94802e+01 7.50000e+01
8.96705e+01 7.50000e+01
8.98610e+01 7.50000e+01
9.00508e+01 7.50000e+01
9.02394e+01 7.50000e+01
9.04310e+01 7.50000e+01
9.06189e+01 7.50000e+01
9.08095e+01 7.50000e+01
9.09985e+01 7.50000e+01
9.11871e+01 7.50000e+01
9.13781e+01 7.50000e+01
9.15668e+01 7.50000e+01
9.17555e+01 7.50000e+01
9.19454e+01 7.50000e+01
9.21352e+01 7.50000e+01
9.23239e+01 7.50000e+01
9.25153e+01 7.50000e+01
9.27037e+01 7.50000e+01
9.28918e+01 7.50000e+01
9.30811e+01 7.50000e+01
9.32705e+01 7.50000e+01
9.34624e+01 7.50000e+01
9.36506e+01 7.50000e+01
9.38401e+01 7.50000e+01
9.40283e+01 7.50000e+01
9.42174e+01 7.50000e+01
9.44076e+01 7.50000e+01
9.45959e+01 7.50000e+01
9.47854e+01 7.50000e+01
9.49761e+01 7.50000e+01
9.51647e+01 7.50000e+01
9.53543e+01 7.50000e+01
9.55469e+01 7.50000e+01
9.57357e+01 7.50000e+01
9.59244e+01 7.50000e+01
9.61135e+01 7.50000e+01
9.63014e+01 7.50000e+01
9.64925e+01 7.50000e+01
9.66828e+01 7.50000e+01
9.68726e+01 7.50000e+01
9.70624e+01 7.50000e+01
9.72526e+01 7.50000e+01
9.74436e+01 7.50000e+01
9.76336e+01 7.50000e+01
9.78290e+01 7.50000e+01
9.80190e+01 7.50000e+01
9.82074e+01 7.50000e+01
9.83996e+01 7.50000e+01
9.85897e+01 7.50000e+01
9.87806e+01 7.50000e+01
9.89723e+01 7.50000e+01
9.91611e+01 7.50000e+01
9.93509e+01 7.50000e+01
9.95450e+01 7.50000e+01
9.97356e+01 7.50000e+01
9.99249e+01 7.50000e+01
1.00115e+02 7.50000e+01
1.00304e+02 7.50000e+01
1.00496e+02 7.50000e+01
1.00686e+02 7.50000e+01
1.00876e+02 7.50000e+01
1.01065e+02 7.50000e+01
1.01255e+02 7.50000e+01
1.01462e+02 7.50000e+01
1.01663e+02 7.50000e+01
1.01854e+02 7.50000e+01
1.02042e+02 7.50000e+01
1.02231e+02 7.50000e+01
1.02421e+02 7.50000e+01
1.02611e+02 7.50000e+01
1.02800e+02 7.50000e+01
1.02990e+02 7.50000e+01
1.03179e+02 7.50000e+01
1.03370e+02 7.50000e+01
1.03561e+02 7.50000e+01
1.03751e+02 7.50000e+01
1.03939e+02 7.50000e+01
1.04129e+02 7.50000e+01
1.04318e+02 7.50000e+01
1.04510e+02 7.50000e+01
1.04699e+02 7.50000e+01
1.04887e+02 7.50000e+01
1.05076e+02 7.50000e+01
1.05265e+02 7.50000e+01
1.05457e+02 7.50000e+01
1.05647e+02 7.50000e+01
1.05837e+02 7.50000e+01
1.06027e+02 7.50000e+01
1.06217e+02 7.50000e+01
1.06408e+02 7.50000e+01
1.06596e+02 7.50000e+01
1.06786e+02 7.50000e+01
1.06975e+02 7.50000e+01
1.07164e+02 7.50000e+01
1.07352e+02 7.50000e+01
1.07545e+02 7.50000e+01
1.07735e+02 7.50000e+01
1.07924e+02 7.50000e+01
1.08114e+02 7.50000e+01
1.08303e+02 7.50000e+01
1.08494e+02 7.50000e+01
1.08683e+02 7.50000e+01
1.08872e+02 7.50000e+01
1.09063e+02 7.50000e+01
1.09252e+02 7.50000e+01
1.09443e+02 7.50000e+01
1.09631e+02 7.50000e+01
1.09820e+02 7.50000e+01
1.10007e+02 7.50000e+01
1.10196e+02 7.50000e+01
1.10389e+02 7.50000e+01
1.10579e+02 7.50000e+01
1.10768e+02 7.50000e+01
1.10957e+02 7.50000e+01
1.11144e+02 7.50000e+01
1.11333e+02 7.50000e+01
1.11525e+02 7.50000e+01
1.11713e+02 7.50000e+01
1.11901e+02 7.50000e+01
1.12090e+02 7.50000e+01
1.12278e+02 7.50000e+01
1.12470e+02 7.50000e+01
1.12659e+02 7.50000e+01
1.12846e+02 7.50000e+01
1.13034e+02 7.50000e+01
1.13223e+02 7.50000e+01
1.13414e+02 7.50000e+01
1.13603e+02 7.50000e+01
1.13793e+02 7.50000e+01
1.13983e+02 7.50000e+01
1.14172e+02 7.50000e+01
1.14362e+02 7.50000e+01
1.14552e+02 7.50000e+01
1.14741e+02 7.50000e+01
1.14933e+02 7.50000e+01
1.15123e+02 7.50000e+01
1.15312e+02 7.50000e+01
1.15504e+02 7.50000e+01
1.15694e+02 7.50000e+01
1.15883e+02 7.50000e+01
1.16071e+02 7.50000e+01
1.16260e+02 7.50000e+01
1.16465e+02 7.50000e+01
1.16676e+02 7.50000e+01
1.16864e+02 7.50000e+01
1.17053e+02 7.50000e+01
1.17243e+02 7.50000e+01
1.17436e+02 7.50000e+01
1.17626e+02 7.50000e+01
1.17817e+02 7.50000e+01
1.18007e+02 7.50000e+01
1.18199e+02 7.50000e+01
1.18391e+02 7.50000e+01
1.18581e+02 7.50000e+01
1.18771e+02 7.50000e+01
1.18962e+02 7.50000e+01
1.19153e+02 7.50000e+01
1.19343e+02 7.50000e+01
1.19536e+02 7.50000e+01
1.19726e+02 7.50000e+01
1.19916e+02 7.50000e+01
1.20107e+02 7.50000e+01
1.20296e+02 7.50000e+01
1.20489e+02 7.50000e+01
1.20679e+02 7.50000e+01
1.20870e+02 7.50000e+01
1.21071e+02 7.50000e+01
1.21262e+02 7.50000e+01
1.21454e+02 7.50000e+01
1.21645e+02 7.50000e+01
1.21835e+02 7.50000e+01
1.22024e+02 7.50000e+01
1.22213e+02 7.50000e+01
1.22406e+02 7.50000e+01
1.22598e+02 7.50000e+01
1.22789e+02 7.50000e+01
1.22980e+02 7.50000e+01
1.23170e+02 7.50000e+01
1.23361e+02 7.50000e+01
1.23555e+02 7.50000e+01
1.23745e+02 7.50000e+01
1.23935e+02 7.50000e+01
1.24126e+02 7.50000e+01
1.24315e+02 7.50000e+01
1.24508e+02 7.50000e+01
1.24698e+02 7.50000e+01
1.24886e+02 7.50000e+01
1.25076e+02 7.50000e+01
1.25266e+02 7.50000e+01
1.25458e+02 7.50000e+01
1.25648e+02 7.50000e+01
1.25838e+02 7.50000e+01
1.26028e+02 7.50000e+01
1.26219e+02 7.50000e+01
1.26411e+02 7.50000e+01
1.26601e+02 7.50000e+01
1.26790e+02 7.50000e+01
1.26980e+02 7.50000e+01
1.27170e+02 7.50000e+01
1.27361e+02 7.50000e+01
1.27555e+02 7.50000e+01
1.27747e+02 7.50000e+01
1.27937e+02 7.50000e+01
1.28128e+02 7.50000e+01
1.28319e+02 7.50000e+01
1.28512e+02 7.50000e+01
1.28702e+02 7.50000e+01
1.28892e+02 7.50000e+01
1.29081e+02 7.50000e+01
1.29271e+02 7.50000e+01
1.29464e+02 7.50000e+01
1.29653e+02 7.50000e+01
1.29843e+02 7.50000e+01
1.30033e+02 7.50000e+01
1.30223e+02 7.50000e+01
1.30417e+02 7.50000e+01
1.30605e+02 7.50000e+01
1.30797e+02 7.50000e+01
1.30987e+02 7.50000e+01
1.31177e+02 7.50000e+01
1.31366e+02 7.50000e+01
1.31581e+02 7.50000e+01
1.31774e+02 7.50000e+01
1.31966e+02 7.50000e+01
1.32156e+02 7.50000e+01
1.32347e+02 7.50000e+01
1.32540e+02 7.50000e+01
1.32731e+02 7.50000e+01
1.32922e+02 7.50000e+01
1.33114e+02 7.50000e+01
1.33305e+02 7.50000e+01
1.33501e+02 7.50000e+01
1.33692e+02 7.50000e+01
1.33881e+02 7.50000e+01
1.34069e+02 7.50000e+01
1.34259e+02 7.50000e+01
1.34451e+02 7.50000e+01
1.34640e+02 7.50000e+01
1.34829e+02 7.50000e+01
1.35019e+02 7.50000e+01
1.35206e+02 7.50000e+01
1.35396e+02 7.50000e+01
1.35589e+02 7.50000e+01
1.35778e+02 7.50000e+01
1.35968e+02 7.50000e+01
1.36158e+02 7.50000e+01
1.36346e+02 7.50000e+01
1.36541e+02 7.50000e+01
1.36731e+02 7.50000e+01
1.36918e+02 7.50000e+01
1.37106e+02 7.50000e+01
1.37295e+02 7.50000e+01
1.37487e+02 7.50000e+01
1.37675e+02 7.50000e+01
1.37863e+02 7.50000e+01
1.38052e+02 7.50000e+01
1.38241e+02 7.50000e+01
1.38433e+02 7.50000e+01
1.38620e+02 7.50000e+01
1.38810e+02 7.50000e+01
1.38999e+02 7.50000e+01
1.39189e+02 7.50000e+01
1.39379e+02 7.50000e+01
1.39573e+02 7.50000e+01
1.39762e+02 7.50000e+01
1.39951e+02 7.50000e+01
1.40140e+02 7.50000e+01
1.40329e+02 7.50000e+01
1.40521e+02 7.50000e+01
1.40711e+02 7.50000e+01
1.40901e+02 7.50000e+01
1.41090e+02 7.50000e+01
1.41280e+02 7.50000e+01
1.41474e+02 7.50000e+01
1.41663e+02 7.50000e+01
1.41854e+02 7.50000e+01
1.42044e+02 7.50000e+01
1.42234e+02 7.50000e+01
1.42423e+02 7.50000e+01
1.42614e+02 7.50000e+01
1.42802e+02 7.50000e+01
1.42992e+02 7.50000e+01
1.43179e+02 7.50000e+01
1.43367e+02 7.50000e+01
1.43559e+02 7.50000e+01
1.43748e+02 7.50000e+01
1.43938e+02 7.50000e+01
1.44128e+02 7.50000e+01
1.44318e+02 7.50000e+01
1.44509e+02 7.50000e+01
1.44700e+02 7.50000e+01
1.44890e+02 7.50000e+01
1.45081e+02 7.50000e+01
1.45272e+02 7.50000e+01
1.45463e+02 7.50000e+01
1.45655e+02 7.50000e+01
1.45845e+02 7.50000e+01
1.46035e+02 7.50000e+01
1.46224e+02 7.50000e+01
1.46426e+02 7.50000e+01
1.46638e+02 7.50000e+01
1.46837e+02 7.50000e+01
1.47026e+02 7.50000e+01
1.47215e+02 7.50000e+01
1.47405e+02 7.50000e+01
1.47598e+02 7.50000e+01
1.47788e+02 7.50000e+01
1.47978e+02 7.50000e+01
1.48169e+02 7.50000e+01
1.48359e+02 7.50000e+01
1.48551e+02 7.50000e+01
1.48742e+02 7.50000e+01
1.48933e+02 7.50000e+01
1.49124e+02 7.50000e+01
1.49314e+02 7.50000e+01
1.49507e+02 7.50000e+01
1.49698e+02 7.50000e+01
1.49888e+02 7.50000e+01
1.50078e+02 7.50000e+01
1.50269e+02 7.50000e+01
1.50461e+02 7.50000e+01
1.50652e+02 7.50000e+01
1.50843e+02 7.50000e+01
1.51032e+02 7.50000e+01
1.51221e+02 7.50000e+01
1.51412e+02 7.50000e+01
1.51605e+02 7.50000e+01
1.51796e+02 7.50000e+01
1.51986e+02 7.50000e+01
1.52177e+02 7.50000e+01
1.52367e+02 7.50000e+01
1.52560e+02 7.50000e+01
1.52749e+02 7.50000e+01
1.52939e+02 7.50000e+01
1.53129e+02 7.50000e+01
1.53319e+02 7.50000e+01
1.53511e+02 7.50000e+01
1.53700e+02 7.50000e+01
1.53890e+02 7.50000e+01
1.54078e+02 7.50000e+01
1.54267e+02 7.50000e+01
1.54457e+02 7.50000e+01
1.54644e+02 7.50000e+01
1.54832e+02 7.50000e+01
1.55022e+02 7.50000e+01
1.55211e+02 7.50000e+01
1.55400e+02 7.50000e+01
1.55594e+02 7.50000e+01
1.55783e+02 7.50000e+01
1.55971e+02 7.50000e+01
1.56159e+02 7.50000e+01
1.56348e+02 7.50000e+01
1.56539e+02 7.50000e+01
1.56730e+02 7.50000e+01
1.56918e+02 7.50000e+01
1.57105e+02 7.50000e+01
1.57292e+02 7.50000e+01
1.57484e+02 7.50000e+01
1.57673e+02 7.50000e+01
1.57867e+02 7.50000e+01
1.58057e+02 7.50000e+01
1.58245e+02 7.50000e+01
1.58435e+02 7.50000e+01
1.58627e+02 7.50000e+01
1.58815e+02 7.50000e+01
1.59005e+02 7.50000e+01
1.59193e+02 7.50000e+01
1.59382e+02 7.50000e+01
1.59573e+02 7.50000e+01
1.59763e+02 7.50000e+01
1.59953e+02 7.50000e+01
1.60142e+02 7.50000e+01
1.60332e+02 7.50000e+01
1.60524e+02 7.50000e+01
1.60712e+02 7.50000e+01
1.60903e+02 7.50000e+01
1.61091e+02 7.50000e+01
1.61280e+02 7.50000e+01
1.61485e+02 7.50000e+01
1.61689e+02 7.50000e+01
1.61879e+02 7.50000e+01
1.62068e+02 7.50000e+01
1.62256e+02 7.50000e+01
1.62445e+02 7.50000e+01
1.62638e+02 7.50000e+01
1.62827e+02 7.50000e+01
1.63016e+02 7.50000e+01
1.63205e+02 7.50000e+01
1.63393e+02 7.50000e+01
1.63586e+02 7.50000e+01
1.63776e+02 7.50000e+01
1.63965e+02 7.50000e+01
1.64155e+02 7.50000e+01
1.64343e+02 7.50000e+01
1.64533e+02 7.50000e+01
1.64721e+02 7.50000e+01
1.64911e+02 7.50000e+01
1.65100e+02 7.50000e+01
1.65287e+02 7.50000e+01
1.65479e+02 7.50000e+01
1.65667e+02 7.50000e+01
1.65856e+02 7.50000e+01
1.66045e+02 7.50000e+01
1.66234e+02 7.50000e+01
1.66422e+02 7.50000e+01
1.66613e+02 7.50000e+01
1.66802e+02 7.50000e+01
1.66992e+02 7.50000e+01
1.67181e+02 7.50000e+01
1.67369e+02 7.50000e+01
1.67562e+02 7.50000e+01
1.67751e+02 7.50000e+01
1.67939e+02 7.50000e+01
1.68128e+02 7.50000e+01
1.68316e+02 7.50000e+01
1.68507e+02 7.50000e+01
1.68696e+02 7.50000e+01
1.68886e+02 7.50000e+01
1.69074e+02 7.50000e+01
1.69264e+02 7.50000e+01
1.69452e+02 7.50000e+01
1.69643e+02 7.50000e+01
1.69832e+02 7.50000e+01
1.70019e+02 7.50000e+01
1.70207e+02 7.50000e+01
1.70397e+02 7.50000e+01
1.70588e+02 7.50000e+01
1.70778e+02 7.50000e+01
1.70967e+02 7.50000e+01
1.71155e+02 7.50000e+01
1.71344e+02 7.50000e+01
1.71537e+02 7.50000e+01
1.71725e+02 7.50000e+01
1.71913e+02 7.50000e+01
1.72102e+02 7.50000e+01
1.72290e+02 7.50000e+01
1.72482e+02 7.50000e+01
1.72673e+02 7.50000e+01
1.72861e+02 7.50000e+01
1.73051e+02 7.50000e+01
1.73240e+02 7.50000e+01
1.73429e+02 7.50000e+01
1.73619e+02 7.50000e+01
1.73809e+02 7.50000e+01
1.73999e+02 7.50000e+01
1.74188e+02 7.50000e+01
1.74378e+02 7.50000e+01
1.74570e+02 7.50000e+01
1.74760e+02 7.50000e+01
1.74949e+02 7.50000e+01
1.75138e+02 7.50000e+01
1.75327e+02 7.50000e+01
1.75518e+02 7.50000e+01
1.75709e+02 7.50000e+01
1.75897e+02 7.50000e+01
1.76087e+02 7.50000e+01
1.76276e+02 7.50000e+01
1.76482e+02 7.50000e+01
1.76678e+02 7.50000e+01
1.76865e+02 7.50000e+01
1.77055e+02 7.50000e+01
1.77244e+02 7.50000e+01
1.77433e+02 7.50000e+01
1.77624e+02 7.50000e+01
1.77814e+02 7.50000e+01
1.78003e+02 7.50000e+01
1.78193e+02 7.50000e+01
1.78382e+02 7.50000e+01
1.78573e+02 7.50000e+01
1.78763e+02 7.50000e+01
1.78954e+02 7.50000e+01
1.79143e+02 7.50000e+01
1.79335e+02 7.50000e+01
1.79529e+02 7.50000e+01
1.79718e+02 7.50000e+01
1.79907e+02 7.50000e+01
1.80097e+02 7.50000e+01
1.80285e+02 7.50000e+01
1.80474e+02 7.50000e+01
1.80666e+02 7.50000e+01
1.80854e+02 7.50000e+01
1.81046e+02 7.50000e+01
1.81234e+02 7.50000e+01
1.81423e+02 7.50000e+01
1.81615e+02 7.50000e+01
1.81804e+02 7.50000e+01
1.81993e+02 7.50000e+01
1.82182e+02 7.50000e+01
1.82372e+02 7.50000e+01
1.82565e+02 7.50000e+01
1.82754e+02 7.50000e+01
1.82945e+02 7.50000e+01
1.83135e+02 7.50000e+01
1.83324e+02 7.50000e+01
1.83517e+02 7.50000e+01
1.83708e+02 7.50000e+01
1.83896e+02 7.50000e+01
1.84085e+02 7.50000e+01
1.84275e+02 7.50000e+01
1.84466e+02 7.50000e+01
1.84659e+02 7.50000e+01
1.84848e+02 7.50000e+01
1.85037e+02 7.50000e+01
1.85227e+02 7.50000e+01
1.85417e+02 7.50000e+01
1.85609e+02 7.50000e+01
1.85800e+02 7.50000e+01
1.85990e+02 7.50000e+01
1.86180e+02 7.50000e+01
1.86372e+02 7.50000e+01
1.86565e+02 7.50000e+01
1.86755e+02 7.50000e+01
1.86945e+02 7.50000e+01
1.87133e+02 7.50000e+01
1.87321e+02 7.50000e+01
1.87513e+02 7.50000e+01
1.87703e+02 7.50000e+01
1.87893e+02 7.50000e+01
1.88082e+02 7.50000e+01
1.88271e+02 7.50000e+01
1.88462e+02 7.50000e+01
1.88657e+02 7.50000e+01
1.88846e+02 7.50000e+01
1.89037e+02 7.50000e+01
1.89224e+02 7.50000e+01
1.89415e+02 7.50000e+01
1.89608e+02 7.50000e+01
1.89798e+02 7.50000e+01
1.89988e+02 7.50000e+01
1.90176e+02 7.50000e+01
1.90366e+02 7.50000e+01
1.90557e+02 7.50000e+01
