2.01180e-02 6.44000e+02
2.15863e-01 4.95000e+02
4.09265e-01 3.95000e+02
6.01322e-01 3.91000e+02
7.96331e-01 3.01000e+02
9.88303e-01 3.28000e+02
1.18006e+00 3.42000e+02
1.37220e+00 2.93000e+02
1.56372e+00 2.96000e+02
1.75643e+00 2.65000e+02
1.94735e+00 3.11000e+02
2.13958e+00 2.91000e+02
2.33045e+00 3.03000e+02
2.52109e+00 2.60000e+02
2.71405e+00 3.14000e+02
2.90897e+00 2.60000e+02
3.10072e+00 2.24000e+02
3.29135e+00 2.33000e+02
3.48251e+00 1.97000e+02
3.67245e+00 1.69000e+02
3.86570e+00 1.66000e+02
4.05445e+00 1.95000e+02
4.24541e+00 2.27000e+02
4.43546e+00 2.17000e+02
4.62621e+00 1.86000e+02
4.81898e+00 1.90000e+02
5.00920e+00 1.42000e+02
5.19930e+00 1.12000e+02
5.38885e+00 1.60000e+02
5.57926e+00 1.70000e+02
5.77190e+00 1.85000e+02
5.96334e+00 1.80000e+02
6.15283e+00 2.12000e+02
6.34364e+00 1.90000e+02
6.53441e+00 1.86000e+02
6.72821e+00 1.96000e+02
6.92075e+00 1.65000e+02
7.11540e+00 1.65000e+02
7.30661e+00 1.42000e+02
7.49758e+00 1.77000e+02
7.68800e+00 1.27000e+02
7.88050e+00 1.77000e+02
8.07035e+00 1.84000e+02
8.26123e+00 2.02000e+02
8.45011e+00 2.53000e+02
8.64102e+00 1.84000e+02
8.83334e+00 1.73000e+02
9.02492e+00 2.26000e+02
9.21550e+00 2.05000e+02
9.40684e+00 2.06000e+02
9.59751e+00 1.96000e+02
9.80069e+00 1.53000e+02
1.00070e+01 1.88000e+02
1.01976e+01 1.60000e+02
1.03865e+01 1.72000e+02
1.05760e+01 1.96000e+02
1.07680e+01 2.27000e+02
1.09588e+01 2.15000e+02
1.11494e+01 2.60000e+02
1.13429e+01 2.96000e+02
1.15356e+01 2.45000e+02
1.17276e+01 1.93000e+02
1.19210e+01 1.59000e+02
1.21123e+01 1.92000e+02
1.23026e+01 1.96000e+02
1.24936e+01 2.32000e+02
1.26825e+01 2.23000e+02
1.28761e+01 2.65000e+02
1.30670e+01 2.62000e+02
1.32588e+01 2.65000e+02
1.34493e+01 3.01000e+02
1.36398e+01 2.67000e+02
1.38321e+01 2.20000e+02
1.40225e+01 2.33000e+02
1.42122e+01 2.32000e+02
1.44125e+01 2.02000e+02
1.46028e+01 2.41000e+02
1.47959e+01 1.97000e+02
1.49861e+01 2.12000e+02
1.51750e+01 1.86000e+02
1.53662e+01 2.33000e+02
1.55569e+01 2.47000e+02
1.57489e+01 2.08000e+02
1.59410e+01 1.93000e+02
1.61310e+01 1.97000e+02
1.63202e+01 1.65000e+02
1.65101e+01 1.61000e+02
1.66990e+01 1.82000e+02
1.68929e+01 2.14000e+02
1.70850e+01 2.52000e+02
1.72743e+01 2.16000e+02
1.74647e+01 1.61000e+02
1.76544e+01 2.06000e+02
1.78472e+01 2.38000e+02
1.80388e+01 2.57000e+02
1.82295e+01 2.73000e+02
1.84196e+01 2.41000e+02
1.86096e+01 2.30000e+02
1.88015e+01 1.94000e+02
1.89911e+01 1.99000e+02
1.91805e+01 2.15000e+02
1.93707e+01 1.99000e+02
1.95606e+01 1.72000e+02
1.97527e+01 2.01000e+02
1.99426e+01 2.05000e+02
2.01351e+01 1.97000e+02
2.03257e+01 1.09000e+02
2.05159e+01 9.40000e+01
2.07060e+01 1.12000e+02
2.08987e+01 1.18000e+02
2.10898e+01 1.29000e+02
2.12817e+01 1.09000e+02
2.14707e+01 1.26000e+02
2.16600e+01 1.20000e+02
2.18551e+01 1.17000e+02
2.20470e+01 1.28000e+02
2.22363e+01 1.49000e+02
2.24257e+01 1.26000e+02
2.26164e+01 1.29000e+02
2.28103e+01 1.40000e+02
2.29997e+01 1.62000e+02
2.31897e+01 1.34000e+02
2.33815e+01 1.19000e+02
2.35713e+01 1.26000e+02
2.37633e+01 1.16000e+02
2.39543e+01 1.10000e+02
2.41454e+01 9.80000e+01
2.43355e+01 9.00000e+01
2.45236e+01 1.06000e+02
2.47143e+01 1.16000e+02
2.49278e+01 1.33000e+02
2.51229e+01 1.65000e+02
2.53144e+01 1.50000e+02
2.55050e+01 1.50000e+02
2.56955e+01 1.13000e+02
2.58895e+01 8.30000e+01
2.60795e+01 9.20000e+01
2.62705e+01 9.10000e+01
2.64619e+01 7.40000e+01
2.66523e+01 8.00000e+01
2.68448e+01 8.00000e+01
2.70338e+01 5.20000e+01
2.72247e+01 5.20000e+01
2.74154e+01 5.20000e+01
2.76053e+01 5.20000e+01
2.77973e+01 5.20000e+01
2.79871e+01 5.20000e+01
2.81784e+01 5.20000e+01
2.83686e+01 5.20000e+01
2.85592e+01 5.20000e+01
2.87496e+01 5.20000e+01
2.89433e+01 5.20000e+01
2.91337e+01 5.20000e+01
2.93253e+01 5.20000e+01
2.95163e+01 5.20000e+01
2.97063e+01 5.20000e+01
2.98980e+01 5.20000e+01
3.00883e+01 5.20000e+01
3.02787e+01 5.20000e+01
3.04699e+01 5.20000e+01
3.06609e+01 5.20000e+01
3.08548e+01 5.20000e+01
3.10449e+01 5.20000e+01
3.12358e+01 5.20000e+01
3.14257e+01 5.20000e+01
3.16167e+01 5.20000e+01
3.18100e+01 5.20000e+01
3.20008e+01 5.20000e+01
3.21919e+01 5.20000e+01
3.23814e+01 5.20000e+01
3.25722e+01 5.20000e+01
3.27636e+01 5.20000e+01
3.29560e+01 5.20000e+01
3.31478e+01 5.20000e+01
3.33387e+01 5.20000e+01
3.35293e+01 5.20000e+01
3.37199e+01 5.20000e+01
3.39128e+01 5.20000e+01
3.41028e+01 5.20000e+01
3.42946e+01 5.20000e+01
3.44849e+01 5.20000e+01
3.46758e+01 5.20000e+01
3.48698e+01 5.20000e+01
3.50609e+01 5.20000e+01
3.52512e+01 5.20000e+01
3.54431e+01 5.20000e+01
3.56341e+01 5.20000e+01
3.58274e+01 5.20000e+01
3.60182e+01 5.20000e+01
3.62076e+01 5.20000e+01
3.63972e+01 5.20000e+01
3.65880e+01 5.20000e+01
3.67803e+01 5.20000e+01
3.69696e+01 5.20000e+01
3.71612e+01 5.20000e+01
3.73500e+01 5.20000e+01
3.75394e+01 5.20000e+01
3.77305e+01 5.20000e+01
3.79247e+01 5.20000e+01
3.81154e+01 5.20000e+01
3.83040e+01 5.20000e+01
3.84948e+01 5.20000e+01
3.86847e+01 5.20000e+01
3.88776e+01 5.20000e+01
3.90671e+01 5.20000e+01
3.92592e+01 5.20000e+01
3.94491e+01 5.20000e+01
3.96387e+01 5.20000e+01
3.98446e+01 5.20000e+01
4.00451e+01 5.20000e+01
4.02368e+01 5.20000e+01
4.04279e+01 5.20000e+01
4.06198e+01 5.20000e+01
4.08154e+01 5.20000e+01
4.10075e+01 5.20000e+01
4.11998e+01 5.20000e+01
4.13906e+01 5.20000e+01
4.15830e+01 5.20000e+01
4.17752e+01 5.20000e+01
4.19679e+01 5.20000e+01
4.21584e+01 5.20000e+01
4.23489e+01 5.20000e+01
4.25386e+01 5.20000e+01
4.27288e+01 5.20000e+01
4.29247e+01 5.20000e+01
4.31165e+01 5.20000e+01
4.33095e+01 5.20000e+01
4.35010e+01 5.20000e+01
4.36930e+01 5.20000e+01
4.38878e+01 5.20000e+01
4.40781e+01 5.20000e+01
4.42714e+01 5.20000e+01
4.44694e+01 5.20000e+01
4.46613e+01 5.20000e+01
4.48551e+01 5.20000e+01
4.50471e+01 5.20000e+01
4.52371e+01 5.20000e+01
4.54299e+01 5.20000e+01
4.56208e+01 5.20000e+01
4.58159e+01 5.20000e+01
4.60062e+01 5.20000e+01
4.61977e+01 5.20000e+01
4.63885e+01 5.20000e+01
4.65800e+01 5.20000e+01
4.67694e+01 5.20000e+01
4.69632e+01 5.20000e+01
4.71533e+01 5.20000e+01
4.73437e+01 5.20000e+01
4.75327e+01 5.20000e+01
4.77222e+01 5.20000e+01
4.79152e+01 5.20000e+01
4.81052e+01 5.20000e+01
4.82952e+01 5.20000e+01
4.84849e+01 5.20000e+01
4.86760e+01 5.20000e+01
4.88703e+01 5.20000e+01
4.90600e+01 5.20000e+01
4.92503e+01 5.20000e+01
4.94402e+01 5.20000e+01
4.96293e+01 5.20000e+01
4.98229e+01 5.20000e+01
5.00150e+01 5.20000e+01
5.02061e+01 5.20000e+01
5.03949e+01 5.20000e+01
5.05835e+01 5.20000e+01
5.07737e+01 5.20000e+01
5.09673e+01 5.20000e+01
5.11578e+01 5.20000e+01
5.13474e+01 5.20000e+01
5.15365e+01 5.20000e+01
5.17278e+01 5.20000e+01
5.19199e+01 5.20000e+01
5.21101e+01 5.20000e+01
5.23003e+01 5.20000e+01
5.24902e+01 5.20000e+01
5.26840e+01 5.20000e+01
5.28800e+01 5.20000e+01
5.30711e+01 5.20000e+01
5.32615e+01 5.20000e+01
5.34507e+01 5.20000e+01
5.36400e+01 5.20000e+01
5.38344e+01 5.20000e+01
5.40244e+01 5.20000e+01
5.42143e+01 5.20000e+01
5.44041e+01 5.20000e+01
5.45933e+01 5.20000e+01
5.47900e+01 5.20000e+01
5.50008e+01 5.20000e+01
5.51909e+01 5.20000e+01
5.53812e+01 5.20000e+01
5.55702e+01 5.20000e+01
5.57584e+01 5.20000e+01
5.59501e+01 5.20000e+01
5.61395e+01 5.20000e+01
5.63289e+01 5.20000e+01
5.65178e+01 5.20000e+01
5.67071e+01 5.20000e+01
5.68996e+01 5.20000e+01
5.70890e+01 5.20000e+01
5.72778e+01 5.20000e+01
5.74665e+01 5.20000e+01
5.76564e+01 5.20000e+01
5.78489e+01 5.20000e+01
5.80380e+01 5.20000e+01
5.82288e+01 5.20000e+01
5.84192e+01 5.20000e+01
5.86085e+01 5.20000e+01
5.87974e+01 5.20000e+01
5.89872e+01 5.20000e+01
5.91765e+01 5.20000e+01
5.93685e+01 5.20000e+01
5.95594e+01 5.20000e+01
5.97510e+01 5.20000e+01
5.99443e+01 5.20000e+01
6.01338e+01 5.20000e+01
6.03231e+01 5.20000e+01
6.05128e+01 5.20000e+01
6.07029e+01 5.20000e+01
6.08951e+01 5.20000e+01
6.10851e+01 5.20000e+01
6.12745e+01 5.20000e+01
6.14649e+01 5.20000e+01
6.16579e+01 5.20000e+01
6.18527e+01 5.20000e+01
6.20430e+01 5.20000e+01
6.22331e+01 5.20000e+01
6.24228e+01 5.20000e+01
6.26135e+01 5.20000e+01
6.28046e+01 5.20000e+01
6.29962e+01 5.20000e+01
6.31867e+01 5.20000e+01
6.33748e+01 5.20000e+01
6.35651e+01 5.20000e+01
6.37567e+01 5.20000e+01
6.39505e+01 5.20000e+01
6.41416e+01 5.20000e+01
6.43312e+01 5.20000e+01
6.45197e+01 5.20000e+01
6.47092e+01 5.20000e+01
6.49025e+01 5.20000e+01
6.50919e+01 5.20000e+01
6.52826e+01 5.20000e+01
6.54696e+01 5.20000e+01
6.56601e+01 5.20000e+01
6.58536e+01 5.20000e+01
6.60455e+01 5.20000e+01
6.62369e+01 5.20000e+01
6.64295e+01 5.20000e+01
6.66194e+01 5.20000e+01
6.68097e+01 5.20000e+01
6.70031e+01 5.20000e+01
6.71930e+01 5.20000e+01
6.73828e+01 5.20000e+01
6.75724e+01 5.20000e+01
6.77629e+01 5.20000e+01
6.79563e+01 5.20000e+01
6.81470e+01 5.20000e+01
6.83374e+01 5.20000e+01
6.85261e+01 5.20000e+01
6.87166e+01 5.20000e+01
6.89099e+01 5.20000e+01
6.91030e+01 5.20000e+01
6.92922e+01 5.20000e+01
6.94805e+01 5.20000e+01
6.96707e+01 5.20000e+01
6.98801e+01 5.20000e+01
7.00880e+01 5.20000e+01
7.02780e+01 5.20000e+01
7.04677e+01 5.20000e+01
7.06570e+01 5.20000e+01
7.08500e+01 5.20000e+01
7.10405e+01 5.20000e+01
7.12308e+01 5.20000e+01
7.14208e+01 5.20000e+01
7.16097e+01 5.20000e+01
7.17997e+01 5.20000e+01
7.19926e+01 5.20000e+01
7.21827e+01 5.20000e+01
7.23708e+01 5.20000e+01
7.25592e+01 5.20000e+01
7.27478e+01 5.20000e+01
7.29407e+01 5.20000e+01
7.31288e+01 5.20000e+01
7.33186e+01 5.20000e+01
7.35079e+01 5.20000e+01
7.36979e+01 5.20000e+01
7.38903e+01 5.20000e+01
7.40788e+01 5.20000e+01
7.42686e+01 5.20000e+01
7.44590e+01 5.20000e+01
7.46471e+01 5.20000e+01
7.48399e+01 5.20000e+01
7.50305e+01 5.20000e+01
7.52219e+01 5.20000e+01
7.54113e+01 5.20000e+01
7.56015e+01 5.20000e+01
7.57905e+01 5.20000e+01
7.59835e+01 5.20000e+01
7.61728e+01 5.20000e+01
7.63621e+01 5.20000e+01
7.65507e+01 5.20000e+01
7.67403e+01 5.20000e+01
7.69343e+01 5.20000e+01
7.71261e+01 5.20000e+01
7.73172e+01 5.20000e+01
7.75070e+01 5.20000e+01
7.76983e+01 5.20000e+01
7.78913e+01 5.20000e+01
7.80813e+01 5.20000e+01
7.82712e+01 5.20000e+01
7.84621e+01 5.20000e+01
7.86525e+01 5.20000e+01
7.88456e+01 5.20000e+01
7.90352e+01 5.20000e+01
7.92252e+01 5.20000e+01
7.94140e+01 5.20000e+01
7.96024e+01 5.20000e+01
7.97923e+01 5.20000e+01
7.99855e+01 5.20000e+01
8.01766e+01 5.20000e+01
8.03676e+01 5.20000e+01
8.05572e+01 5.20000e+01
8.07478e+01 5.20000e+01
8.09412e+01 5.20000e+01
8.11311e+01 5.20000e+01
8.13216e+01 5.20000e+01
8.15108e+01 5.20000e+01
8.17014e+01 5.20000e+01
8.18942e+01 5.20000e+01
8.20853e+01 5.20000e+01
8.22756e+01 5.20000e+01
8.24652e+01 5.20000e+01
8.26537e+01 5.20000e+01
8.28450e+01 5.20000e+01
8.30334e+01 5.20000e+01
8.32221e+01 5.20000e+01
8.34086e+01 5.20000e+01
8.35969e+01 5.20000e+01
8.37856e+01 5.20000e+01
8.39767e+01 5.20000e+01
8.41663e+01 5.20000e+01
8.43578e+01 5.20000e+01
8.45472e+01 5.20000e+01
8.47363e+01 5.20000e+01
8.49544e+01 5.20000e+01
8.51554e+01 5.20000e+01
8.53441e+01 5.20000e+01
8.55329e+01 5.20000e+01
8.57209e+01 5.20000e+01
8.59121e+01 5.20000e+01
8.61000e+01 5.20000e+01
8.62888e+01 5.20000e+01
8.64773e+01 5.20000e+01
8.66664e+01 5.20000e+01
8.68576e+01 5.20000e+01
8.70482e+01 5.20000e+01
8.72382e+01 5.20000e+01
8.74273e+01 5.20000e+01
8.76149e+01 5.20000e+01
8.78032e+01 5.20000e+01
8.79949e+01 5.20000e+01
8.81858e+01 5.20000e+01
8.83757e+01 5.20000e+01
8.85641e+01 5.20000e+01
8.87516e+01 5.20000e+01
8.89449e+01 5.20000e+01
8.91341e+01 5.20000e+01
8.93251e+01 5.20000e+01
8.95138e+01 5.20000e+01
8.97017e+01 5.20000e+01
8.98947e+01 5.20000e+01
9.00836e+01 5.20000e+01
9.02723e+01 5.20000e+01
9.04622e+01 5.20000e+01
9.06505e+01 5.20000e+01
9.08396e+01 5.20000e+01
9.10313e+01 5.20000e+01
9.12210e+01 5.20000e+01
9.14109e+01 5.20000e+01
9.15996e+01 5.20000e+01
9.17870e+01 5.20000e+01
9.19774e+01 5.20000e+01
9.21649e+01 5.20000e+01
9.23535e+01 5.20000e+01
9.25422e+01 5.20000e+01
9.27315e+01 5.20000e+01
9.29234e+01 5.20000e+01
9.31132e+01 5.20000e+01
9.33007e+01 5.20000e+01
9.34911e+01 5.20000e+01
9.36803e+01 5.20000e+01
9.38731e+01 5.20000e+01
9.40636e+01 5.20000e+01
9.42533e+01 5.20000e+01
9.44415e+01 5.20000e+01
9.46296e+01 5.20000e+01
9.48173e+01 5.20000e+01
9.50106e+01 5.20000e+01
9.52012e+01 5.20000e+01
9.53901e+01 5.20000e+01
9.55778e+01 5.20000e+01
9.57680e+01 5.20000e+01
9.59611e+01 5.20000e+01
9.61509e+01 5.20000e+01
9.63395e+01 5.20000e+01
9.65276e+01 5.20000e+01
9.67160e+01 5.20000e+01
9.69089e+01 5.20000e+01
9.70975e+01 5.20000e+01
9.72873e+01 5.20000e+01
9.74750e+01 5.20000e+01
9.76631e+01 5.20000e+01
9.78511e+01 5.20000e+01
9.80433e+01 5.20000e+01
9.82324e+01 5.20000e+01
9.84220e+01 5.20000e+01
9.86105e+01 5.20000e+01
9.87990e+01 5.20000e+01
9.89900e+01 5.20000e+01
9.91787e+01 5.20000e+01
9.93676e+01 5.20000e+01
9.95562e+01 5.20000e+01
9.97447e+01 5.20000e+01
9.99613e+01 5.20000e+01
1.00152e+02 5.20000e+01
1.00341e+02 5.20000e+01
1.00529e+02 5.20000e+01
1.00717e+02 5.20000e+01
1.00909e+02 5.20000e+01
1.01098e+02 5.20000e+01
1.01286e+02 5.20000e+01
1.01475e+02 5.20000e+01
1.01663e+02 5.20000e+01
1.01852e+02 5.20000e+01
1.02043e+02 5.20000e+01
1.02232e+02 5.20000e+01
1.02420e+02 5.20000e+01
1.02609e+02 5.20000e+01
1.02796e+02 5.20000e+01
1.02989e+02 5.20000e+01
1.03178e+02 5.20000e+01
1.03367e+02 5.20000e+01
1.03556e+02 5.20000e+01
1.03744e+02 5.20000e+01
1.03937e+02 5.20000e+01
1.04127e+02 5.20000e+01
1.04318e+02 5.20000e+01
1.04507e+02 5.20000e+01
1.04695e+02 5.20000e+01
1.04887e+02 5.20000e+01
1.05077e+02 5.20000e+01
1.05266e+02 5.20000e+01
1.05455e+02 5.20000e+01
1.05645e+02 5.20000e+01
1.05834e+02 5.20000e+01
1.06026e+02 5.20000e+01
1.06215e+02 5.20000e+01
1.06405e+02 5.20000e+01
1.06592e+02 5.20000e+01
1.06780e+02 5.20000e+01
1.06971e+02 5.20000e+01
1.07160e+02 5.20000e+01
1.07348e+02 5.20000e+01
1.07538e+02 5.20000e+01
1.07727e+02 5.20000e+01
1.07919e+02 5.20000e+01
1.08108e+02 5.20000e+01
1.08296e+02 5.20000e+01
1.08484e+02 5.20000e+01
1.08673e+02 5.20000e+01
1.08861e+02 5.20000e+01
1.09053e+02 5.20000e+01
1.09241e+02 5.20000e+01
1.09429e+02 5.20000e+01
1.09618e+02 5.20000e+01
1.09809e+02 5.20000e+01
1.10002e+02 5.20000e+01
1.10191e+02 5.20000e+01
1.10379e+02 5.20000e+01
1.10568e+02 5.20000e+01
1.10756e+02 5.20000e+01
1.10949e+02 5.20000e+01
1.11136e+02 5.20000e+01
1.11325e+02 5.20000e+01
1.11514e+02 5.20000e+01
1.11702e+02 5.20000e+01
1.11894e+02 5.20000e+01
1.12084e+02 5.20000e+01
1.12272e+02 5.20000e+01
1.12461e+02 5.20000e+01
1.12649e+02 5.20000e+01
1.12837e+02 5.20000e+01
1.13029e+02 5.20000e+01
1.13218e+02 5.20000e+01
1.13405e+02 5.20000e+01
1.13593e+02 5.20000e+01
1.13782e+02 5.20000e+01
1.13974e+02 5.20000e+01
1.14163e+02 5.20000e+01
1.14352e+02 5.20000e+01
1.14541e+02 5.20000e+01
1.14731e+02 5.20000e+01
1.14947e+02 5.20000e+01
1.15142e+02 5.20000e+01
1.15331e+02 5.20000e+01
1.15521e+02 5.20000e+01
1.15709e+02 5.20000e+01
1.15900e+02 5.20000e+01
1.16088e+02 5.20000e+01
1.16279e+02 5.20000e+01
1.16470e+02 5.20000e+01
1.16659e+02 5.20000e+01
1.16848e+02 5.20000e+01
1.17041e+02 5.20000e+01
1.17229e+02 5.20000e+01
1.17417e+02 5.20000e+01
1.17605e+02 5.20000e+01
1.17795e+02 5.20000e+01
1.17987e+02 5.20000e+01
1.18177e+02 5.20000e+01
1.18368e+02 5.20000e+01
1.18556e+02 5.20000e+01
1.18745e+02 5.20000e+01
1.18937e+02 5.20000e+01
1.19125e+02 5.20000e+01
1.19317e+02 5.20000e+01
1.19508e+02 5.20000e+01
1.19698e+02 5.20000e+01
1.19890e+02 5.20000e+01
1.20083e+02 5.20000e+01
1.20274e+02 5.20000e+01
1.20465e+02 5.20000e+01
1.20653e+02 5.20000e+01
1.20841e+02 5.20000e+01
1.21032e+02 5.20000e+01
1.21221e+02 5.20000e+01
1.21410e+02 5.20000e+01
1.21600e+02 5.20000e+01
1.21787e+02 5.20000e+01
1.21979e+02 5.20000e+01
1.22168e+02 5.20000e+01
1.22357e+02 5.20000e+01
1.22545e+02 5.20000e+01
1.22732e+02 5.20000e+01
1.22921e+02 5.20000e+01
1.23110e+02 5.20000e+01
1.23298e+02 5.20000e+01
1.23488e+02 5.20000e+01
1.23677e+02 5.20000e+01
1.23866e+02 5.20000e+01
1.24058e+02 5.20000e+01
1.24247e+02 5.20000e+01
1.24436e+02 5.20000e+01
1.24625e+02 5.20000e+01
1.24813e+02 5.20000e+01
1.25005e+02 5.20000e+01
1.25193e+02 5.20000e+01
1.25380e+02 5.20000e+01
1.25567e+02 5.20000e+01
1.25756e+02 5.20000e+01
1.25946e+02 5.20000e+01
1.26139e+02 5.20000e+01
1.26330e+02 5.20000e+01
1.26518e+02 5.20000e+01
1.26708e+02 5.20000e+01
1.26898e+02 5.20000e+01
1.27090e+02 5.20000e+01
1.27280e+02 5.20000e+01
1.27467e+02 5.20000e+01
1.27654e+02 5.20000e+01
1.27842e+02 5.20000e+01
1.28034e+02 5.20000e+01
1.28223e+02 5.20000e+01
1.28412e+02 5.20000e+01
1.28600e+02 5.20000e+01
1.28787e+02 5.20000e+01
1.28977e+02 5.20000e+01
1.29166e+02 5.20000e+01
1.29355e+02 5.20000e+01
1.29543e+02 5.20000e+01
1.29731e+02 5.20000e+01
1.29942e+02 5.20000e+01
1.30135e+02 5.20000e+01
1.30324e+02 5.20000e+01
1.30511e+02 5.20000e+01
1.30700e+02 5.20000e+01
1.30889e+02 5.20000e+01
1.31082e+02 5.20000e+01
1.31271e+02 5.20000e+01
1.31460e+02 5.20000e+01
1.31648e+02 5.20000e+01
1.31837e+02 5.20000e+01
1.32030e+02 5.20000e+01
1.32219e+02 5.20000e+01
1.32409e+02 5.20000e+01
1.32597e+02 5.20000e+01
1.32786e+02 5.20000e+01
1.32976e+02 5.20000e+01
1.33165e+02 5.20000e+01
1.33354e+02 5.20000e+01
1.33542e+02 5.20000e+01
1.33731e+02 5.20000e+01
1.33922e+02 5.20000e+01
1.34110e+02 5.20000e+01
1.34298e+02 5.20000e+01
1.34487e+02 5.20000e+01
1.34676e+02 5.20000e+01
1.34863e+02 5.20000e+01
1.35056e+02 5.20000e+01
1.35244e+02 5.20000e+01
1.35433e+02 5.20000e+01
1.35622e+02 5.20000e+01
1.35811e+02 5.20000e+01
1.36003e+02 5.20000e+01
1.36191e+02 5.20000e+01
1.36379e+02 5.20000e+01
1.36567e+02 5.20000e+01
1.36755e+02 5.20000e+01
1.36947e+02 5.20000e+01
1.37136e+02 5.20000e+01
1.37323e+02 5.20000e+01
1.37512e+02 5.20000e+01
1.37700e+02 5.20000e+01
1.37888e+02 5.20000e+01
1.38079e+02 5.20000e+01
1.38267e+02 5.20000e+01
1.38456e+02 5.20000e+01
1.38644e+02 5.20000e+01
1.38833e+02 5.20000e+01
1.39024e+02 5.20000e+01
1.39212e+02 5.20000e+01
1.39400e+02 5.20000e+01
1.39588e+02 5.20000e+01
1.39778e+02 5.20000e+01
1.39969e+02 5.20000e+01
1.40158e+02 5.20000e+01
1.40347e+02 5.20000e+01
1.40536e+02 5.20000e+01
1.40726e+02 5.20000e+01
1.40915e+02 5.20000e+01
1.41107e+02 5.20000e+01
1.41297e+02 5.20000e+01
1.41486e+02 5.20000e+01
1.41676e+02 5.20000e+01
1.41868e+02 5.20000e+01
1.42063e+02 5.20000e+01
1.42254e+02 5.20000e+01
1.42444e+02 5.20000e+01
1.42633e+02 5.20000e+01
1.42824e+02 5.20000e+01
1.43017e+02 5.20000e+01
1.43207e+02 5.20000e+01
1.43397e+02 5.20000e+01
1.43587e+02 5.20000e+01
1.43777e+02 5.20000e+01
1.43970e+02 5.20000e+01
1.44162e+02 5.20000e+01
1.44352e+02 5.20000e+01
1.44542e+02 5.20000e+01
1.44733e+02 5.20000e+01
1.44953e+02 5.20000e+01
1.45151e+02 5.20000e+01
1.45341e+02 5.20000e+01
1.45533e+02 5.20000e+01
1.45723e+02 5.20000e+01
1.45913e+02 5.20000e+01
1.46108e+02 5.20000e+01
1.46299e+02 5.20000e+01
1.46491e+02 5.20000e+01
1.46681e+02 5.20000e+01
1.46872e+02 5.20000e+01
1.47065e+02 5.20000e+01
1.47255e+02 5.20000e+01
1.47446e+02 5.20000e+01
1.47636e+02 5.20000e+01
1.47828e+02 5.20000e+01
1.48021e+02 5.20000e+01
1.48212e+02 5.20000e+01
1.48402e+02 5.20000e+01
1.48593e+02 5.20000e+01
1.48785e+02 5.20000e+01
1.48979e+02 5.20000e+01
1.49170e+02 5.20000e+01
1.49361e+02 5.20000e+01
1.49551e+02 5.20000e+01
1.49742e+02 5.20000e+01
1.49936e+02 5.20000e+01
1.50128e+02 5.20000e+01
1.50318e+02 5.20000e+01
1.50509e+02 5.20000e+01
1.50698e+02 5.20000e+01
1.50889e+02 5.20000e+01
1.51082e+02 5.20000e+01
1.51274e+02 5.20000e+01
1.51464e+02 5.20000e+01
1.51655e+02 5.20000e+01
1.51845e+02 5.20000e+01
1.52039e+02 5.20000e+01
1.52229e+02 5.20000e+01
1.52419e+02 5.20000e+01
1.52610e+02 5.20000e+01
1.52800e+02 5.20000e+01
1.52993e+02 5.20000e+01
1.53184e+02 5.20000e+01
1.53374e+02 5.20000e+01
1.53564e+02 5.20000e+01
1.53754e+02 5.20000e+01
1.53946e+02 5.20000e+01
1.54136e+02 5.20000e+01
1.54328e+02 5.20000e+01
1.54517e+02 5.20000e+01
1.54707e+02 5.20000e+01
1.54897e+02 5.20000e+01
1.55092e+02 5.20000e+01
1.55283e+02 5.20000e+01
1.55475e+02 5.20000e+01
1.55666e+02 5.20000e+01
1.55857e+02 5.20000e+01
1.56051e+02 5.20000e+01
1.56242e+02 5.20000e+01
1.56431e+02 5.20000e+01
1.56623e+02 5.20000e+01
1.56813e+02 5.20000e+01
1.57007e+02 5.20000e+01
1.57197e+02 5.20000e+01
1.57388e+02 5.20000e+01
1.57578e+02 5.20000e+01
1.57769e+02 5.20000e+01
1.57961e+02 5.20000e+01
1.58152e+02 5.20000e+01
1.58342e+02 5.20000e+01
1.58533e+02 5.20000e+01
1.58721e+02 5.20000e+01
1.58912e+02 5.20000e+01
1.59106e+02 5.20000e+01
1.59297e+02 5.20000e+01
1.59487e+02 5.20000e+01
1.59677e+02 5.20000e+01
1.59886e+02 5.20000e+01
1.60085e+02 5.20000e+01
1.60276e+02 5.20000e+01
1.60466e+02 5.20000e+01
1.60655e+02 5.20000e+01
1.60844e+02 5.20000e+01
1.61037e+02 5.20000e+01
1.61228e+02 5.20000e+01
1.61418e+02 5.20000e+01
1.61609e+02 5.20000e+01
1.61798e+02 5.20000e+01
1.61990e+02 5.20000e+01
1.62179e+02 5.20000e+01
1.62368e+02 5.20000e+01
1.62557e+02 5.20000e+01
1.62747e+02 5.20000e+01
1.62935e+02 5.20000e+01
1.63127e+02 5.20000e+01
1.63318e+02 5.20000e+01
1.63508e+02 5.20000e+01
1.63697e+02 5.20000e+01
1.63885e+02 5.20000e+01
1.64079e+02 5.20000e+01
1.64269e+02 5.20000e+01
1.64459e+02 5.20000e+01
1.64650e+02 5.20000e+01
1.64840e+02 5.20000e+01
1.65032e+02 5.20000e+01
1.65222e+02 5.20000e+01
1.65413e+02 5.20000e+01
1.65602e+02 5.20000e+01
1.65790e+02 5.20000e+01
1.65983e+02 5.20000e+01
1.66174e+02 5.20000e+01
1.66364e+02 5.20000e+01
1.66554e+02 5.20000e+01
1.66742e+02 5.20000e+01
1.66932e+02 5.20000e+01
1.67124e+02 5.20000e+01
1.67314e+02 5.20000e+01
1.67504e+02 5.20000e+01
1.67693e+02 5.20000e+01
1.67882e+02 5.20000e+01
1.68076e+02 5.20000e+01
1.68266e+02 5.20000e+01
1.68457e+02 5.20000e+01
1.68648e+02 5.20000e+01
1.68837e+02 5.20000e+01
1.69030e+02 5.20000e+01
1.69221e+02 5.20000e+01
1.69412e+02 5.20000e+01
1.69601e+02 5.20000e+01
1.69791e+02 5.20000e+01
1.69984e+02 5.20000e+01
1.70174e+02 5.20000e+01
1.70366e+02 5.20000e+01
1.70555e+02 5.20000e+01
1.70745e+02 5.20000e+01
1.70936e+02 5.20000e+01
1.71129e+02 5.20000e+01
1.71321e+02 5.20000e+01
1.71511e+02 5.20000e+01
1.71701e+02 5.20000e+01
1.71891e+02 5.20000e+01
1.72085e+02 5.20000e+01
1.72275e+02 5.20000e+01
1.72464e+02 5.20000e+01
1.72654e+02 5.20000e+01
1.72843e+02 5.20000e+01
1.73036e+02 5.20000e+01
1.73226e+02 5.20000e+01
1.73417e+02 5.20000e+01
1.73605e+02 5.20000e+01
1.73796e+02 5.20000e+01
1.73990e+02 5.20000e+01
1.74180e+02 5.20000e+01
1.74370e+02 5.20000e+01
1.74559e+02 5.20000e+01
1.74749e+02 5.20000e+01
1.74949e+02 5.20000e+01
1.75141e+02 5.20000e+01
1.75336e+02 5.20000e+01
1.75531e+02 5.20000e+01
1.75721e+02 5.20000e+01
1.75909e+02 5.20000e+01
1.76104e+02 5.20000e+01
1.76294e+02 5.20000e+01
1.76484e+02 5.20000e+01
1.76674e+02 5.20000e+01
1.76863e+02 5.20000e+01
1.77055e+02 5.20000e+01
1.77245e+02 5.20000e+01
1.77434e+02 5.20000e+01
1.77623e+02 5.20000e+01
1.77812e+02 5.20000e+01
1.78005e+02 5.20000e+01
1.78195e+02 5.20000e+01
1.78385e+02 5.20000e+01
1.78574e+02 5.20000e+01
1.78763e+02 5.20000e+01
1.78950e+02 5.20000e+01
1.79141e+02 5.20000e+01
1.79332e+02 5.20000e+01
1.79523e+02 5.20000e+01
1.79714e+02 5.20000e+01
1.79904e+02 5.20000e+01
1.80099e+02 5.20000e+01
1.80289e+02 5.20000e+01
1.80479e+02 5.20000e+01
1.80668e+02 5.20000e+01
1.80857e+02 5.20000e+01
1.81048e+02 5.20000e+01
1.81239e+02 5.20000e+01
1.81427e+02 5.20000e+01
1.81616e+02 5.20000e+01
1.81805e+02 5.20000e+01
1.81996e+02 5.20000e+01
1.82185e+02 5.20000e+01
1.82373e+02 5.20000e+01
1.82562e+02 5.20000e+01
1.82751e+02 5.20000e+01
1.82940e+02 5.20000e+01
1.83133e+02 5.20000e+01
1.83323e+02 5.20000e+01
1.83512e+02 5.20000e+01
1.83701e+02 5.20000e+01
1.83890e+02 5.20000e+01
1.84085e+02 5.20000e+01
1.84274e+02 5.20000e+01
1.84463e+02 5.20000e+01
1.84652e+02 5.20000e+01
1.84842e+02 5.20000e+01
1.85035e+02 5.20000e+01
1.85227e+02 5.20000e+01
1.85416e+02 5.20000e+01
1.85605e+02 5.20000e+01
1.85794e+02 5.20000e+01
1.85984e+02 5.20000e+01
1.86178e+02 5.20000e+01
1.86371e+02 5.20000e+01
1.86560e+02 5.20000e+01
1.86750e+02 5.20000e+01
1.86939e+02 5.20000e+01
1.87134e+02 5.20000e+01
1.87325e+02 5.20000e+01
1.87514e+02 5.20000e+01
1.87703e+02 5.20000e+01
1.87893e+02 5.20000e+01
1.88086e+02 5.20000e+01
1.88278e+02 5.20000e+01
1.88467e+02 5.20000e+01
1.88655e+02 5.20000e+01
1.88843e+02 5.20000e+01
1.89035e+02 5.20000e+01
1.89224e+02 5.20000e+01
1.89414e+02 5.20000e+01
1.89603e+02 5.20000e+01
1.89803e+02 5.20000e+01
1.90013e+02 5.20000e+01
1.90211e+02 5.20000e+01
1.90401e+02 5.20000e+01
1.90590e+02 5.20000e+01
