2.00490e-02 7.14000e+02
2.15344e-01 5.11000e+02
4.09843e-01 4.19000e+02
6.03796e-01 3.79000e+02
7.97123e-01 3.46000e+02
9.93693e-01 3.16000e+02
1.18799e+00 2.28000e+02
1.37903e+00 2.37000e+02
1.57176e+00 2.75000e+02
1.76421e+00 3.40000e+02
1.95985e+00 2.95000e+02
2.15379e+00 2.51000e+02
2.34738e+00 2.43000e+02
2.54020e+00 1.98000e+02
2.73229e+00 2.32000e+02
2.92756e+00 2.33000e+02
3.12540e+00 1.76000e+02
3.31664e+00 1.90000e+02
3.50906e+00 2.19000e+02
3.70072e+00 2.37000e+02
3.89197e+00 1.93000e+02
4.08578e+00 2.11000e+02
4.27755e+00 2.19000e+02
4.46790e+00 2.47000e+02
4.66011e+00 2.12000e+02
4.85027e+00 2.54000e+02
5.04375e+00 2.00000e+02
5.23353e+00 1.54000e+02
5.42363e+00 1.56000e+02
5.61504e+00 1.44000e+02
5.80517e+00 1.35000e+02
5.99862e+00 1.50000e+02
6.18895e+00 1.32000e+02
6.39234e+00 1.23000e+02
6.59176e+00 1.33000e+02
6.78191e+00 1.67000e+02
6.97433e+00 1.86000e+02
7.16336e+00 1.66000e+02
7.35276e+00 1.92000e+02
7.54206e+00 2.02000e+02
7.73185e+00 1.59000e+02
7.92415e+00 1.83000e+02
8.11468e+00 1.57000e+02
8.30508e+00 1.78000e+02
8.49531e+00 1.82000e+02
8.68551e+00 1.83000e+02
8.87438e+00 1.71000e+02
9.06707e+00 1.44000e+02
9.25534e+00 1.48000e+02
9.44440e+00 1.60000e+02
9.63445e+00 1.42000e+02
9.82523e+00 1.77000e+02
1.00192e+01 1.31000e+02
1.02083e+01 1.54000e+02
1.03974e+01 1.85000e+02
1.05872e+01 1.77000e+02
1.07749e+01 1.65000e+02
1.09804e+01 1.82000e+02
1.11703e+01 1.65000e+02
1.13612e+01 2.27000e+02
1.15510e+01 2.52000e+02
1.17416e+01 2.21000e+02
1.19363e+01 2.30000e+02
1.21275e+01 1.71000e+02
1.23170e+01 1.60000e+02
1.25074e+01 1.09000e+02
1.26983e+01 1.04000e+02
1.28897e+01 8.40000e+01
1.30833e+01 8.60000e+01
1.32728e+01 1.01000e+02
1.34631e+01 9.60000e+01
1.36540e+01 1.17000e+02
1.38437e+01 1.02000e+02
1.40353e+01 1.01000e+02
1.42251e+01 9.00000e+01
1.44154e+01 1.02000e+02
1.46056e+01 1.17000e+02
1.47967e+01 1.19000e+02
1.49884e+01 1.55000e+02
1.51794e+01 1.43000e+02
1.53693e+01 1.46000e+02
1.55588e+01 1.80000e+02
1.57475e+01 1.37000e+02
1.59406e+01 1.27000e+02
1.61300e+01 1.26000e+02
1.63180e+01 1.08000e+02
1.65071e+01 1.19000e+02
1.66972e+01 1.11000e+02
1.68853e+01 1.01000e+02
1.70764e+01 7.50000e+01
1.72667e+01 7.80000e+01
1.74559e+01 8.00000e+01
1.76458e+01 9.40000e+01
1.78337e+01 6.90000e+01
1.80250e+01 6.10000e+01
1.82145e+01 6.50000e+01
1.84038e+01 5.40000e+01
1.85923e+01 4.50000e+01
1.87811e+01 4.50000e+01
1.89716e+01 4.50000e+01
1.91600e+01 4.50000e+01
1.93507e+01 4.50000e+01
1.95399e+01 4.50000e+01
1.97295e+01 4.50000e+01
1.99198e+01 4.50000e+01
2.01106e+01 4.50000e+01
2.03001e+01 4.50000e+01
2.04892e+01 4.50000e+01
2.06791e+01 4.50000e+01
2.08693e+01 4.50000e+01
2.10612e+01 4.50000e+01
2.12518e+01 4.50000e+01
2.14615e+01 4.50000e+01
2.16528e+01 4.50000e+01
2.18427e+01 4.50000e+01
2.20341e+01 4.50000e+01
2.22237e+01 4.50000e+01
2.24138e+01 4.50000e+01
2.26023e+01 4.50000e+01
2.27938e+01 4.50000e+01
2.29854e+01 4.50000e+01
2.31755e+01 4.50000e+01
2.33644e+01 4.50000e+01
2.35526e+01 4.50000e+01
2.37407e+01 4.50000e+01
2.39325e+01 4.50000e+01
2.41225e+01 4.50000e+01
2.43120e+01 4.50000e+01
2.45009e+01 4.50000e+01
2.46897e+01 4.50000e+01
2.48781e+01 4.50000e+01
2.50696e+01 4.50000e+01
2.52584e+01 4.50000e+01
2.54461e+01 4.50000e+01
2.56347e+01 4.50000e+01
2.58287e+01 4.50000e+01
2.60216e+01 4.50000e+01
2.62105e+01 4.50000e+01
2.63978e+01 4.50000e+01
2.65863e+01 4.50000e+01
2.67747e+01 4.50000e+01
2.69664e+01 4.50000e+01
2.71556e+01 4.50000e+01
2.73460e+01 4.50000e+01
2.75340e+01 4.50000e+01
2.77240e+01 4.50000e+01
2.79140e+01 4.50000e+01
2.81047e+01 4.50000e+01
2.82939e+01 4.50000e+01
2.84818e+01 4.50000e+01
2.86707e+01 4.50000e+01
2.88589e+01 4.50000e+01
2.90512e+01 4.50000e+01
2.92403e+01 4.50000e+01
2.94277e+01 4.50000e+01
2.96174e+01 4.50000e+01
2.98053e+01 4.50000e+01
2.99965e+01 4.50000e+01
3.01848e+01 4.50000e+01
3.03737e+01 4.50000e+01
3.05629e+01 4.50000e+01
3.07521e+01 4.50000e+01
3.09427e+01 4.50000e+01
3.11315e+01 4.50000e+01
3.13221e+01 4.50000e+01
3.15116e+01 4.50000e+01
3.17020e+01 4.50000e+01
3.18934e+01 4.50000e+01
3.20857e+01 4.50000e+01
3.22757e+01 4.50000e+01
3.24645e+01 4.50000e+01
3.26537e+01 4.50000e+01
3.28435e+01 4.50000e+01
3.30355e+01 4.50000e+01
3.32247e+01 4.50000e+01
3.34127e+01 4.50000e+01
3.36026e+01 4.50000e+01
3.37919e+01 4.50000e+01
3.39833e+01 4.50000e+01
3.41721e+01 4.50000e+01
3.43603e+01 4.50000e+01
3.45494e+01 4.50000e+01
3.47386e+01 4.50000e+01
3.49273e+01 4.50000e+01
3.51192e+01 4.50000e+01
3.53084e+01 4.50000e+01
3.54976e+01 4.50000e+01
3.56876e+01 4.50000e+01
3.58771e+01 4.50000e+01
3.60675e+01 4.50000e+01
3.62563e+01 4.50000e+01
3.64689e+01 4.50000e+01
3.66750e+01 4.50000e+01
3.68672e+01 4.50000e+01
3.70594e+01 4.50000e+01
3.72496e+01 4.50000e+01
3.74371e+01 4.50000e+01
3.76270e+01 4.50000e+01
3.78162e+01 4.50000e+01
3.80093e+01 4.50000e+01
3.81983e+01 4.50000e+01
3.83876e+01 4.50000e+01
3.85779e+01 4.50000e+01
3.87667e+01 4.50000e+01
3.89574e+01 4.50000e+01
3.91462e+01 4.50000e+01
3.93343e+01 4.50000e+01
3.95229e+01 4.50000e+01
3.97122e+01 4.50000e+01
3.99027e+01 4.50000e+01
4.00934e+01 4.50000e+01
4.02833e+01 4.50000e+01
4.04715e+01 4.50000e+01
4.06600e+01 4.50000e+01
4.08518e+01 4.50000e+01
4.10441e+01 4.50000e+01
4.12321e+01 4.50000e+01
4.14215e+01 4.50000e+01
4.16114e+01 4.50000e+01
4.18006e+01 4.50000e+01
4.19931e+01 4.50000e+01
4.21835e+01 4.50000e+01
4.23724e+01 4.50000e+01
4.25618e+01 4.50000e+01
4.27518e+01 4.50000e+01
4.29409e+01 4.50000e+01
4.31329e+01 4.50000e+01
4.33232e+01 4.50000e+01
4.35132e+01 4.50000e+01
4.37045e+01 4.50000e+01
4.38941e+01 4.50000e+01
4.40868e+01 4.50000e+01
4.42765e+01 4.50000e+01
4.44649e+01 4.50000e+01
4.46540e+01 4.50000e+01
4.48435e+01 4.50000e+01
4.50360e+01 4.50000e+01
4.52251e+01 4.50000e+01
4.54131e+01 4.50000e+01
4.56029e+01 4.50000e+01
4.57913e+01 4.50000e+01
4.59818e+01 4.50000e+01
4.61721e+01 4.50000e+01
4.63619e+01 4.50000e+01
4.65502e+01 4.50000e+01
4.67401e+01 4.50000e+01
4.69286e+01 4.50000e+01
4.71212e+01 4.50000e+01
4.73096e+01 4.50000e+01
4.74997e+01 4.50000e+01
4.76894e+01 4.50000e+01
4.78798e+01 4.50000e+01
4.80713e+01 4.50000e+01
4.82608e+01 4.50000e+01
4.84502e+01 4.50000e+01
4.86407e+01 4.50000e+01
4.88296e+01 4.50000e+01
4.90218e+01 4.50000e+01
4.92117e+01 4.50000e+01
4.94003e+01 4.50000e+01
4.95898e+01 4.50000e+01
4.97809e+01 4.50000e+01
4.99729e+01 4.50000e+01
5.01636e+01 4.50000e+01
5.03523e+01 4.50000e+01
5.05420e+01 4.50000e+01
5.07311e+01 4.50000e+01
5.09204e+01 4.50000e+01
5.11122e+01 4.50000e+01
5.13036e+01 4.50000e+01
5.15163e+01 4.50000e+01
5.17052e+01 4.50000e+01
5.18941e+01 4.50000e+01
5.20858e+01 4.50000e+01
5.22751e+01 4.50000e+01
5.24632e+01 4.50000e+01
5.26521e+01 4.50000e+01
5.28414e+01 4.50000e+01
5.30344e+01 4.50000e+01
5.32239e+01 4.50000e+01
5.34129e+01 4.50000e+01
5.36031e+01 4.50000e+01
5.37932e+01 4.50000e+01
5.39851e+01 4.50000e+01
5.41745e+01 4.50000e+01
5.43636e+01 4.50000e+01
5.45532e+01 4.50000e+01
5.47433e+01 4.50000e+01
5.49326e+01 4.50000e+01
5.51255e+01 4.50000e+01
5.53151e+01 4.50000e+01
5.55060e+01 4.50000e+01
5.56957e+01 4.50000e+01
5.58948e+01 4.50000e+01
5.60910e+01 4.50000e+01
5.62807e+01 4.50000e+01
5.64715e+01 4.50000e+01
5.66608e+01 4.50000e+01
5.68496e+01 4.50000e+01
5.70422e+01 4.50000e+01
5.72315e+01 4.50000e+01
5.74223e+01 4.50000e+01
5.76114e+01 4.50000e+01
5.78007e+01 4.50000e+01
5.79933e+01 4.50000e+01
5.81827e+01 4.50000e+01
5.83731e+01 4.50000e+01
5.85618e+01 4.50000e+01
5.87513e+01 4.50000e+01
5.89410e+01 4.50000e+01
5.91334e+01 4.50000e+01
5.93233e+01 4.50000e+01
5.95119e+01 4.50000e+01
5.96995e+01 4.50000e+01
5.98883e+01 4.50000e+01
6.00810e+01 4.50000e+01
6.02709e+01 4.50000e+01
6.04614e+01 4.50000e+01
6.06518e+01 4.50000e+01
6.08423e+01 4.50000e+01
6.10338e+01 4.50000e+01
6.12232e+01 4.50000e+01
6.14141e+01 4.50000e+01
6.16039e+01 4.50000e+01
6.17930e+01 4.50000e+01
6.19840e+01 4.50000e+01
6.21748e+01 4.50000e+01
6.23657e+01 4.50000e+01
6.25569e+01 4.50000e+01
6.27473e+01 4.50000e+01
6.29378e+01 4.50000e+01
6.31336e+01 4.50000e+01
6.33248e+01 4.50000e+01
6.35153e+01 4.50000e+01
6.37056e+01 4.50000e+01
6.38978e+01 4.50000e+01
6.40893e+01 4.50000e+01
6.42809e+01 4.50000e+01
6.44715e+01 4.50000e+01
6.46626e+01 4.50000e+01
6.48527e+01 4.50000e+01
6.50449e+01 4.50000e+01
6.52349e+01 4.50000e+01
6.54252e+01 4.50000e+01
6.56151e+01 4.50000e+01
6.58045e+01 4.50000e+01
6.59962e+01 4.50000e+01
6.61867e+01 4.50000e+01
6.63908e+01 4.50000e+01
6.65930e+01 4.50000e+01
6.67829e+01 4.50000e+01
6.69740e+01 4.50000e+01
6.71678e+01 4.50000e+01
6.73592e+01 4.50000e+01
6.75504e+01 4.50000e+01
6.77405e+01 4.50000e+01
6.79301e+01 4.50000e+01
6.81227e+01 4.50000e+01
6.83128e+01 4.50000e+01
6.85033e+01 4.50000e+01
6.86924e+01 4.50000e+01
6.88814e+01 4.50000e+01
6.90724e+01 4.50000e+01
6.92611e+01 4.50000e+01
6.94506e+01 4.50000e+01
6.96401e+01 4.50000e+01
6.98293e+01 4.50000e+01
7.00221e+01 4.50000e+01
7.02123e+01 4.50000e+01
7.04015e+01 4.50000e+01
7.05910e+01 4.50000e+01
7.07810e+01 4.50000e+01
7.09722e+01 4.50000e+01
7.11664e+01 4.50000e+01
7.13558e+01 4.50000e+01
7.15458e+01 4.50000e+01
7.17358e+01 4.50000e+01
7.19259e+01 4.50000e+01
7.21176e+01 4.50000e+01
7.23077e+01 4.50000e+01
7.24974e+01 4.50000e+01
7.26873e+01 4.50000e+01
7.28762e+01 4.50000e+01
7.30706e+01 4.50000e+01
7.32595e+01 4.50000e+01
7.34486e+01 4.50000e+01
7.36373e+01 4.50000e+01
7.38266e+01 4.50000e+01
7.40192e+01 4.50000e+01
7.42096e+01 4.50000e+01
7.43999e+01 4.50000e+01
7.45900e+01 4.50000e+01
7.47814e+01 4.50000e+01
7.49708e+01 4.50000e+01
7.51633e+01 4.50000e+01
7.53555e+01 4.50000e+01
7.55450e+01 4.50000e+01
7.57353e+01 4.50000e+01
7.59242e+01 4.50000e+01
7.61171e+01 4.50000e+01
7.63081e+01 4.50000e+01
7.64979e+01 4.50000e+01
7.66887e+01 4.50000e+01
7.68779e+01 4.50000e+01
7.70695e+01 4.50000e+01
7.72592e+01 4.50000e+01
7.74498e+01 4.50000e+01
7.76406e+01 4.50000e+01
7.78300e+01 4.50000e+01
7.80217e+01 4.50000e+01
7.82118e+01 4.50000e+01
7.84005e+01 4.50000e+01
7.85906e+01 4.50000e+01
7.87809e+01 4.50000e+01
7.89695e+01 4.50000e+01
7.91621e+01 4.50000e+01
7.93514e+01 4.50000e+01
7.95420e+01 4.50000e+01
7.97313e+01 4.50000e+01
7.99207e+01 4.50000e+01
8.01126e+01 4.50000e+01
8.03034e+01 4.50000e+01
8.04932e+01 4.50000e+01
8.06833e+01 4.50000e+01
8.08737e+01 4.50000e+01
8.10659e+01 4.50000e+01
8.12549e+01 4.50000e+01
8.14676e+01 4.50000e+01
8.16625e+01 4.50000e+01
8.18520e+01 4.50000e+01
8.20441e+01 4.50000e+01
8.22342e+01 4.50000e+01
8.24221e+01 4.50000e+01
8.26118e+01 4.50000e+01
8.28021e+01 4.50000e+01
8.29916e+01 4.50000e+01
8.31835e+01 4.50000e+01
8.33734e+01 4.50000e+01
8.35624e+01 4.50000e+01
8.37516e+01 4.50000e+01
8.39407e+01 4.50000e+01
8.41324e+01 4.50000e+01
8.43212e+01 4.50000e+01
8.45115e+01 4.50000e+01
8.47003e+01 4.50000e+01
8.48900e+01 4.50000e+01
8.50827e+01 4.50000e+01
8.52721e+01 4.50000e+01
8.54603e+01 4.50000e+01
8.56500e+01 4.50000e+01
8.58399e+01 4.50000e+01
8.60318e+01 4.50000e+01
8.62228e+01 4.50000e+01
8.64130e+01 4.50000e+01
8.66024e+01 4.50000e+01
8.67925e+01 4.50000e+01
8.69812e+01 4.50000e+01
8.71733e+01 4.50000e+01
8.73638e+01 4.50000e+01
8.75544e+01 4.50000e+01
8.77449e+01 4.50000e+01
8.79360e+01 4.50000e+01
8.81276e+01 4.50000e+01
8.83177e+01 4.50000e+01
8.85083e+01 4.50000e+01
8.86979e+01 4.50000e+01
8.88876e+01 4.50000e+01
8.90805e+01 4.50000e+01
8.92711e+01 4.50000e+01
8.94607e+01 4.50000e+01
8.96496e+01 4.50000e+01
8.98392e+01 4.50000e+01
9.00314e+01 4.50000e+01
9.02234e+01 4.50000e+01
9.04135e+01 4.50000e+01
9.06026e+01 4.50000e+01
9.07935e+01 4.50000e+01
9.09822e+01 4.50000e+01
9.11731e+01 4.50000e+01
9.13634e+01 4.50000e+01
9.15529e+01 4.50000e+01
9.17430e+01 4.50000e+01
9.19324e+01 4.50000e+01
9.21240e+01 4.50000e+01
9.23142e+01 4.50000e+01
9.25041e+01 4.50000e+01
9.26935e+01 4.50000e+01
9.28831e+01 4.50000e+01
9.30753e+01 4.50000e+01
9.32654e+01 4.50000e+01
9.34553e+01 4.50000e+01
9.36458e+01 4.50000e+01
9.38360e+01 4.50000e+01
9.40275e+01 4.50000e+01
9.42193e+01 4.50000e+01
9.44102e+01 4.50000e+01
9.46014e+01 4.50000e+01
9.47928e+01 4.50000e+01
9.49839e+01 4.50000e+01
9.51771e+01 4.50000e+01
9.53668e+01 4.50000e+01
9.55578e+01 4.50000e+01
9.57490e+01 4.50000e+01
9.59384e+01 4.50000e+01
9.61310e+01 4.50000e+01
9.63280e+01 4.50000e+01
9.65387e+01 4.50000e+01
9.67383e+01 4.50000e+01
9.69282e+01 4.50000e+01
9.71203e+01 4.50000e+01
9.73104e+01 4.50000e+01
9.75002e+01 4.50000e+01
9.76901e+01 4.50000e+01
9.78787e+01 4.50000e+01
9.80716e+01 4.50000e+01
9.82610e+01 4.50000e+01
9.84498e+01 4.50000e+01
9.86394e+01 4.50000e+01
9.88281e+01 4.50000e+01
9.90178e+01 4.50000e+01
9.92085e+01 4.50000e+01
9.93974e+01 4.50000e+01
9.95877e+01 4.50000e+01
9.97765e+01 4.50000e+01
9.99654e+01 4.50000e+01
1.00157e+02 4.50000e+01
1.00348e+02 4.50000e+01
1.00537e+02 4.50000e+01
1.00726e+02 4.50000e+01
1.00926e+02 4.50000e+01
1.01122e+02 4.50000e+01
1.01310e+02 4.50000e+01
1.01499e+02 4.50000e+01
1.01689e+02 4.50000e+01
1.01879e+02 4.50000e+01
1.02072e+02 4.50000e+01
1.02263e+02 4.50000e+01
1.02453e+02 4.50000e+01
1.02644e+02 4.50000e+01
1.02834e+02 4.50000e+01
1.03023e+02 4.50000e+01
1.03216e+02 4.50000e+01
1.03407e+02 4.50000e+01
1.03599e+02 4.50000e+01
1.03790e+02 4.50000e+01
1.03981e+02 4.50000e+01
1.04175e+02 4.50000e+01
1.04366e+02 4.50000e+01
1.04556e+02 4.50000e+01
1.04747e+02 4.50000e+01
1.04936e+02 4.50000e+01
1.05131e+02 4.50000e+01
1.05323e+02 4.50000e+01
1.05515e+02 4.50000e+01
1.05706e+02 4.50000e+01
1.05898e+02 4.50000e+01
1.06091e+02 4.50000e+01
1.06284e+02 4.50000e+01
1.06475e+02 4.50000e+01
1.06666e+02 4.50000e+01
1.06856e+02 4.50000e+01
1.07049e+02 4.50000e+01
1.07242e+02 4.50000e+01
1.07431e+02 4.50000e+01
1.07623e+02 4.50000e+01
1.07815e+02 4.50000e+01
1.08005e+02 4.50000e+01
1.08198e+02 4.50000e+01
1.08388e+02 4.50000e+01
1.08582e+02 4.50000e+01
1.08773e+02 4.50000e+01
1.08963e+02 4.50000e+01
1.09158e+02 4.50000e+01
1.09350e+02 4.50000e+01
1.09541e+02 4.50000e+01
1.09732e+02 4.50000e+01
1.09924e+02 4.50000e+01
1.10117e+02 4.50000e+01
1.10308e+02 4.50000e+01
1.10497e+02 4.50000e+01
1.10689e+02 4.50000e+01
1.10879e+02 4.50000e+01
1.11071e+02 4.50000e+01
1.11260e+02 4.50000e+01
1.11471e+02 4.50000e+01
1.11673e+02 4.50000e+01
1.11864e+02 4.50000e+01
1.12056e+02 4.50000e+01
1.12248e+02 4.50000e+01
1.12440e+02 4.50000e+01
1.12631e+02 4.50000e+01
1.12821e+02 4.50000e+01
1.13012e+02 4.50000e+01
1.13206e+02 4.50000e+01
1.13397e+02 4.50000e+01
1.13588e+02 4.50000e+01
1.13778e+02 4.50000e+01
1.13969e+02 4.50000e+01
1.14162e+02 4.50000e+01
1.14353e+02 4.50000e+01
1.14544e+02 4.50000e+01
1.14736e+02 4.50000e+01
1.14928e+02 4.50000e+01
1.15123e+02 4.50000e+01
1.15313e+02 4.50000e+01
1.15504e+02 4.50000e+01
1.15697e+02 4.50000e+01
1.15897e+02 4.50000e+01
1.16093e+02 4.50000e+01
1.16286e+02 4.50000e+01
1.16478e+02 4.50000e+01
1.16671e+02 4.50000e+01
1.16862e+02 4.50000e+01
1.17053e+02 4.50000e+01
1.17247e+02 4.50000e+01
1.17437e+02 4.50000e+01
1.17629e+02 4.50000e+01
1.17821e+02 4.50000e+01
1.18012e+02 4.50000e+01
1.18206e+02 4.50000e+01
1.18398e+02 4.50000e+01
1.18591e+02 4.50000e+01
1.18780e+02 4.50000e+01
1.18972e+02 4.50000e+01
1.19167e+02 4.50000e+01
1.19357e+02 4.50000e+01
1.19547e+02 4.50000e+01
1.19739e+02 4.50000e+01
1.19929e+02 4.50000e+01
1.20124e+02 4.50000e+01
1.20315e+02 4.50000e+01
1.20506e+02 4.50000e+01
1.20697e+02 4.50000e+01
1.20889e+02 4.50000e+01
1.21082e+02 4.50000e+01
1.21274e+02 4.50000e+01
1.21464e+02 4.50000e+01
1.21655e+02 4.50000e+01
1.21846e+02 4.50000e+01
1.22037e+02 4.50000e+01
1.22232e+02 4.50000e+01
1.22424e+02 4.50000e+01
1.22615e+02 4.50000e+01
1.22807e+02 4.50000e+01
1.22997e+02 4.50000e+01
1.23196e+02 4.50000e+01
1.23390e+02 4.50000e+01
1.23584e+02 4.50000e+01
1.23775e+02 4.50000e+01
1.23966e+02 4.50000e+01
1.24160e+02 4.50000e+01
1.24352e+02 4.50000e+01
1.24544e+02 4.50000e+01
1.24736e+02 4.50000e+01
1.24928e+02 4.50000e+01
1.25122e+02 4.50000e+01
1.25314e+02 4.50000e+01
1.25504e+02 4.50000e+01
1.25697e+02 4.50000e+01
1.25888e+02 4.50000e+01
1.26082e+02 4.50000e+01
1.26274e+02 4.50000e+01
1.26488e+02 4.50000e+01
1.26688e+02 4.50000e+01
1.26879e+02 4.50000e+01
1.27071e+02 4.50000e+01
1.27266e+02 4.50000e+01
1.27456e+02 4.50000e+01
1.27648e+02 4.50000e+01
1.27840e+02 4.50000e+01
1.28031e+02 4.50000e+01
1.28227e+02 4.50000e+01
1.28418e+02 4.50000e+01
1.28608e+02 4.50000e+01
1.28799e+02 4.50000e+01
1.28990e+02 4.50000e+01
1.29184e+02 4.50000e+01
1.29375e+02 4.50000e+01
1.29567e+02 4.50000e+01
1.29758e+02 4.50000e+01
1.29948e+02 4.50000e+01
1.30143e+02 4.50000e+01
1.30335e+02 4.50000e+01
1.30526e+02 4.50000e+01
1.30717e+02 4.50000e+01
1.30909e+02 4.50000e+01
1.31103e+02 4.50000e+01
1.31295e+02 4.50000e+01
1.31487e+02 4.50000e+01
1.31680e+02 4.50000e+01
1.31871e+02 4.50000e+01
1.32062e+02 4.50000e+01
1.32256e+02 4.50000e+01
1.32448e+02 4.50000e+01
1.32640e+02 4.50000e+01
1.32832e+02 4.50000e+01
1.33024e+02 4.50000e+01
1.33218e+02 4.50000e+01
1.33409e+02 4.50000e+01
1.33600e+02 4.50000e+01
1.33790e+02 4.50000e+01
1.33981e+02 4.50000e+01
1.34174e+02 4.50000e+01
1.34367e+02 4.50000e+01
1.34558e+02 4.50000e+01
1.34750e+02 4.50000e+01
1.34940e+02 4.50000e+01
1.35135e+02 4.50000e+01
1.35328e+02 4.50000e+01
1.35519e+02 4.50000e+01
1.35711e+02 4.50000e+01
1.35903e+02 4.50000e+01
1.36095e+02 4.50000e+01
1.36289e+02 4.50000e+01
1.36480e+02 4.50000e+01
1.36672e+02 4.50000e+01
1.36864e+02 4.50000e+01
1.37054e+02 4.50000e+01
1.37249e+02 4.50000e+01
1.37441e+02 4.50000e+01
1.37632e+02 4.50000e+01
1.37823e+02 4.50000e+01
1.38015e+02 4.50000e+01
1.38209e+02 4.50000e+01
1.38402e+02 4.50000e+01
1.38595e+02 4.50000e+01
1.38787e+02 4.50000e+01
1.38979e+02 4.50000e+01
1.39173e+02 4.50000e+01
1.39364e+02 4.50000e+01
1.39555e+02 4.50000e+01
1.39747e+02 4.50000e+01
1.39938e+02 4.50000e+01
1.40133e+02 4.50000e+01
1.40325e+02 4.50000e+01
1.40516e+02 4.50000e+01
1.40710e+02 4.50000e+01
1.40903e+02 4.50000e+01
1.41095e+02 4.50000e+01
1.41290e+02 4.50000e+01
1.41502e+02 4.50000e+01
1.41701e+02 4.50000e+01
1.41894e+02 4.50000e+01
1.42085e+02 4.50000e+01
1.42281e+02 4.50000e+01
1.42471e+02 4.50000e+01
1.42662e+02 4.50000e+01
1.42854e+02 4.50000e+01
1.43045e+02 4.50000e+01
1.43241e+02 4.50000e+01
1.43433e+02 4.50000e+01
1.43624e+02 4.50000e+01
1.43815e+02 4.50000e+01
1.44004e+02 4.50000e+01
1.44198e+02 4.50000e+01
1.44389e+02 4.50000e+01
1.44579e+02 4.50000e+01
1.44769e+02 4.50000e+01
1.44959e+02 4.50000e+01
1.45154e+02 4.50000e+01
1.45346e+02 4.50000e+01
1.45537e+02 4.50000e+01
1.45729e+02 4.50000e+01
1.45930e+02 4.50000e+01
1.46128e+02 4.50000e+01
1.46317e+02 4.50000e+01
1.46506e+02 4.50000e+01
1.46697e+02 4.50000e+01
1.46888e+02 4.50000e+01
1.47079e+02 4.50000e+01
1.47272e+02 4.50000e+01
1.47462e+02 4.50000e+01
1.47652e+02 4.50000e+01
1.47842e+02 4.50000e+01
1.48032e+02 4.50000e+01
1.48225e+02 4.50000e+01
1.48416e+02 4.50000e+01
1.48606e+02 4.50000e+01
1.48795e+02 4.50000e+01
1.48985e+02 4.50000e+01
1.49180e+02 4.50000e+01
1.49369e+02 4.50000e+01
1.49558e+02 4.50000e+01
1.49750e+02 4.50000e+01
1.49939e+02 4.50000e+01
1.50132e+02 4.50000e+01
1.50323e+02 4.50000e+01
1.50516e+02 4.50000e+01
1.50707e+02 4.50000e+01
1.50898e+02 4.50000e+01
1.51090e+02 4.50000e+01
1.51285e+02 4.50000e+01
1.51474e+02 4.50000e+01
1.51667e+02 4.50000e+01
1.51858e+02 4.50000e+01
1.52048e+02 4.50000e+01
1.52243e+02 4.50000e+01
1.52434e+02 4.50000e+01
1.52625e+02 4.50000e+01
1.52815e+02 4.50000e+01
1.53005e+02 4.50000e+01
1.53198e+02 4.50000e+01
1.53388e+02 4.50000e+01
1.53579e+02 4.50000e+01
1.53770e+02 4.50000e+01
1.53960e+02 4.50000e+01
1.54154e+02 4.50000e+01
1.54346e+02 4.50000e+01
1.54534e+02 4.50000e+01
1.54725e+02 4.50000e+01
1.54916e+02 4.50000e+01
1.55107e+02 4.50000e+01
1.55300e+02 4.50000e+01
1.55489e+02 4.50000e+01
1.55680e+02 4.50000e+01
1.55872e+02 4.50000e+01
1.56061e+02 4.50000e+01
1.56254e+02 4.50000e+01
1.56468e+02 4.50000e+01
1.56672e+02 4.50000e+01
1.56864e+02 4.50000e+01
1.57055e+02 4.50000e+01
1.57249e+02 4.50000e+01
1.57439e+02 4.50000e+01
1.57629e+02 4.50000e+01
1.57821e+02 4.50000e+01
1.58012e+02 4.50000e+01
1.58206e+02 4.50000e+01
1.58395e+02 4.50000e+01
1.58586e+02 4.50000e+01
1.58776e+02 4.50000e+01
1.58967e+02 4.50000e+01
1.59159e+02 4.50000e+01
1.59349e+02 4.50000e+01
1.59538e+02 4.50000e+01
1.59729e+02 4.50000e+01
1.59918e+02 4.50000e+01
1.60107e+02 4.50000e+01
1.60300e+02 4.50000e+01
1.60489e+02 4.50000e+01
1.60679e+02 4.50000e+01
1.60871e+02 4.50000e+01
1.61062e+02 4.50000e+01
1.61257e+02 4.50000e+01
1.61447e+02 4.50000e+01
1.61638e+02 4.50000e+01
1.61828e+02 4.50000e+01
1.62018e+02 4.50000e+01
1.62210e+02 4.50000e+01
1.62401e+02 4.50000e+01
1.62592e+02 4.50000e+01
1.62783e+02 4.50000e+01
1.62974e+02 4.50000e+01
1.63167e+02 4.50000e+01
1.63358e+02 4.50000e+01
1.63548e+02 4.50000e+01
1.63738e+02 4.50000e+01
1.63928e+02 4.50000e+01
1.64119e+02 4.50000e+01
1.64314e+02 4.50000e+01
1.64504e+02 4.50000e+01
1.64696e+02 4.50000e+01
1.64887e+02 4.50000e+01
1.65078e+02 4.50000e+01
1.65272e+02 4.50000e+01
1.65461e+02 4.50000e+01
1.65651e+02 4.50000e+01
1.65842e+02 4.50000e+01
1.66032e+02 4.50000e+01
1.66225e+02 4.50000e+01
1.66414e+02 4.50000e+01
1.66604e+02 4.50000e+01
1.66795e+02 4.50000e+01
1.66984e+02 4.50000e+01
1.67176e+02 4.50000e+01
1.67367e+02 4.50000e+01
1.67558e+02 4.50000e+01
1.67748e+02 4.50000e+01
1.67936e+02 4.50000e+01
1.68125e+02 4.50000e+01
1.68319e+02 4.50000e+01
1.68508e+02 4.50000e+01
1.68697e+02 4.50000e+01
1.68887e+02 4.50000e+01
1.69076e+02 4.50000e+01
1.69269e+02 4.50000e+01
1.69459e+02 4.50000e+01
1.69651e+02 4.50000e+01
1.69841e+02 4.50000e+01
1.70031e+02 4.50000e+01
1.70226e+02 4.50000e+01
1.70417e+02 4.50000e+01
1.70607e+02 4.50000e+01
1.70799e+02 4.50000e+01
1.70989e+02 4.50000e+01
1.71182e+02 4.50000e+01
1.71388e+02 4.50000e+01
1.71595e+02 4.50000e+01
1.71787e+02 4.50000e+01
1.71978e+02 4.50000e+01
1.72169e+02 4.50000e+01
1.72359e+02 4.50000e+01
1.72550e+02 4.50000e+01
1.72741e+02 4.50000e+01
1.72931e+02 4.50000e+01
1.73121e+02 4.50000e+01
1.73313e+02 4.50000e+01
1.73503e+02 4.50000e+01
1.73694e+02 4.50000e+01
1.73885e+02 4.50000e+01
1.74073e+02 4.50000e+01
1.74267e+02 4.50000e+01
1.74457e+02 4.50000e+01
1.74648e+02 4.50000e+01
1.74839e+02 4.50000e+01
1.75030e+02 4.50000e+01
1.75222e+02 4.50000e+01
1.75412e+02 4.50000e+01
1.75603e+02 4.50000e+01
1.75795e+02 4.50000e+01
1.75995e+02 4.50000e+01
1.76186e+02 4.50000e+01
1.76378e+02 4.50000e+01
1.76569e+02 4.50000e+01
1.76759e+02 4.50000e+01
1.76949e+02 4.50000e+01
1.77138e+02 4.50000e+01
1.77332e+02 4.50000e+01
1.77523e+02 4.50000e+01
1.77714e+02 4.50000e+01
1.77905e+02 4.50000e+01
1.78096e+02 4.50000e+01
1.78290e+02 4.50000e+01
1.78481e+02 4.50000e+01
1.78673e+02 4.50000e+01
1.78862e+02 4.50000e+01
1.79051e+02 4.50000e+01
1.79245e+02 4.50000e+01
1.79435e+02 4.50000e+01
1.79625e+02 4.50000e+01
1.79816e+02 4.50000e+01
1.80006e+02 4.50000e+01
1.80200e+02 4.50000e+01
1.80392e+02 4.50000e+01
1.80584e+02 4.50000e+01
1.80775e+02 4.50000e+01
1.80964e+02 4.50000e+01
1.81158e+02 4.50000e+01
1.81351e+02 4.50000e+01
1.81542e+02 4.50000e+01
1.81731e+02 4.50000e+01
1.81922e+02 4.50000e+01
1.82113e+02 4.50000e+01
1.82305e+02 4.50000e+01
1.82495e+02 4.50000e+01
1.82685e+02 4.50000e+01
1.82874e+02 4.50000e+01
1.83063e+02 4.50000e+01
1.83260e+02 4.50000e+01
1.83453e+02 4.50000e+01
1.83645e+02 4.50000e+01
1.83835e+02 4.50000e+01
1.84025e+02 4.50000e+01
1.84218e+02 4.50000e+01
1.84409e+02 4.50000e+01
1.84601e+02 4.50000e+01
1.84792e+02 4.50000e+01
1.84984e+02 4.50000e+01
1.85177e+02 4.50000e+01
1.85368e+02 4.50000e+01
1.85559e+02 4.50000e+01
1.85751e+02 4.50000e+01
1.85941e+02 4.50000e+01
1.86130e+02 4.50000e+01
1.86333e+02 4.50000e+01
1.86536e+02 4.50000e+01
1.86732e+02 4.50000e+01
1.86922e+02 4.50000e+01
1.87113e+02 4.50000e+01
1.87308e+02 4.50000e+01
1.87498e+02 4.50000e+01
1.87688e+02 4.50000e+01
1.87878e+02 4.50000e+01
1.88069e+02 4.50000e+01
1.88262e+02 4.50000e+01
1.88454e+02 4.50000e+01
1.88643e+02 4.50000e+01
1.88832e+02 4.50000e+01
1.89023e+02 4.50000e+01
1.89214e+02 4.50000e+01
1.89404e+02 4.50000e+01
1.89594e+02 4.50000e+01
1.89783e+02 4.50000e+01
1.89975e+02 4.50000e+01
1.90165e+02 4.50000e+01
1.90357e+02 4.50000e+01
1.90546e+02 4.50000e+01
1.90735e+02 4.50000e+01
1.90927e+02 4.50000e+01
1.91117e+02 4.50000e+01
