2.01580e-02 7.10000e+02
2.16988e-01 4.96000e+02
4.15041e-01 4.64000e+02
6.06673e-01 4.03000e+02
7.99528e-01 3.94000e+02
9.91825e-01 4.14000e+02
1.18441e+00 3.32000e+02
1.37950e+00 3.37000e+02
1.57375e+00 2.85000e+02
1.76632e+00 2.66000e+02
1.96163e+00 2.88000e+02
2.15495e+00 3.11000e+02
2.35173e+00 2.99000e+02
2.54554e+00 2.97000e+02
2.73772e+00 2.02000e+02
2.93078e+00 1.82000e+02
3.12445e+00 1.61000e+02
3.31878e+00 2.00000e+02
3.51082e+00 1.95000e+02
3.70223e+00 1.99000e+02
3.89373e+00 1.89000e+02
4.08543e+00 1.79000e+02
4.27754e+00 2.28000e+02
4.47295e+00 1.78000e+02
4.66625e+00 2.11000e+02
4.85718e+00 2.23000e+02
5.04958e+00 2.19000e+02
5.24215e+00 2.20000e+02
5.43682e+00 1.83000e+02
5.62683e+00 1.96000e+02
5.81821e+00 1.94000e+02
6.00952e+00 1.89000e+02
6.20205e+00 1.77000e+02
6.39533e+00 1.94000e+02
6.58721e+00 1.83000e+02
6.77851e+00 2.03000e+02
6.96892e+00 1.71000e+02
7.15976e+00 2.18000e+02
7.35233e+00 2.23000e+02
7.54476e+00 1.96000e+02
7.73575e+00 1.53000e+02
7.92638e+00 1.77000e+02
8.11609e+00 1.62000e+02
8.32908e+00 1.82000e+02
8.52077e+00 1.28000e+02
8.71295e+00 1.40000e+02
8.90294e+00 1.16000e+02
9.09421e+00 1.45000e+02
9.28310e+00 1.34000e+02
9.47588e+00 1.33000e+02
9.66677e+00 1.33000e+02
9.85841e+00 1.39000e+02
1.00491e+01 1.63000e+02
1.02401e+01 1.84000e+02
1.04352e+01 1.12000e+02
1.06259e+01 1.23000e+02
1.08159e+01 1.43000e+02
1.10068e+01 1.78000e+02
1.11969e+01 1.36000e+02
1.13909e+01 1.53000e+02
1.15825e+01 1.38000e+02
1.17750e+01 1.38000e+02
1.19663e+01 1.37000e+02
1.21554e+01 1.19000e+02
1.23471e+01 1.39000e+02
1.25384e+01 1.39000e+02
1.27380e+01 1.58000e+02
1.29304e+01 1.45000e+02
1.31206e+01 1.11000e+02
1.33136e+01 1.28000e+02
1.35054e+01 1.27000e+02
1.36968e+01 1.45000e+02
1.38872e+01 1.49000e+02
1.40786e+01 1.87000e+02
1.42683e+01 2.00000e+02
1.44629e+01 2.17000e+02
1.46530e+01 1.87000e+02
1.48432e+01 1.95000e+02
1.50323e+01 1.09000e+02
1.52226e+01 1.38000e+02
1.54170e+01 1.57000e+02
1.56088e+01 1.19000e+02
1.57977e+01 1.78000e+02
1.59875e+01 1.36000e+02
1.61770e+01 1.06000e+02
1.63692e+01 1.33000e+02
1.65603e+01 9.00000e+01
1.67510e+01 9.40000e+01
1.69407e+01 9.70000e+01
1.71319e+01 9.10000e+01
1.73255e+01 9.80000e+01
1.75169e+01 9.80000e+01
1.77065e+01 1.13000e+02
1.78969e+01 1.10000e+02
1.80869e+01 1.43000e+02
1.82788e+01 1.47000e+02
1.84730e+01 1.56000e+02
1.86631e+01 1.57000e+02
1.88536e+01 1.63000e+02
1.90443e+01 1.43000e+02
1.92340e+01 1.18000e+02
1.94288e+01 1.30000e+02
1.96203e+01 1.04000e+02
1.98112e+01 1.04000e+02
2.00014e+01 1.08000e+02
2.01970e+01 8.20000e+01
2.03913e+01 9.30000e+01
2.05841e+01 6.90000e+01
2.07752e+01 7.00000e+01
2.09662e+01 6.30000e+01
2.11563e+01 5.40000e+01
2.13511e+01 4.70000e+01
2.15424e+01 4.40000e+01
2.17336e+01 4.40000e+01
2.19248e+01 4.40000e+01
2.21158e+01 4.40000e+01
2.23054e+01 4.40000e+01
2.24992e+01 4.40000e+01
2.26908e+01 4.40000e+01
2.28810e+01 4.40000e+01
2.30710e+01 4.40000e+01
2.32783e+01 4.40000e+01
2.34777e+01 4.40000e+01
2.36701e+01 4.40000e+01
2.38598e+01 4.40000e+01
2.40504e+01 4.40000e+01
2.42404e+01 4.40000e+01
2.44342e+01 4.40000e+01
2.46247e+01 4.40000e+01
2.48153e+01 4.40000e+01
2.50045e+01 4.40000e+01
2.51942e+01 4.40000e+01
2.53873e+01 4.40000e+01
2.55804e+01 4.40000e+01
2.57722e+01 4.40000e+01
2.59612e+01 4.40000e+01
2.61496e+01 4.40000e+01
2.63431e+01 4.40000e+01
2.65350e+01 4.40000e+01
2.67272e+01 4.40000e+01
2.69171e+01 4.40000e+01
2.71073e+01 4.40000e+01
2.72970e+01 4.40000e+01
2.74906e+01 4.40000e+01
2.76848e+01 4.40000e+01
2.78800e+01 4.40000e+01
2.80710e+01 4.40000e+01
2.82618e+01 4.40000e+01
2.84546e+01 4.40000e+01
2.86449e+01 4.40000e+01
2.88339e+01 4.40000e+01
2.90238e+01 4.40000e+01
2.92132e+01 4.40000e+01
2.94076e+01 4.40000e+01
2.95980e+01 4.40000e+01
2.97886e+01 4.40000e+01
2.99769e+01 4.40000e+01
3.01661e+01 4.40000e+01
3.03593e+01 4.40000e+01
3.05510e+01 4.40000e+01
3.07399e+01 4.40000e+01
3.09310e+01 4.40000e+01
3.11213e+01 4.40000e+01
3.13101e+01 4.40000e+01
3.15038e+01 4.40000e+01
3.16938e+01 4.40000e+01
3.18823e+01 4.40000e+01
3.20731e+01 4.40000e+01
3.22618e+01 4.40000e+01
3.24538e+01 4.40000e+01
3.26455e+01 4.40000e+01
3.28355e+01 4.40000e+01
3.30259e+01 4.40000e+01
3.32152e+01 4.40000e+01
3.34086e+01 4.40000e+01
3.36001e+01 4.40000e+01
3.37909e+01 4.40000e+01
3.39810e+01 4.40000e+01
3.41725e+01 4.40000e+01
3.43677e+01 4.40000e+01
3.45599e+01 4.40000e+01
3.47501e+01 4.40000e+01
3.49408e+01 4.40000e+01
3.51314e+01 4.40000e+01
3.53229e+01 4.40000e+01
3.55173e+01 4.40000e+01
3.57083e+01 4.40000e+01
3.58986e+01 4.40000e+01
3.60907e+01 4.40000e+01
3.62810e+01 4.40000e+01
3.64753e+01 4.40000e+01
3.66668e+01 4.40000e+01
3.68567e+01 4.40000e+01
3.70472e+01 4.40000e+01
3.72351e+01 4.40000e+01
3.74296e+01 4.40000e+01
3.76210e+01 4.40000e+01
3.78120e+01 4.40000e+01
3.80019e+01 4.40000e+01
3.82043e+01 4.40000e+01
3.84130e+01 4.40000e+01
3.86104e+01 4.40000e+01
3.88016e+01 4.40000e+01
3.89924e+01 4.40000e+01
3.91834e+01 4.40000e+01
3.93770e+01 4.40000e+01
3.95702e+01 4.40000e+01
3.97623e+01 4.40000e+01
3.99523e+01 4.40000e+01
4.01432e+01 4.40000e+01
4.03342e+01 4.40000e+01
4.05293e+01 4.40000e+01
4.07217e+01 4.40000e+01
4.09102e+01 4.40000e+01
4.11001e+01 4.40000e+01
4.12906e+01 4.40000e+01
4.14830e+01 4.40000e+01
4.16728e+01 4.40000e+01
4.18638e+01 4.40000e+01
4.20534e+01 4.40000e+01
4.22428e+01 4.40000e+01
4.24366e+01 4.40000e+01
4.26272e+01 4.40000e+01
4.28279e+01 4.40000e+01
4.30196e+01 4.40000e+01
4.32119e+01 4.40000e+01
4.34049e+01 4.40000e+01
4.35974e+01 4.40000e+01
4.37882e+01 4.40000e+01
4.39787e+01 4.40000e+01
4.41691e+01 4.40000e+01
4.43637e+01 4.40000e+01
4.45552e+01 4.40000e+01
4.47480e+01 4.40000e+01
4.49381e+01 4.40000e+01
4.51286e+01 4.40000e+01
4.53190e+01 4.40000e+01
4.55125e+01 4.40000e+01
4.57035e+01 4.40000e+01
4.58938e+01 4.40000e+01
4.60842e+01 4.40000e+01
4.62749e+01 4.40000e+01
4.64677e+01 4.40000e+01
4.66606e+01 4.40000e+01
4.68511e+01 4.40000e+01
4.70429e+01 4.40000e+01
4.72346e+01 4.40000e+01
4.74306e+01 4.40000e+01
4.76227e+01 4.40000e+01
4.78124e+01 4.40000e+01
4.80035e+01 4.40000e+01
4.81969e+01 4.40000e+01
4.83921e+01 4.40000e+01
4.85835e+01 4.40000e+01
4.87751e+01 4.40000e+01
4.89667e+01 4.40000e+01
4.91582e+01 4.40000e+01
4.93504e+01 4.40000e+01
4.95445e+01 4.40000e+01
4.97360e+01 4.40000e+01
4.99281e+01 4.40000e+01
5.01210e+01 4.40000e+01
5.03129e+01 4.40000e+01
5.05080e+01 4.40000e+01
5.06976e+01 4.40000e+01
5.08881e+01 4.40000e+01
5.10782e+01 4.40000e+01
5.12694e+01 4.40000e+01
5.14638e+01 4.40000e+01
5.16563e+01 4.40000e+01
5.18478e+01 4.40000e+01
5.20399e+01 4.40000e+01
5.22313e+01 4.40000e+01
5.24264e+01 4.40000e+01
5.26173e+01 4.40000e+01
5.28096e+01 4.40000e+01
5.30020e+01 4.40000e+01
5.32077e+01 4.40000e+01
5.34199e+01 4.40000e+01
5.36131e+01 4.40000e+01
5.38049e+01 4.40000e+01
5.39966e+01 4.40000e+01
5.41886e+01 4.40000e+01
5.43837e+01 4.40000e+01
5.45759e+01 4.40000e+01
5.47670e+01 4.40000e+01
5.49573e+01 4.40000e+01
5.51487e+01 4.40000e+01
5.53396e+01 4.40000e+01
5.55339e+01 4.40000e+01
5.57263e+01 4.40000e+01
5.59159e+01 4.40000e+01
5.61059e+01 4.40000e+01
5.62965e+01 4.40000e+01
5.64900e+01 4.40000e+01
5.66816e+01 4.40000e+01
5.68730e+01 4.40000e+01
5.70633e+01 4.40000e+01
5.72547e+01 4.40000e+01
5.74492e+01 4.40000e+01
5.76406e+01 4.40000e+01
5.78314e+01 4.40000e+01
5.80213e+01 4.40000e+01
5.82133e+01 4.40000e+01
5.84067e+01 4.40000e+01
5.85987e+01 4.40000e+01
5.87910e+01 4.40000e+01
5.89817e+01 4.40000e+01
5.91721e+01 4.40000e+01
5.93639e+01 4.40000e+01
5.95572e+01 4.40000e+01
5.97505e+01 4.40000e+01
5.99414e+01 4.40000e+01
6.01322e+01 4.40000e+01
6.03233e+01 4.40000e+01
6.05182e+01 4.40000e+01
6.07095e+01 4.40000e+01
6.09016e+01 4.40000e+01
6.10917e+01 4.40000e+01
6.12823e+01 4.40000e+01
6.14778e+01 4.40000e+01
6.16703e+01 4.40000e+01
6.18617e+01 4.40000e+01
6.20529e+01 4.40000e+01
6.22451e+01 4.40000e+01
6.24404e+01 4.40000e+01
6.26324e+01 4.40000e+01
6.28233e+01 4.40000e+01
6.30122e+01 4.40000e+01
6.32025e+01 4.40000e+01
6.33967e+01 4.40000e+01
6.35878e+01 4.40000e+01
6.37796e+01 4.40000e+01
6.39714e+01 4.40000e+01
6.41624e+01 4.40000e+01
6.43534e+01 4.40000e+01
6.45476e+01 4.40000e+01
6.47404e+01 4.40000e+01
6.49326e+01 4.40000e+01
6.51247e+01 4.40000e+01
6.53161e+01 4.40000e+01
6.55119e+01 4.40000e+01
6.57027e+01 4.40000e+01
6.58949e+01 4.40000e+01
6.60869e+01 4.40000e+01
6.62776e+01 4.40000e+01
6.64719e+01 4.40000e+01
6.66650e+01 4.40000e+01
6.68560e+01 4.40000e+01
6.70481e+01 4.40000e+01
6.72411e+01 4.40000e+01
6.74384e+01 4.40000e+01
6.76314e+01 4.40000e+01
6.78253e+01 4.40000e+01
6.80171e+01 4.40000e+01
6.82235e+01 4.40000e+01
6.84382e+01 4.40000e+01
6.86308e+01 4.40000e+01
6.88232e+01 4.40000e+01
6.90179e+01 4.40000e+01
6.92098e+01 4.40000e+01
6.94047e+01 4.40000e+01
6.95979e+01 4.40000e+01
6.97899e+01 4.40000e+01
6.99815e+01 4.40000e+01
7.01733e+01 4.40000e+01
7.03660e+01 4.40000e+01
7.05626e+01 4.40000e+01
7.07571e+01 4.40000e+01
7.09502e+01 4.40000e+01
7.11416e+01 4.40000e+01
7.13343e+01 4.40000e+01
7.15305e+01 4.40000e+01
7.17230e+01 4.40000e+01
7.19147e+01 4.40000e+01
7.21083e+01 4.40000e+01
7.23001e+01 4.40000e+01
7.24962e+01 4.40000e+01
7.26949e+01 4.40000e+01
7.28933e+01 4.40000e+01
7.30848e+01 4.40000e+01
7.32763e+01 4.40000e+01
7.34705e+01 4.40000e+01
7.36631e+01 4.40000e+01
7.38559e+01 4.40000e+01
7.40474e+01 4.40000e+01
7.42394e+01 4.40000e+01
7.44345e+01 4.40000e+01
7.46267e+01 4.40000e+01
7.48193e+01 4.40000e+01
7.50112e+01 4.40000e+01
7.52035e+01 4.40000e+01
7.53985e+01 4.40000e+01
7.55922e+01 4.40000e+01
7.57840e+01 4.40000e+01
7.59759e+01 4.40000e+01
7.61677e+01 4.40000e+01
7.63595e+01 4.40000e+01
7.65545e+01 4.40000e+01
7.67468e+01 4.40000e+01
7.69384e+01 4.40000e+01
7.71299e+01 4.40000e+01
7.73224e+01 4.40000e+01
7.75172e+01 4.40000e+01
7.77098e+01 4.40000e+01
7.79008e+01 4.40000e+01
7.80935e+01 4.40000e+01
7.82858e+01 4.40000e+01
7.84813e+01 4.40000e+01
7.86725e+01 4.40000e+01
7.88641e+01 4.40000e+01
7.90559e+01 4.40000e+01
7.92471e+01 4.40000e+01
7.94417e+01 4.40000e+01
7.96331e+01 4.40000e+01
7.98248e+01 4.40000e+01
8.00170e+01 4.40000e+01
8.02139e+01 4.40000e+01
8.04120e+01 4.40000e+01
8.06083e+01 4.40000e+01
8.07996e+01 4.40000e+01
8.09918e+01 4.40000e+01
8.11832e+01 4.40000e+01
8.13761e+01 4.40000e+01
8.15707e+01 4.40000e+01
8.17642e+01 4.40000e+01
8.19567e+01 4.40000e+01
8.21496e+01 4.40000e+01
8.23422e+01 4.40000e+01
8.25386e+01 4.40000e+01
8.27323e+01 4.40000e+01
8.29244e+01 4.40000e+01
8.31145e+01 4.40000e+01
8.33273e+01 4.40000e+01
8.35220e+01 4.40000e+01
8.37132e+01 4.40000e+01
8.39048e+01 4.40000e+01
8.40973e+01 4.40000e+01
8.42887e+01 4.40000e+01
8.44842e+01 4.40000e+01
8.46775e+01 4.40000e+01
8.48702e+01 4.40000e+01
8.50622e+01 4.40000e+01
8.52555e+01 4.40000e+01
8.54493e+01 4.40000e+01
8.56431e+01 4.40000e+01
8.58354e+01 4.40000e+01
8.60275e+01 4.40000e+01
8.62185e+01 4.40000e+01
8.64153e+01 4.40000e+01
8.66089e+01 4.40000e+01
8.68013e+01 4.40000e+01
8.69929e+01 4.40000e+01
8.71859e+01 4.40000e+01
8.73772e+01 4.40000e+01
8.75732e+01 4.40000e+01
8.77738e+01 4.40000e+01
8.79667e+01 4.40000e+01
8.81591e+01 4.40000e+01
8.83513e+01 4.40000e+01
8.85470e+01 4.40000e+01
8.87416e+01 4.40000e+01
8.89336e+01 4.40000e+01
8.91244e+01 4.40000e+01
8.93163e+01 4.40000e+01
8.95117e+01 4.40000e+01
8.97038e+01 4.40000e+01
8.98969e+01 4.40000e+01
9.00857e+01 4.40000e+01
9.02763e+01 4.40000e+01
9.04709e+01 4.40000e+01
9.06620e+01 4.40000e+01
9.08535e+01 4.40000e+01
9.10445e+01 4.40000e+01
9.12348e+01 4.40000e+01
9.14297e+01 4.40000e+01
9.16223e+01 4.40000e+01
9.18131e+01 4.40000e+01
9.20035e+01 4.40000e+01
9.21948e+01 4.40000e+01
9.23859e+01 4.40000e+01
9.25803e+01 4.40000e+01
9.27721e+01 4.40000e+01
9.29635e+01 4.40000e+01
9.31557e+01 4.40000e+01
9.33467e+01 4.40000e+01
9.35419e+01 4.40000e+01
9.37335e+01 4.40000e+01
9.39238e+01 4.40000e+01
9.41155e+01 4.40000e+01
9.43077e+01 4.40000e+01
9.45033e+01 4.40000e+01
9.46940e+01 4.40000e+01
9.48843e+01 4.40000e+01
9.50760e+01 4.40000e+01
9.52656e+01 4.40000e+01
9.54610e+01 4.40000e+01
9.56539e+01 4.40000e+01
9.58440e+01 4.40000e+01
9.60350e+01 4.40000e+01
9.62261e+01 4.40000e+01
9.64176e+01 4.40000e+01
9.66117e+01 4.40000e+01
9.68027e+01 4.40000e+01
9.69941e+01 4.40000e+01
9.71849e+01 4.40000e+01
9.73758e+01 4.40000e+01
9.75703e+01 4.40000e+01
9.77615e+01 4.40000e+01
9.79520e+01 4.40000e+01
9.81476e+01 4.40000e+01
9.83595e+01 4.40000e+01
9.85545e+01 4.40000e+01
9.87460e+01 4.40000e+01
9.89366e+01 4.40000e+01
9.91272e+01 4.40000e+01
9.93179e+01 4.40000e+01
9.95140e+01 4.40000e+01
9.97058e+01 4.40000e+01
9.98971e+01 4.40000e+01
1.00086e+02 4.40000e+01
1.00279e+02 4.40000e+01
1.00473e+02 4.40000e+01
1.00664e+02 4.40000e+01
1.00854e+02 4.40000e+01
1.01045e+02 4.40000e+01
1.01235e+02 4.40000e+01
1.01427e+02 4.40000e+01
1.01620e+02 4.40000e+01
1.01812e+02 4.40000e+01
1.02003e+02 4.40000e+01
1.02192e+02 4.40000e+01
1.02382e+02 4.40000e+01
1.02577e+02 4.40000e+01
1.02769e+02 4.40000e+01
1.02960e+02 4.40000e+01
1.03151e+02 4.40000e+01
1.03343e+02 4.40000e+01
1.03536e+02 4.40000e+01
1.03728e+02 4.40000e+01
1.03919e+02 4.40000e+01
1.04109e+02 4.40000e+01
1.04299e+02 4.40000e+01
1.04492e+02 4.40000e+01
1.04683e+02 4.40000e+01
1.04875e+02 4.40000e+01
1.05066e+02 4.40000e+01
1.05257e+02 4.40000e+01
1.05452e+02 4.40000e+01
1.05645e+02 4.40000e+01
1.05836e+02 4.40000e+01
1.06027e+02 4.40000e+01
1.06216e+02 4.40000e+01
1.06406e+02 4.40000e+01
1.06599e+02 4.40000e+01
1.06790e+02 4.40000e+01
1.06981e+02 4.40000e+01
1.07172e+02 4.40000e+01
1.07361e+02 4.40000e+01
1.07556e+02 4.40000e+01
1.07747e+02 4.40000e+01
1.07940e+02 4.40000e+01
1.08130e+02 4.40000e+01
1.08321e+02 4.40000e+01
1.08515e+02 4.40000e+01
1.08706e+02 4.40000e+01
1.08896e+02 4.40000e+01
1.09088e+02 4.40000e+01
1.09280e+02 4.40000e+01
1.09474e+02 4.40000e+01
1.09665e+02 4.40000e+01
1.09855e+02 4.40000e+01
1.10046e+02 4.40000e+01
1.10235e+02 4.40000e+01
1.10425e+02 4.40000e+01
1.10620e+02 4.40000e+01
1.10811e+02 4.40000e+01
1.11003e+02 4.40000e+01
1.11195e+02 4.40000e+01
1.11384e+02 4.40000e+01
1.11578e+02 4.40000e+01
1.11769e+02 4.40000e+01
1.11960e+02 4.40000e+01
1.12152e+02 4.40000e+01
1.12343e+02 4.40000e+01
1.12538e+02 4.40000e+01
1.12730e+02 4.40000e+01
1.12921e+02 4.40000e+01
1.13111e+02 4.40000e+01
1.13323e+02 4.40000e+01
1.13517e+02 4.40000e+01
1.13708e+02 4.40000e+01
1.13900e+02 4.40000e+01
1.14090e+02 4.40000e+01
1.14280e+02 4.40000e+01
1.14474e+02 4.40000e+01
1.14666e+02 4.40000e+01
1.14857e+02 4.40000e+01
1.15048e+02 4.40000e+01
1.15238e+02 4.40000e+01
1.15429e+02 4.40000e+01
1.15622e+02 4.40000e+01
1.15815e+02 4.40000e+01
1.16007e+02 4.40000e+01
1.16197e+02 4.40000e+01
1.16389e+02 4.40000e+01
1.16585e+02 4.40000e+01
1.16777e+02 4.40000e+01
1.16968e+02 4.40000e+01
1.17159e+02 4.40000e+01
1.17350e+02 4.40000e+01
1.17546e+02 4.40000e+01
1.17747e+02 4.40000e+01
1.17953e+02 4.40000e+01
1.18143e+02 4.40000e+01
1.18332e+02 4.40000e+01
1.18526e+02 4.40000e+01
1.18717e+02 4.40000e+01
1.18908e+02 4.40000e+01
1.19099e+02 4.40000e+01
1.19290e+02 4.40000e+01
1.19485e+02 4.40000e+01
1.19677e+02 4.40000e+01
1.19867e+02 4.40000e+01
1.20057e+02 4.40000e+01
1.20245e+02 4.40000e+01
1.20436e+02 4.40000e+01
1.20631e+02 4.40000e+01
1.20821e+02 4.40000e+01
1.21011e+02 4.40000e+01
1.21202e+02 4.40000e+01
1.21392e+02 4.40000e+01
1.21586e+02 4.40000e+01
1.21778e+02 4.40000e+01
1.21969e+02 4.40000e+01
1.22160e+02 4.40000e+01
1.22350e+02 4.40000e+01
1.22546e+02 4.40000e+01
1.22736e+02 4.40000e+01
1.22925e+02 4.40000e+01
1.23117e+02 4.40000e+01
1.23307e+02 4.40000e+01
1.23501e+02 4.40000e+01
1.23693e+02 4.40000e+01
1.23883e+02 4.40000e+01
1.24074e+02 4.40000e+01
1.24265e+02 4.40000e+01
1.24458e+02 4.40000e+01
1.24652e+02 4.40000e+01
1.24843e+02 4.40000e+01
1.25035e+02 4.40000e+01
1.25225e+02 4.40000e+01
1.25417e+02 4.40000e+01
1.25613e+02 4.40000e+01
1.25804e+02 4.40000e+01
1.25995e+02 4.40000e+01
1.26186e+02 4.40000e+01
1.26379e+02 4.40000e+01
1.26575e+02 4.40000e+01
1.26768e+02 4.40000e+01
1.26959e+02 4.40000e+01
1.27149e+02 4.40000e+01
1.27340e+02 4.40000e+01
1.27536e+02 4.40000e+01
1.27727e+02 4.40000e+01
1.27918e+02 4.40000e+01
1.28109e+02 4.40000e+01
1.28319e+02 4.40000e+01
1.28518e+02 4.40000e+01
1.28711e+02 4.40000e+01
1.28902e+02 4.40000e+01
1.29093e+02 4.40000e+01
1.29284e+02 4.40000e+01
1.29479e+02 4.40000e+01
1.29673e+02 4.40000e+01
1.29865e+02 4.40000e+01
1.30055e+02 4.40000e+01
1.30246e+02 4.40000e+01
1.30437e+02 4.40000e+01
1.30633e+02 4.40000e+01
1.30825e+02 4.40000e+01
1.31015e+02 4.40000e+01
1.31205e+02 4.40000e+01
1.31397e+02 4.40000e+01
1.31591e+02 4.40000e+01
1.31782e+02 4.40000e+01
1.31972e+02 4.40000e+01
1.32162e+02 4.40000e+01
1.32352e+02 4.40000e+01
1.32548e+02 4.40000e+01
1.32740e+02 4.40000e+01
1.32931e+02 4.40000e+01
1.33123e+02 4.40000e+01
1.33317e+02 4.40000e+01
1.33513e+02 4.40000e+01
1.33707e+02 4.40000e+01
1.33899e+02 4.40000e+01
1.34091e+02 4.40000e+01
1.34282e+02 4.40000e+01
1.34475e+02 4.40000e+01
1.34668e+02 4.40000e+01
1.34861e+02 4.40000e+01
1.35053e+02 4.40000e+01
1.35245e+02 4.40000e+01
1.35436e+02 4.40000e+01
1.35630e+02 4.40000e+01
1.35821e+02 4.40000e+01
1.36013e+02 4.40000e+01
1.36205e+02 4.40000e+01
1.36396e+02 4.40000e+01
1.36592e+02 4.40000e+01
1.36784e+02 4.40000e+01
1.36975e+02 4.40000e+01
1.37167e+02 4.40000e+01
1.37358e+02 4.40000e+01
1.37553e+02 4.40000e+01
1.37745e+02 4.40000e+01
1.37938e+02 4.40000e+01
1.38128e+02 4.40000e+01
1.38318e+02 4.40000e+01
1.38512e+02 4.40000e+01
1.38706e+02 4.40000e+01
1.38899e+02 4.40000e+01
1.39092e+02 4.40000e+01
1.39284e+02 4.40000e+01
1.39478e+02 4.40000e+01
1.39673e+02 4.40000e+01
1.39864e+02 4.40000e+01
1.40056e+02 4.40000e+01
1.40248e+02 4.40000e+01
1.40443e+02 4.40000e+01
1.40639e+02 4.40000e+01
1.40829e+02 4.40000e+01
1.41020e+02 4.40000e+01
1.41212e+02 4.40000e+01
1.41403e+02 4.40000e+01
1.41598e+02 4.40000e+01
1.41789e+02 4.40000e+01
1.41981e+02 4.40000e+01
1.42171e+02 4.40000e+01
1.42362e+02 4.40000e+01
1.42558e+02 4.40000e+01
1.42749e+02 4.40000e+01
1.42942e+02 4.40000e+01
1.43138e+02 4.40000e+01
1.43357e+02 4.40000e+01
1.43567e+02 4.40000e+01
1.43759e+02 4.40000e+01
1.43952e+02 4.40000e+01
1.44143e+02 4.40000e+01
1.44334e+02 4.40000e+01
1.44530e+02 4.40000e+01
1.44724e+02 4.40000e+01
1.44915e+02 4.40000e+01
1.45107e+02 4.40000e+01
1.45297e+02 4.40000e+01
1.45487e+02 4.40000e+01
1.45681e+02 4.40000e+01
1.45872e+02 4.40000e+01
1.46063e+02 4.40000e+01
1.46254e+02 4.40000e+01
1.46445e+02 4.40000e+01
1.46640e+02 4.40000e+01
1.46832e+02 4.40000e+01
1.47023e+02 4.40000e+01
1.47215e+02 4.40000e+01
1.47406e+02 4.40000e+01
1.47601e+02 4.40000e+01
1.47793e+02 4.40000e+01
1.47983e+02 4.40000e+01
1.48174e+02 4.40000e+01
1.48366e+02 4.40000e+01
1.48560e+02 4.40000e+01
1.48752e+02 4.40000e+01
1.48943e+02 4.40000e+01
1.49134e+02 4.40000e+01
1.49326e+02 4.40000e+01
1.49520e+02 4.40000e+01
1.49713e+02 4.40000e+01
1.49904e+02 4.40000e+01
1.50095e+02 4.40000e+01
1.50286e+02 4.40000e+01
1.50479e+02 4.40000e+01
1.50673e+02 4.40000e+01
1.50865e+02 4.40000e+01
1.51056e+02 4.40000e+01
1.51248e+02 4.40000e+01
1.51440e+02 4.40000e+01
1.51635e+02 4.40000e+01
1.51828e+02 4.40000e+01
1.52020e+02 4.40000e+01
1.52213e+02 4.40000e+01
1.52405e+02 4.40000e+01
1.52601e+02 4.40000e+01
1.52793e+02 4.40000e+01
1.52985e+02 4.40000e+01
1.53175e+02 4.40000e+01
1.53366e+02 4.40000e+01
1.53560e+02 4.40000e+01
1.53751e+02 4.40000e+01
1.53944e+02 4.40000e+01
1.54136e+02 4.40000e+01
1.54327e+02 4.40000e+01
1.54522e+02 4.40000e+01
1.54713e+02 4.40000e+01
1.54902e+02 4.40000e+01
1.55093e+02 4.40000e+01
1.55285e+02 4.40000e+01
1.55476e+02 4.40000e+01
1.55670e+02 4.40000e+01
1.55861e+02 4.40000e+01
1.56053e+02 4.40000e+01
1.56244e+02 4.40000e+01
1.56436e+02 4.40000e+01
1.56630e+02 4.40000e+01
1.56822e+02 4.40000e+01
1.57013e+02 4.40000e+01
1.57204e+02 4.40000e+01
1.57396e+02 4.40000e+01
1.57591e+02 4.40000e+01
1.57783e+02 4.40000e+01
1.57974e+02 4.40000e+01
1.58176e+02 4.40000e+01
1.58388e+02 4.40000e+01
1.58584e+02 4.40000e+01
1.58776e+02 4.40000e+01
1.58966e+02 4.40000e+01
1.59157e+02 4.40000e+01
1.59347e+02 4.40000e+01
1.59540e+02 4.40000e+01
1.59731e+02 4.40000e+01
1.59920e+02 4.40000e+01
1.60110e+02 4.40000e+01
1.60300e+02 4.40000e+01
1.60491e+02 4.40000e+01
1.60686e+02 4.40000e+01
1.60879e+02 4.40000e+01
1.61071e+02 4.40000e+01
1.61261e+02 4.40000e+01
1.61452e+02 4.40000e+01
1.61644e+02 4.40000e+01
1.61836e+02 4.40000e+01
1.62025e+02 4.40000e+01
1.62218e+02 4.40000e+01
1.62410e+02 4.40000e+01
1.62604e+02 4.40000e+01
1.62797e+02 4.40000e+01
1.62990e+02 4.40000e+01
1.63192e+02 4.40000e+01
1.63383e+02 4.40000e+01
1.63577e+02 4.40000e+01
1.63769e+02 4.40000e+01
1.63959e+02 4.40000e+01
1.64150e+02 4.40000e+01
1.64341e+02 4.40000e+01
1.64535e+02 4.40000e+01
1.64728e+02 4.40000e+01
1.64920e+02 4.40000e+01
1.65111e+02 4.40000e+01
1.65302e+02 4.40000e+01
1.65493e+02 4.40000e+01
1.65687e+02 4.40000e+01
1.65878e+02 4.40000e+01
1.66070e+02 4.40000e+01
1.66259e+02 4.40000e+01
1.66450e+02 4.40000e+01
1.66643e+02 4.40000e+01
1.66834e+02 4.40000e+01
1.67024e+02 4.40000e+01
1.67215e+02 4.40000e+01
1.67405e+02 4.40000e+01
1.67600e+02 4.40000e+01
1.67792e+02 4.40000e+01
1.67983e+02 4.40000e+01
1.68174e+02 4.40000e+01
1.68364e+02 4.40000e+01
1.68557e+02 4.40000e+01
1.68748e+02 4.40000e+01
1.68938e+02 4.40000e+01
1.69128e+02 4.40000e+01
1.69318e+02 4.40000e+01
1.69508e+02 4.40000e+01
1.69702e+02 4.40000e+01
1.69892e+02 4.40000e+01
1.70083e+02 4.40000e+01
1.70273e+02 4.40000e+01
1.70464e+02 4.40000e+01
1.70658e+02 4.40000e+01
1.70849e+02 4.40000e+01
1.71039e+02 4.40000e+01
1.71231e+02 4.40000e+01
1.71422e+02 4.40000e+01
1.71616e+02 4.40000e+01
1.71808e+02 4.40000e+01
1.71999e+02 4.40000e+01
1.72190e+02 4.40000e+01
1.72381e+02 4.40000e+01
1.72574e+02 4.40000e+01
1.72765e+02 4.40000e+01
1.72956e+02 4.40000e+01
1.73151e+02 4.40000e+01
1.73360e+02 4.40000e+01
1.73554e+02 4.40000e+01
1.73746e+02 4.40000e+01
1.73936e+02 4.40000e+01
1.74126e+02 4.40000e+01
1.74316e+02 4.40000e+01
1.74507e+02 4.40000e+01
1.74702e+02 4.40000e+01
1.74894e+02 4.40000e+01
1.75086e+02 4.40000e+01
1.75278e+02 4.40000e+01
1.75467e+02 4.40000e+01
1.75661e+02 4.40000e+01
1.75851e+02 4.40000e+01
1.76042e+02 4.40000e+01
1.76234e+02 4.40000e+01
1.76424e+02 4.40000e+01
1.76618e+02 4.40000e+01
1.76809e+02 4.40000e+01
1.77000e+02 4.40000e+01
1.77191e+02 4.40000e+01
1.77381e+02 4.40000e+01
1.77576e+02 4.40000e+01
1.77778e+02 4.40000e+01
1.77970e+02 4.40000e+01
1.78161e+02 4.40000e+01
1.78352e+02 4.40000e+01
1.78545e+02 4.40000e+01
1.78736e+02 4.40000e+01
1.78926e+02 4.40000e+01
1.79116e+02 4.40000e+01
1.79307e+02 4.40000e+01
1.79498e+02 4.40000e+01
1.79692e+02 4.40000e+01
1.79883e+02 4.40000e+01
1.80073e+02 4.40000e+01
1.80263e+02 4.40000e+01
1.80455e+02 4.40000e+01
1.80649e+02 4.40000e+01
1.80839e+02 4.40000e+01
1.81029e+02 4.40000e+01
1.81219e+02 4.40000e+01
1.81410e+02 4.40000e+01
1.81604e+02 4.40000e+01
1.81797e+02 4.40000e+01
1.81988e+02 4.40000e+01
1.82179e+02 4.40000e+01
1.82369e+02 4.40000e+01
1.82561e+02 4.40000e+01
1.82753e+02 4.40000e+01
1.82943e+02 4.40000e+01
1.83134e+02 4.40000e+01
1.83325e+02 4.40000e+01
1.83515e+02 4.40000e+01
1.83712e+02 4.40000e+01
1.83902e+02 4.40000e+01
1.84092e+02 4.40000e+01
1.84282e+02 4.40000e+01
1.84473e+02 4.40000e+01
1.84667e+02 4.40000e+01
1.84857e+02 4.40000e+01
1.85048e+02 4.40000e+01
1.85238e+02 4.40000e+01
1.85428e+02 4.40000e+01
1.85623e+02 4.40000e+01
1.85814e+02 4.40000e+01
1.86005e+02 4.40000e+01
1.86196e+02 4.40000e+01
1.86387e+02 4.40000e+01
1.86580e+02 4.40000e+01
1.86772e+02 4.40000e+01
1.86962e+02 4.40000e+01
1.87153e+02 4.40000e+01
1.87343e+02 4.40000e+01
1.87534e+02 4.40000e+01
1.87728e+02 4.40000e+01
1.87920e+02 4.40000e+01
1.88110e+02 4.40000e+01
1.88323e+02 4.40000e+01
1.88519e+02 4.40000e+01
1.88716e+02 4.40000e+01
1.88906e+02 4.40000e+01
1.89098e+02 4.40000e+01
1.89288e+02 4.40000e+01
1.89479e+02 4.40000e+01
1.89673e+02 4.40000e+01
1.89866e+02 4.40000e+01
1.90058e+02 4.40000e+01
1.90249e+02 4.40000e+01
1.90440e+02 4.40000e+01
1.90634e+02 4.40000e+01
1.90824e+02 4.40000e+01
1.91014e+02 4.40000e+01
1.91205e+02 4.40000e+01
1.91397e+02 4.40000e+01
1.91590e+02 4.40000e+01
1.91781e+02 4.40000e+01
1.91972e+02 4.40000e+01
1.92162e+02 4.40000e+01
