2.01640e-02 7.01000e+02
2.15378e-01 4.91000e+02
4.10430e-01 4.10000e+02
6.01504e-01 3.62000e+02
7.92534e-01 2.79000e+02
9.83515e-01 3.05000e+02
1.17533e+00 2.89000e+02
1.36855e+00 2.55000e+02
1.56121e+00 3.12000e+02
1.75278e+00 2.03000e+02
1.94544e+00 2.39000e+02
2.13680e+00 2.06000e+02
2.33230e+00 2.44000e+02
2.52295e+00 2.23000e+02
2.71497e+00 2.62000e+02
2.90585e+00 2.20000e+02
3.09841e+00 2.46000e+02
3.29055e+00 1.95000e+02
3.48423e+00 1.87000e+02
3.67408e+00 1.43000e+02
3.86488e+00 1.81000e+02
4.05601e+00 1.68000e+02
4.24719e+00 1.90000e+02
4.44280e+00 1.49000e+02
4.63447e+00 1.66000e+02
4.82458e+00 1.73000e+02
5.01596e+00 1.45000e+02
5.20549e+00 1.48000e+02
5.39982e+00 1.47000e+02
5.59200e+00 1.60000e+02
5.78204e+00 1.71000e+02
5.97380e+00 1.53000e+02
6.16596e+00 2.21000e+02
6.35937e+00 1.77000e+02
6.55035e+00 1.44000e+02
6.74040e+00 1.38000e+02
6.92998e+00 1.54000e+02
7.12031e+00 1.70000e+02
7.31385e+00 1.50000e+02
7.50504e+00 1.76000e+02
7.69634e+00 1.53000e+02
7.88787e+00 1.51000e+02
8.07912e+00 1.58000e+02
8.28603e+00 1.69000e+02
8.49308e+00 1.70000e+02
8.68392e+00 1.54000e+02
8.87460e+00 2.08000e+02
9.06572e+00 2.14000e+02
9.25629e+00 2.12000e+02
9.45168e+00 2.05000e+02
9.64248e+00 1.99000e+02
9.83454e+00 2.15000e+02
1.00261e+01 2.32000e+02
1.02171e+01 1.80000e+02
1.04120e+01 1.99000e+02
1.06044e+01 1.77000e+02
1.07953e+01 1.33000e+02
1.09871e+01 1.56000e+02
1.11783e+01 1.20000e+02
1.13732e+01 1.26000e+02
1.15643e+01 9.90000e+01
1.17556e+01 9.20000e+01
1.19460e+01 9.60000e+01
1.21360e+01 9.80000e+01
1.23282e+01 9.50000e+01
1.25211e+01 1.13000e+02
1.27171e+01 1.27000e+02
1.29204e+01 1.05000e+02
1.31119e+01 1.10000e+02
1.33026e+01 1.08000e+02
1.34942e+01 1.35000e+02
1.36860e+01 1.21000e+02
1.38763e+01 1.11000e+02
1.40665e+01 1.03000e+02
1.42568e+01 7.40000e+01
1.44504e+01 7.40000e+01
1.46408e+01 7.40000e+01
1.48325e+01 7.40000e+01
1.50230e+01 7.40000e+01
1.52140e+01 7.40000e+01
1.54072e+01 7.40000e+01
1.55975e+01 7.40000e+01
1.57878e+01 7.40000e+01
1.59791e+01 7.40000e+01
1.61687e+01 7.40000e+01
1.63603e+01 7.40000e+01
1.65518e+01 7.40000e+01
1.67424e+01 7.40000e+01
1.69319e+01 7.40000e+01
1.71218e+01 7.40000e+01
1.73117e+01 7.40000e+01
1.75043e+01 7.40000e+01
1.76936e+01 7.40000e+01
1.78840e+01 7.40000e+01
1.80732e+01 7.40000e+01
1.82643e+01 7.40000e+01
1.84588e+01 7.40000e+01
1.86483e+01 7.40000e+01
1.88374e+01 7.40000e+01
1.90271e+01 7.40000e+01
1.92152e+01 7.40000e+01
1.94077e+01 7.40000e+01
1.95998e+01 7.40000e+01
1.97886e+01 7.40000e+01
1.99837e+01 7.40000e+01
2.01728e+01 7.40000e+01
2.03645e+01 7.40000e+01
2.05561e+01 7.40000e+01
2.07478e+01 7.40000e+01
2.09379e+01 7.40000e+01
2.11273e+01 7.40000e+01
2.13189e+01 7.40000e+01
2.15125e+01 7.40000e+01
2.17043e+01 7.40000e+01
2.18950e+01 7.40000e+01
2.20842e+01 7.40000e+01
2.22750e+01 7.40000e+01
2.24682e+01 7.40000e+01
2.26589e+01 7.40000e+01
2.28488e+01 7.40000e+01
2.30400e+01 7.40000e+01
2.32422e+01 7.40000e+01
2.34529e+01 7.40000e+01
2.36436e+01 7.40000e+01
2.38326e+01 7.40000e+01
2.40222e+01 7.40000e+01
2.42109e+01 7.40000e+01
2.44032e+01 7.40000e+01
2.45926e+01 7.40000e+01
2.47823e+01 7.40000e+01
2.49711e+01 7.40000e+01
2.51607e+01 7.40000e+01
2.53524e+01 7.40000e+01
2.55416e+01 7.40000e+01
2.57315e+01 7.40000e+01
2.59197e+01 7.40000e+01
2.61078e+01 7.40000e+01
2.62970e+01 7.40000e+01
2.64885e+01 7.40000e+01
2.66765e+01 7.40000e+01
2.68667e+01 7.40000e+01
2.70544e+01 7.40000e+01
2.72435e+01 7.40000e+01
2.74373e+01 7.40000e+01
2.76249e+01 7.40000e+01
2.78153e+01 7.40000e+01
2.80026e+01 7.40000e+01
2.81924e+01 7.40000e+01
2.83846e+01 7.40000e+01
2.85743e+01 7.40000e+01
2.87628e+01 7.40000e+01
2.89516e+01 7.40000e+01
2.91409e+01 7.40000e+01
2.93301e+01 7.40000e+01
2.95208e+01 7.40000e+01
2.97117e+01 7.40000e+01
2.99003e+01 7.40000e+01
3.00904e+01 7.40000e+01
3.02787e+01 7.40000e+01
3.04717e+01 7.40000e+01
3.06616e+01 7.40000e+01
3.08515e+01 7.40000e+01
3.10405e+01 7.40000e+01
3.12300e+01 7.40000e+01
3.14223e+01 7.40000e+01
3.16124e+01 7.40000e+01
3.18014e+01 7.40000e+01
3.19911e+01 7.40000e+01
3.21814e+01 7.40000e+01
3.23721e+01 7.40000e+01
3.25601e+01 7.40000e+01
3.27496e+01 7.40000e+01
3.29382e+01 7.40000e+01
3.31285e+01 7.40000e+01
3.33168e+01 7.40000e+01
3.35089e+01 7.40000e+01
3.36971e+01 7.40000e+01
3.38853e+01 7.40000e+01
3.40734e+01 7.40000e+01
3.42631e+01 7.40000e+01
3.44549e+01 7.40000e+01
3.46424e+01 7.40000e+01
3.48314e+01 7.40000e+01
3.50199e+01 7.40000e+01
3.52094e+01 7.40000e+01
3.54017e+01 7.40000e+01
3.55917e+01 7.40000e+01
3.57797e+01 7.40000e+01
3.59688e+01 7.40000e+01
3.61590e+01 7.40000e+01
3.63493e+01 7.40000e+01
3.65389e+01 7.40000e+01
3.67286e+01 7.40000e+01
3.69176e+01 7.40000e+01
3.71071e+01 7.40000e+01
3.72955e+01 7.40000e+01
3.74881e+01 7.40000e+01
3.76773e+01 7.40000e+01
3.78641e+01 7.40000e+01
3.80533e+01 7.40000e+01
3.82586e+01 7.40000e+01
3.84671e+01 7.40000e+01
3.86584e+01 7.40000e+01
3.88492e+01 7.40000e+01
3.90395e+01 7.40000e+01
3.92283e+01 7.40000e+01
3.94208e+01 7.40000e+01
3.96109e+01 7.40000e+01
3.97992e+01 7.40000e+01
3.99870e+01 7.40000e+01
4.01764e+01 7.40000e+01
4.03693e+01 7.40000e+01
4.05596e+01 7.40000e+01
4.07479e+01 7.40000e+01
4.09357e+01 7.40000e+01
4.11251e+01 7.40000e+01
4.13144e+01 7.40000e+01
4.15069e+01 7.40000e+01
4.16962e+01 7.40000e+01
4.18867e+01 7.40000e+01
4.20752e+01 7.40000e+01
4.22647e+01 7.40000e+01
4.24565e+01 7.40000e+01
4.26445e+01 7.40000e+01
4.28346e+01 7.40000e+01
4.30239e+01 7.40000e+01
4.32137e+01 7.40000e+01
4.34048e+01 7.40000e+01
4.35941e+01 7.40000e+01
4.37833e+01 7.40000e+01
4.39714e+01 7.40000e+01
4.41599e+01 7.40000e+01
4.43504e+01 7.40000e+01
4.45423e+01 7.40000e+01
4.47325e+01 7.40000e+01
4.49215e+01 7.40000e+01
4.51095e+01 7.40000e+01
4.52985e+01 7.40000e+01
4.54898e+01 7.40000e+01
4.56797e+01 7.40000e+01
4.58686e+01 7.40000e+01
4.60571e+01 7.40000e+01
4.62449e+01 7.40000e+01
4.64370e+01 7.40000e+01
4.66256e+01 7.40000e+01
4.68149e+01 7.40000e+01
4.70026e+01 7.40000e+01
4.71916e+01 7.40000e+01
4.73828e+01 7.40000e+01
4.75710e+01 7.40000e+01
4.77576e+01 7.40000e+01
4.79450e+01 7.40000e+01
4.81329e+01 7.40000e+01
4.83219e+01 7.40000e+01
4.85123e+01 7.40000e+01
4.87019e+01 7.40000e+01
4.88898e+01 7.40000e+01
4.90779e+01 7.40000e+01
4.92665e+01 7.40000e+01
4.94574e+01 7.40000e+01
4.96476e+01 7.40000e+01
4.98378e+01 7.40000e+01
5.00274e+01 7.40000e+01
5.02181e+01 7.40000e+01
5.04119e+01 7.40000e+01
5.06018e+01 7.40000e+01
5.07909e+01 7.40000e+01
5.09802e+01 7.40000e+01
5.11695e+01 7.40000e+01
5.13590e+01 7.40000e+01
5.15519e+01 7.40000e+01
5.17411e+01 7.40000e+01
5.19300e+01 7.40000e+01
5.21189e+01 7.40000e+01
5.23083e+01 7.40000e+01
5.25018e+01 7.40000e+01
5.26929e+01 7.40000e+01
5.28821e+01 7.40000e+01
5.30706e+01 7.40000e+01
5.32772e+01 7.40000e+01
5.34815e+01 7.40000e+01
5.36707e+01 7.40000e+01
5.38598e+01 7.40000e+01
5.40490e+01 7.40000e+01
5.42381e+01 7.40000e+01
5.44303e+01 7.40000e+01
5.46192e+01 7.40000e+01
5.48081e+01 7.40000e+01
5.49972e+01 7.40000e+01
5.51860e+01 7.40000e+01
5.53769e+01 7.40000e+01
5.55666e+01 7.40000e+01
5.57564e+01 7.40000e+01
5.59448e+01 7.40000e+01
5.61341e+01 7.40000e+01
5.63229e+01 7.40000e+01
5.65147e+01 7.40000e+01
5.67038e+01 7.40000e+01
5.68927e+01 7.40000e+01
5.70827e+01 7.40000e+01
5.72717e+01 7.40000e+01
5.74645e+01 7.40000e+01
5.76541e+01 7.40000e+01
5.78454e+01 7.40000e+01
5.80347e+01 7.40000e+01
5.82238e+01 7.40000e+01
5.84142e+01 7.40000e+01
5.86021e+01 7.40000e+01
5.87913e+01 7.40000e+01
5.89826e+01 7.40000e+01
5.91713e+01 7.40000e+01
5.93617e+01 7.40000e+01
5.95544e+01 7.40000e+01
5.97443e+01 7.40000e+01
5.99328e+01 7.40000e+01
6.01213e+01 7.40000e+01
6.03095e+01 7.40000e+01
6.05019e+01 7.40000e+01
6.06913e+01 7.40000e+01
6.08809e+01 7.40000e+01
6.10692e+01 7.40000e+01
6.12589e+01 7.40000e+01
6.14512e+01 7.40000e+01
6.16424e+01 7.40000e+01
6.18316e+01 7.40000e+01
6.20196e+01 7.40000e+01
6.22098e+01 7.40000e+01
6.24013e+01 7.40000e+01
6.25896e+01 7.40000e+01
6.27788e+01 7.40000e+01
6.29668e+01 7.40000e+01
6.31561e+01 7.40000e+01
6.33453e+01 7.40000e+01
6.35365e+01 7.40000e+01
6.37252e+01 7.40000e+01
6.39153e+01 7.40000e+01
6.41034e+01 7.40000e+01
6.42943e+01 7.40000e+01
6.44857e+01 7.40000e+01
6.46760e+01 7.40000e+01
6.48647e+01 7.40000e+01
6.50540e+01 7.40000e+01
6.52417e+01 7.40000e+01
6.54340e+01 7.40000e+01
6.56230e+01 7.40000e+01
6.58124e+01 7.40000e+01
6.60009e+01 7.40000e+01
6.61898e+01 7.40000e+01
6.63780e+01 7.40000e+01
6.65694e+01 7.40000e+01
6.67595e+01 7.40000e+01
6.69495e+01 7.40000e+01
6.71381e+01 7.40000e+01
6.73298e+01 7.40000e+01
6.75231e+01 7.40000e+01
6.77134e+01 7.40000e+01
6.79025e+01 7.40000e+01
6.80921e+01 7.40000e+01
6.83011e+01 7.40000e+01
6.84985e+01 7.40000e+01
6.86896e+01 7.40000e+01
6.88804e+01 7.40000e+01
6.90699e+01 7.40000e+01
6.92594e+01 7.40000e+01
6.94505e+01 7.40000e+01
6.96412e+01 7.40000e+01
6.98313e+01 7.40000e+01
7.00206e+01 7.40000e+01
7.02092e+01 7.40000e+01
7.04007e+01 7.40000e+01
7.05913e+01 7.40000e+01
7.07829e+01 7.40000e+01
7.09727e+01 7.40000e+01
7.11623e+01 7.40000e+01
7.13524e+01 7.40000e+01
7.15458e+01 7.40000e+01
7.17350e+01 7.40000e+01
7.19237e+01 7.40000e+01
7.21108e+01 7.40000e+01
7.22998e+01 7.40000e+01
7.24942e+01 7.40000e+01
7.26866e+01 7.40000e+01
7.28780e+01 7.40000e+01
7.30681e+01 7.40000e+01
7.32587e+01 7.40000e+01
7.34510e+01 7.40000e+01
7.36419e+01 7.40000e+01
7.38338e+01 7.40000e+01
7.40244e+01 7.40000e+01
7.42145e+01 7.40000e+01
7.44062e+01 7.40000e+01
7.45961e+01 7.40000e+01
7.47876e+01 7.40000e+01
7.49777e+01 7.40000e+01
7.51657e+01 7.40000e+01
7.53565e+01 7.40000e+01
7.55501e+01 7.40000e+01
7.57405e+01 7.40000e+01
7.59302e+01 7.40000e+01
7.61202e+01 7.40000e+01
7.63103e+01 7.40000e+01
7.65044e+01 7.40000e+01
7.66953e+01 7.40000e+01
7.68874e+01 7.40000e+01
7.70771e+01 7.40000e+01
7.72674e+01 7.40000e+01
7.74599e+01 7.40000e+01
7.76506e+01 7.40000e+01
7.78412e+01 7.40000e+01
7.80318e+01 7.40000e+01
7.82220e+01 7.40000e+01
7.84144e+01 7.40000e+01
7.86045e+01 7.40000e+01
7.87956e+01 7.40000e+01
7.89846e+01 7.40000e+01
7.91739e+01 7.40000e+01
7.93635e+01 7.40000e+01
7.95576e+01 7.40000e+01
7.97486e+01 7.40000e+01
7.99408e+01 7.40000e+01
8.01338e+01 7.40000e+01
8.03235e+01 7.40000e+01
8.05153e+01 7.40000e+01
8.07046e+01 7.40000e+01
8.08946e+01 7.40000e+01
8.10845e+01 7.40000e+01
8.12739e+01 7.40000e+01
8.14664e+01 7.40000e+01
8.16569e+01 7.40000e+01
8.18468e+01 7.40000e+01
8.20359e+01 7.40000e+01
8.22253e+01 7.40000e+01
8.24166e+01 7.40000e+01
8.26065e+01 7.40000e+01
8.27955e+01 7.40000e+01
8.29844e+01 7.40000e+01
8.31759e+01 7.40000e+01
8.33870e+01 7.40000e+01
8.35787e+01 7.40000e+01
8.37684e+01 7.40000e+01
8.39575e+01 7.40000e+01
8.41468e+01 7.40000e+01
8.43354e+01 7.40000e+01
8.45283e+01 7.40000e+01
8.47173e+01 7.40000e+01
8.49069e+01 7.40000e+01
8.50969e+01 7.40000e+01
8.52867e+01 7.40000e+01
8.54792e+01 7.40000e+01
8.56694e+01 7.40000e+01
8.58583e+01 7.40000e+01
8.60481e+01 7.40000e+01
8.62389e+01 7.40000e+01
8.64309e+01 7.40000e+01
8.66204e+01 7.40000e+01
8.68110e+01 7.40000e+01
8.69983e+01 7.40000e+01
8.71873e+01 7.40000e+01
8.73760e+01 7.40000e+01
8.75683e+01 7.40000e+01
8.77627e+01 7.40000e+01
8.79521e+01 7.40000e+01
8.81401e+01 7.40000e+01
8.83296e+01 7.40000e+01
8.85214e+01 7.40000e+01
8.87112e+01 7.40000e+01
8.88999e+01 7.40000e+01
8.90894e+01 7.40000e+01
8.92793e+01 7.40000e+01
8.94706e+01 7.40000e+01
8.96608e+01 7.40000e+01
8.98519e+01 7.40000e+01
9.00413e+01 7.40000e+01
9.02302e+01 7.40000e+01
9.04207e+01 7.40000e+01
9.06109e+01 7.40000e+01
9.07991e+01 7.40000e+01
9.09874e+01 7.40000e+01
9.11762e+01 7.40000e+01
9.13672e+01 7.40000e+01
9.15591e+01 7.40000e+01
9.17477e+01 7.40000e+01
9.19378e+01 7.40000e+01
9.21269e+01 7.40000e+01
9.23162e+01 7.40000e+01
9.25072e+01 7.40000e+01
9.26956e+01 7.40000e+01
9.28850e+01 7.40000e+01
9.30748e+01 7.40000e+01
9.32654e+01 7.40000e+01
9.34574e+01 7.40000e+01
9.36471e+01 7.40000e+01
9.38369e+01 7.40000e+01
9.40265e+01 7.40000e+01
9.42155e+01 7.40000e+01
9.44053e+01 7.40000e+01
9.45968e+01 7.40000e+01
9.47861e+01 7.40000e+01
9.49752e+01 7.40000e+01
9.51646e+01 7.40000e+01
9.53549e+01 7.40000e+01
9.55463e+01 7.40000e+01
9.57349e+01 7.40000e+01
9.59261e+01 7.40000e+01
9.61141e+01 7.40000e+01
9.63027e+01 7.40000e+01
9.64948e+01 7.40000e+01
9.66849e+01 7.40000e+01
9.68741e+01 7.40000e+01
9.70628e+01 7.40000e+01
9.72511e+01 7.40000e+01
9.74432e+01 7.40000e+01
9.76321e+01 7.40000e+01
9.78218e+01 7.40000e+01
9.80108e+01 7.40000e+01
9.82082e+01 7.40000e+01
9.84162e+01 7.40000e+01
9.86085e+01 7.40000e+01
9.87980e+01 7.40000e+01
9.89877e+01 7.40000e+01
9.91776e+01 7.40000e+01
9.93690e+01 7.40000e+01
9.95620e+01 7.40000e+01
9.97527e+01 7.40000e+01
9.99419e+01 7.40000e+01
1.00132e+02 7.40000e+01
1.00321e+02 7.40000e+01
1.00514e+02 7.40000e+01
1.00705e+02 7.40000e+01
1.00893e+02 7.40000e+01
1.01083e+02 7.40000e+01
1.01273e+02 7.40000e+01
1.01465e+02 7.40000e+01
1.01654e+02 7.40000e+01
1.01843e+02 7.40000e+01
1.02032e+02 7.40000e+01
1.02220e+02 7.40000e+01
1.02410e+02 7.40000e+01
1.02600e+02 7.40000e+01
1.02801e+02 7.40000e+01
1.02990e+02 7.40000e+01
1.03178e+02 7.40000e+01
1.03368e+02 7.40000e+01
1.03562e+02 7.40000e+01
1.03750e+02 7.40000e+01
1.03939e+02 7.40000e+01
1.04128e+02 7.40000e+01
1.04316e+02 7.40000e+01
1.04509e+02 7.40000e+01
1.04699e+02 7.40000e+01
1.04888e+02 7.40000e+01
1.05079e+02 7.40000e+01
1.05268e+02 7.40000e+01
1.05462e+02 7.40000e+01
1.05652e+02 7.40000e+01
1.05843e+02 7.40000e+01
1.06032e+02 7.40000e+01
1.06221e+02 7.40000e+01
1.06411e+02 7.40000e+01
1.06604e+02 7.40000e+01
1.06793e+02 7.40000e+01
1.06983e+02 7.40000e+01
1.07171e+02 7.40000e+01
1.07362e+02 7.40000e+01
1.07554e+02 7.40000e+01
1.07743e+02 7.40000e+01
1.07932e+02 7.40000e+01
1.08120e+02 7.40000e+01
1.08308e+02 7.40000e+01
1.08502e+02 7.40000e+01
1.08692e+02 7.40000e+01
1.08882e+02 7.40000e+01
1.09071e+02 7.40000e+01
1.09259e+02 7.40000e+01
1.09451e+02 7.40000e+01
1.09641e+02 7.40000e+01
1.09829e+02 7.40000e+01
1.10017e+02 7.40000e+01
1.10205e+02 7.40000e+01
1.10394e+02 7.40000e+01
1.10583e+02 7.40000e+01
1.10774e+02 7.40000e+01
1.10962e+02 7.40000e+01
1.11151e+02 7.40000e+01
1.11340e+02 7.40000e+01
1.11534e+02 7.40000e+01
1.11723e+02 7.40000e+01
1.11915e+02 7.40000e+01
1.12105e+02 7.40000e+01
1.12295e+02 7.40000e+01
1.12487e+02 7.40000e+01
1.12678e+02 7.40000e+01
1.12867e+02 7.40000e+01
1.13057e+02 7.40000e+01
1.13262e+02 7.40000e+01
1.13469e+02 7.40000e+01
1.13659e+02 7.40000e+01
1.13851e+02 7.40000e+01
1.14040e+02 7.40000e+01
1.14230e+02 7.40000e+01
1.14419e+02 7.40000e+01
1.14611e+02 7.40000e+01
1.14801e+02 7.40000e+01
1.14991e+02 7.40000e+01
1.15178e+02 7.40000e+01
1.15368e+02 7.40000e+01
1.15559e+02 7.40000e+01
1.15748e+02 7.40000e+01
1.15938e+02 7.40000e+01
1.16125e+02 7.40000e+01
1.16313e+02 7.40000e+01
1.16503e+02 7.40000e+01
1.16691e+02 7.40000e+01
1.16879e+02 7.40000e+01
1.17069e+02 7.40000e+01
1.17258e+02 7.40000e+01
1.17447e+02 7.40000e+01
1.17637e+02 7.40000e+01
1.17827e+02 7.40000e+01
1.18017e+02 7.40000e+01
1.18206e+02 7.40000e+01
1.18395e+02 7.40000e+01
1.18587e+02 7.40000e+01
1.18776e+02 7.40000e+01
1.18966e+02 7.40000e+01
1.19155e+02 7.40000e+01
1.19345e+02 7.40000e+01
1.19540e+02 7.40000e+01
1.19730e+02 7.40000e+01
1.19921e+02 7.40000e+01
1.20108e+02 7.40000e+01
1.20297e+02 7.40000e+01
1.20489e+02 7.40000e+01
1.20681e+02 7.40000e+01
1.20871e+02 7.40000e+01
1.21060e+02 7.40000e+01
1.21248e+02 7.40000e+01
1.21437e+02 7.40000e+01
1.21627e+02 7.40000e+01
1.21816e+02 7.40000e+01
1.22006e+02 7.40000e+01
1.22195e+02 7.40000e+01
1.22384e+02 7.40000e+01
1.22577e+02 7.40000e+01
1.22765e+02 7.40000e+01
1.22954e+02 7.40000e+01
1.23142e+02 7.40000e+01
1.23331e+02 7.40000e+01
1.23523e+02 7.40000e+01
1.23713e+02 7.40000e+01
1.23901e+02 7.40000e+01
1.24089e+02 7.40000e+01
1.24278e+02 7.40000e+01
1.24470e+02 7.40000e+01
1.24661e+02 7.40000e+01
1.24850e+02 7.40000e+01
1.25040e+02 7.40000e+01
1.25230e+02 7.40000e+01
1.25421e+02 7.40000e+01
1.25614e+02 7.40000e+01
1.25804e+02 7.40000e+01
1.25995e+02 7.40000e+01
1.26186e+02 7.40000e+01
1.26376e+02 7.40000e+01
1.26568e+02 7.40000e+01
1.26760e+02 7.40000e+01
1.26951e+02 7.40000e+01
1.27142e+02 7.40000e+01
1.27331e+02 7.40000e+01
1.27525e+02 7.40000e+01
1.27717e+02 7.40000e+01
1.27907e+02 7.40000e+01
1.28095e+02 7.40000e+01
1.28297e+02 7.40000e+01
1.28504e+02 7.40000e+01
1.28705e+02 7.40000e+01
1.28893e+02 7.40000e+01
1.29084e+02 7.40000e+01
1.29273e+02 7.40000e+01
1.29464e+02 7.40000e+01
1.29655e+02 7.40000e+01
1.29844e+02 7.40000e+01
1.30032e+02 7.40000e+01
1.30222e+02 7.40000e+01
1.30412e+02 7.40000e+01
1.30605e+02 7.40000e+01
1.30794e+02 7.40000e+01
1.30984e+02 7.40000e+01
1.31174e+02 7.40000e+01
1.31364e+02 7.40000e+01
1.31556e+02 7.40000e+01
1.31745e+02 7.40000e+01
1.31935e+02 7.40000e+01
1.32126e+02 7.40000e+01
1.32316e+02 7.40000e+01
1.32510e+02 7.40000e+01
1.32701e+02 7.40000e+01
1.32893e+02 7.40000e+01
1.33083e+02 7.40000e+01
1.33273e+02 7.40000e+01
1.33464e+02 7.40000e+01
1.33658e+02 7.40000e+01
1.33847e+02 7.40000e+01
1.34038e+02 7.40000e+01
1.34228e+02 7.40000e+01
1.34420e+02 7.40000e+01
1.34616e+02 7.40000e+01
1.34808e+02 7.40000e+01
1.34998e+02 7.40000e+01
1.35187e+02 7.40000e+01
1.35377e+02 7.40000e+01
1.35571e+02 7.40000e+01
1.35761e+02 7.40000e+01
1.35951e+02 7.40000e+01
1.36140e+02 7.40000e+01
1.36330e+02 7.40000e+01
1.36523e+02 7.40000e+01
1.36714e+02 7.40000e+01
1.36904e+02 7.40000e+01
1.37096e+02 7.40000e+01
1.37286e+02 7.40000e+01
1.37478e+02 7.40000e+01
1.37672e+02 7.40000e+01
1.37861e+02 7.40000e+01
1.38050e+02 7.40000e+01
1.38238e+02 7.40000e+01
1.38428e+02 7.40000e+01
1.38620e+02 7.40000e+01
1.38809e+02 7.40000e+01
1.38998e+02 7.40000e+01
1.39186e+02 7.40000e+01
1.39374e+02 7.40000e+01
1.39567e+02 7.40000e+01
1.39757e+02 7.40000e+01
1.39945e+02 7.40000e+01
1.40141e+02 7.40000e+01
1.40331e+02 7.40000e+01
1.40526e+02 7.40000e+01
1.40715e+02 7.40000e+01
1.40904e+02 7.40000e+01
1.41094e+02 7.40000e+01
1.41283e+02 7.40000e+01
1.41473e+02 7.40000e+01
1.41667e+02 7.40000e+01
1.41858e+02 7.40000e+01
1.42048e+02 7.40000e+01
1.42239e+02 7.40000e+01
1.42428e+02 7.40000e+01
1.42619e+02 7.40000e+01
1.42808e+02 7.40000e+01
1.42998e+02 7.40000e+01
1.43196e+02 7.40000e+01
1.43413e+02 7.40000e+01
1.43621e+02 7.40000e+01
1.43810e+02 7.40000e+01
1.43998e+02 7.40000e+01
1.44188e+02 7.40000e+01
1.44377e+02 7.40000e+01
1.44569e+02 7.40000e+01
1.44759e+02 7.40000e+01
1.44949e+02 7.40000e+01
1.45139e+02 7.40000e+01
1.45329e+02 7.40000e+01
1.45521e+02 7.40000e+01
1.45711e+02 7.40000e+01
1.45901e+02 7.40000e+01
1.46090e+02 7.40000e+01
1.46280e+02 7.40000e+01
1.46468e+02 7.40000e+01
1.46662e+02 7.40000e+01
1.46850e+02 7.40000e+01
1.47039e+02 7.40000e+01
1.47229e+02 7.40000e+01
1.47418e+02 7.40000e+01
1.47609e+02 7.40000e+01
1.47800e+02 7.40000e+01
1.47988e+02 7.40000e+01
1.48178e+02 7.40000e+01
1.48367e+02 7.40000e+01
1.48559e+02 7.40000e+01
1.48749e+02 7.40000e+01
1.48937e+02 7.40000e+01
1.49125e+02 7.40000e+01
1.49315e+02 7.40000e+01
1.49504e+02 7.40000e+01
1.49695e+02 7.40000e+01
1.49884e+02 7.40000e+01
1.50075e+02 7.40000e+01
1.50265e+02 7.40000e+01
1.50455e+02 7.40000e+01
1.50647e+02 7.40000e+01
1.50836e+02 7.40000e+01
1.51024e+02 7.40000e+01
1.51214e+02 7.40000e+01
1.51403e+02 7.40000e+01
1.51595e+02 7.40000e+01
1.51785e+02 7.40000e+01
1.51975e+02 7.40000e+01
1.52165e+02 7.40000e+01
1.52352e+02 7.40000e+01
1.52545e+02 7.40000e+01
1.52735e+02 7.40000e+01
1.52921e+02 7.40000e+01
1.53113e+02 7.40000e+01
1.53302e+02 7.40000e+01
1.53492e+02 7.40000e+01
1.53684e+02 7.40000e+01
1.53873e+02 7.40000e+01
1.54063e+02 7.40000e+01
1.54252e+02 7.40000e+01
1.54439e+02 7.40000e+01
1.54632e+02 7.40000e+01
1.54821e+02 7.40000e+01
1.55010e+02 7.40000e+01
1.55199e+02 7.40000e+01
1.55389e+02 7.40000e+01
1.55581e+02 7.40000e+01
1.55769e+02 7.40000e+01
1.55957e+02 7.40000e+01
1.56147e+02 7.40000e+01
1.56335e+02 7.40000e+01
1.56527e+02 7.40000e+01
1.56717e+02 7.40000e+01
1.56907e+02 7.40000e+01
1.57097e+02 7.40000e+01
1.57286e+02 7.40000e+01
1.57473e+02 7.40000e+01
1.57666e+02 7.40000e+01
1.57857e+02 7.40000e+01
1.58046e+02 7.40000e+01
1.58250e+02 7.40000e+01
1.58461e+02 7.40000e+01
1.58655e+02 7.40000e+01
1.58844e+02 7.40000e+01
1.59033e+02 7.40000e+01
1.59222e+02 7.40000e+01
1.59412e+02 7.40000e+01
1.59606e+02 7.40000e+01
1.59794e+02 7.40000e+01
1.59984e+02 7.40000e+01
1.60172e+02 7.40000e+01
1.60360e+02 7.40000e+01
1.60552e+02 7.40000e+01
1.60742e+02 7.40000e+01
1.60931e+02 7.40000e+01
1.61119e+02 7.40000e+01
1.61307e+02 7.40000e+01
1.61495e+02 7.40000e+01
1.61689e+02 7.40000e+01
1.61878e+02 7.40000e+01
1.62065e+02 7.40000e+01
1.62253e+02 7.40000e+01
1.62441e+02 7.40000e+01
1.62634e+02 7.40000e+01
1.62824e+02 7.40000e+01
1.63014e+02 7.40000e+01
1.63203e+02 7.40000e+01
1.63393e+02 7.40000e+01
1.63584e+02 7.40000e+01
1.63773e+02 7.40000e+01
1.63962e+02 7.40000e+01
1.64150e+02 7.40000e+01
1.64339e+02 7.40000e+01
1.64529e+02 7.40000e+01
1.64719e+02 7.40000e+01
1.64908e+02 7.40000e+01
1.65098e+02 7.40000e+01
1.65286e+02 7.40000e+01
1.65477e+02 7.40000e+01
1.65670e+02 7.40000e+01
1.65859e+02 7.40000e+01
1.66047e+02 7.40000e+01
1.66236e+02 7.40000e+01
1.66424e+02 7.40000e+01
1.66618e+02 7.40000e+01
1.66807e+02 7.40000e+01
1.66996e+02 7.40000e+01
1.67186e+02 7.40000e+01
1.67375e+02 7.40000e+01
1.67568e+02 7.40000e+01
1.67759e+02 7.40000e+01
1.67948e+02 7.40000e+01
1.68137e+02 7.40000e+01
1.68326e+02 7.40000e+01
1.68516e+02 7.40000e+01
1.68711e+02 7.40000e+01
1.68899e+02 7.40000e+01
1.69089e+02 7.40000e+01
1.69280e+02 7.40000e+01
1.69469e+02 7.40000e+01
1.69663e+02 7.40000e+01
1.69851e+02 7.40000e+01
1.70039e+02 7.40000e+01
1.70230e+02 7.40000e+01
1.70420e+02 7.40000e+01
1.70614e+02 7.40000e+01
1.70804e+02 7.40000e+01
1.70994e+02 7.40000e+01
1.71183e+02 7.40000e+01
1.71374e+02 7.40000e+01
1.71568e+02 7.40000e+01
1.71758e+02 7.40000e+01
1.71948e+02 7.40000e+01
1.72139e+02 7.40000e+01
1.72327e+02 7.40000e+01
1.72517e+02 7.40000e+01
1.72709e+02 7.40000e+01
1.72897e+02 7.40000e+01
1.73085e+02 7.40000e+01
1.73292e+02 7.40000e+01
1.73491e+02 7.40000e+01
1.73685e+02 7.40000e+01
1.73875e+02 7.40000e+01
1.74064e+02 7.40000e+01
1.74254e+02 7.40000e+01
1.74441e+02 7.40000e+01
1.74633e+02 7.40000e+01
1.74820e+02 7.40000e+01
1.75008e+02 7.40000e+01
1.75198e+02 7.40000e+01
1.75388e+02 7.40000e+01
1.75580e+02 7.40000e+01
1.75770e+02 7.40000e+01
1.75960e+02 7.40000e+01
1.76149e+02 7.40000e+01
1.76339e+02 7.40000e+01
1.76528e+02 7.40000e+01
1.76722e+02 7.40000e+01
1.76910e+02 7.40000e+01
1.77098e+02 7.40000e+01
1.77289e+02 7.40000e+01
1.77480e+02 7.40000e+01
1.77674e+02 7.40000e+01
1.77873e+02 7.40000e+01
1.78061e+02 7.40000e+01
1.78251e+02 7.40000e+01
1.78440e+02 7.40000e+01
1.78631e+02 7.40000e+01
1.78823e+02 7.40000e+01
1.79011e+02 7.40000e+01
1.79201e+02 7.40000e+01
1.79392e+02 7.40000e+01
1.79583e+02 7.40000e+01
1.79774e+02 7.40000e+01
1.79965e+02 7.40000e+01
1.80155e+02 7.40000e+01
1.80345e+02 7.40000e+01
1.80536e+02 7.40000e+01
1.80728e+02 7.40000e+01
1.80916e+02 7.40000e+01
1.81105e+02 7.40000e+01
1.81295e+02 7.40000e+01
1.81485e+02 7.40000e+01
1.81679e+02 7.40000e+01
1.81868e+02 7.40000e+01
1.82057e+02 7.40000e+01
1.82247e+02 7.40000e+01
1.82438e+02 7.40000e+01
1.82632e+02 7.40000e+01
1.82821e+02 7.40000e+01
1.83012e+02 7.40000e+01
1.83201e+02 7.40000e+01
1.83389e+02 7.40000e+01
1.83580e+02 7.40000e+01
1.83768e+02 7.40000e+01
1.83958e+02 7.40000e+01
1.84148e+02 7.40000e+01
1.84337e+02 7.40000e+01
1.84527e+02 7.40000e+01
1.84718e+02 7.40000e+01
1.84905e+02 7.40000e+01
1.85093e+02 7.40000e+01
1.85283e+02 7.40000e+01
1.85472e+02 7.40000e+01
1.85664e+02 7.40000e+01
1.85854e+02 7.40000e+01
1.86042e+02 7.40000e+01
1.86231e+02 7.40000e+01
1.86420e+02 7.40000e+01
1.86611e+02 7.40000e+01
1.86801e+02 7.40000e+01
1.86989e+02 7.40000e+01
1.87177e+02 7.40000e+01
1.87368e+02 7.40000e+01
1.87558e+02 7.40000e+01
1.87751e+02 7.40000e+01
1.87942e+02 7.40000e+01
1.88133e+02 7.40000e+01
1.88342e+02 7.40000e+01
1.88535e+02 7.40000e+01
1.88728e+02 7.40000e+01
1.88917e+02 7.40000e+01
1.89107e+02 7.40000e+01
1.89298e+02 7.40000e+01
1.89488e+02 7.40000e+01
1.89681e+02 7.40000e+01
1.89871e+02 7.40000e+01
1.90061e+02 7.40000e+01
1.90251e+02 7.40000e+01
1.90440e+02 7.40000e+01
