2.01490e-02 6.63000e+02
2.15202e-01 4.61000e+02
4.06074e-01 3.75000e+02
5.97006e-01 2.65000e+02
7.89077e-01 2.73000e+02
9.83103e-01 3.12000e+02
1.17514e+00 3.07000e+02
1.36637e+00 3.08000e+02
1.55738e+00 2.37000e+02
1.74761e+00 2.36000e+02
1.94312e+00 2.10000e+02
2.13445e+00 1.93000e+02
2.32613e+00 2.27000e+02
2.51680e+00 2.16000e+02
2.70748e+00 1.87000e+02
2.90125e+00 1.50000e+02
3.09317e+00 1.43000e+02
3.28396e+00 1.97000e+02
3.47537e+00 1.80000e+02
3.66563e+00 1.91000e+02
3.85980e+00 1.52000e+02
4.04981e+00 1.72000e+02
4.24186e+00 1.67000e+02
4.43086e+00 1.61000e+02
4.64503e+00 1.45000e+02
4.85344e+00 1.71000e+02
5.05287e+00 2.09000e+02
5.24491e+00 1.86000e+02
5.43491e+00 1.62000e+02
5.62573e+00 1.67000e+02
5.81561e+00 1.38000e+02
6.00916e+00 1.79000e+02
6.19968e+00 1.94000e+02
6.38835e+00 1.78000e+02
6.57898e+00 1.44000e+02
6.76961e+00 1.38000e+02
6.96186e+00 1.33000e+02
7.15226e+00 1.68000e+02
7.34062e+00 1.24000e+02
7.53101e+00 1.32000e+02
7.73967e+00 1.30000e+02
7.94992e+00 1.34000e+02
8.15544e+00 1.55000e+02
8.34509e+00 1.59000e+02
8.53474e+00 1.60000e+02
8.72475e+00 1.53000e+02
8.91660e+00 1.89000e+02
9.10691e+00 1.92000e+02
9.29569e+00 1.95000e+02
9.48506e+00 2.02000e+02
9.67386e+00 2.09000e+02
9.86571e+00 2.00000e+02
1.00550e+01 2.11000e+02
1.02455e+01 2.00000e+02
1.04346e+01 1.85000e+02
1.06236e+01 1.65000e+02
1.08134e+01 1.63000e+02
1.10046e+01 1.54000e+02
1.11942e+01 1.32000e+02
1.13825e+01 1.86000e+02
1.15724e+01 1.40000e+02
1.17606e+01 1.69000e+02
1.19528e+01 1.57000e+02
1.21430e+01 1.22000e+02
1.23320e+01 1.28000e+02
1.25213e+01 1.18000e+02
1.27089e+01 1.09000e+02
1.28985e+01 1.24000e+02
1.30887e+01 1.51000e+02
1.32780e+01 1.35000e+02
1.34660e+01 1.52000e+02
1.36547e+01 1.44000e+02
1.38441e+01 1.37000e+02
1.40358e+01 1.19000e+02
1.42251e+01 9.40000e+01
1.44142e+01 6.40000e+01
1.46018e+01 5.70000e+01
1.47907e+01 5.10000e+01
1.49817e+01 5.10000e+01
1.51692e+01 5.10000e+01
1.53577e+01 5.10000e+01
1.55475e+01 5.10000e+01
1.57365e+01 5.10000e+01
1.59293e+01 5.10000e+01
1.61186e+01 5.10000e+01
1.63092e+01 5.10000e+01
1.64976e+01 5.10000e+01
1.66858e+01 5.10000e+01
1.68748e+01 5.10000e+01
1.70644e+01 5.10000e+01
1.72538e+01 5.10000e+01
1.74425e+01 5.10000e+01
1.76320e+01 5.10000e+01
1.78212e+01 5.10000e+01
1.80137e+01 5.10000e+01
1.82032e+01 5.10000e+01
1.83916e+01 5.10000e+01
1.85812e+01 5.10000e+01
1.87698e+01 5.10000e+01
1.89609e+01 5.10000e+01
1.91488e+01 5.10000e+01
1.93372e+01 5.10000e+01
1.95264e+01 5.10000e+01
1.97140e+01 5.10000e+01
1.99070e+01 5.10000e+01
2.00971e+01 5.10000e+01
2.02879e+01 5.10000e+01
2.04764e+01 5.10000e+01
2.06654e+01 5.10000e+01
2.08575e+01 5.10000e+01
2.10480e+01 5.10000e+01
2.12363e+01 5.10000e+01
2.14267e+01 5.10000e+01
2.16165e+01 5.10000e+01
2.18034e+01 5.10000e+01
2.19959e+01 5.10000e+01
2.21858e+01 5.10000e+01
2.23752e+01 5.10000e+01
2.25645e+01 5.10000e+01
2.27712e+01 5.10000e+01
2.29660e+01 5.10000e+01
2.31565e+01 5.10000e+01
2.33462e+01 5.10000e+01
2.35354e+01 5.10000e+01
2.37246e+01 5.10000e+01
2.39168e+01 5.10000e+01
2.41071e+01 5.10000e+01
2.42965e+01 5.10000e+01
2.44842e+01 5.10000e+01
2.46728e+01 5.10000e+01
2.48612e+01 5.10000e+01
2.50507e+01 5.10000e+01
2.52394e+01 5.10000e+01
2.54274e+01 5.10000e+01
2.56169e+01 5.10000e+01
2.58053e+01 5.10000e+01
2.59950e+01 5.10000e+01
2.61843e+01 5.10000e+01
2.63724e+01 5.10000e+01
2.65606e+01 5.10000e+01
2.67502e+01 5.10000e+01
2.69430e+01 5.10000e+01
2.71329e+01 5.10000e+01
2.73228e+01 5.10000e+01
2.75099e+01 5.10000e+01
2.76984e+01 5.10000e+01
2.78894e+01 5.10000e+01
2.80800e+01 5.10000e+01
2.82690e+01 5.10000e+01
2.84569e+01 5.10000e+01
2.86451e+01 5.10000e+01
2.88351e+01 5.10000e+01
2.90266e+01 5.10000e+01
2.92159e+01 5.10000e+01
2.94050e+01 5.10000e+01
2.95948e+01 5.10000e+01
2.97842e+01 5.10000e+01
2.99761e+01 5.10000e+01
3.01652e+01 5.10000e+01
3.03533e+01 5.10000e+01
3.05413e+01 5.10000e+01
3.07313e+01 5.10000e+01
3.09232e+01 5.10000e+01
3.11125e+01 5.10000e+01
3.13014e+01 5.10000e+01
3.14896e+01 5.10000e+01
3.16778e+01 5.10000e+01
3.18668e+01 5.10000e+01
3.20565e+01 5.10000e+01
3.22447e+01 5.10000e+01
3.24336e+01 5.10000e+01
3.26218e+01 5.10000e+01
3.28094e+01 5.10000e+01
3.30007e+01 5.10000e+01
3.31901e+01 5.10000e+01
3.33787e+01 5.10000e+01
3.35678e+01 5.10000e+01
3.37557e+01 5.10000e+01
3.39473e+01 5.10000e+01
3.41365e+01 5.10000e+01
3.43265e+01 5.10000e+01
3.45153e+01 5.10000e+01
3.47047e+01 5.10000e+01
3.48964e+01 5.10000e+01
3.50844e+01 5.10000e+01
3.52736e+01 5.10000e+01
3.54621e+01 5.10000e+01
3.56513e+01 5.10000e+01
3.58401e+01 5.10000e+01
3.60314e+01 5.10000e+01
3.62221e+01 5.10000e+01
3.64121e+01 5.10000e+01
3.66023e+01 5.10000e+01
3.67909e+01 5.10000e+01
3.69826e+01 5.10000e+01
3.71728e+01 5.10000e+01
3.73613e+01 5.10000e+01
3.75495e+01 5.10000e+01
3.77573e+01 5.10000e+01
3.79672e+01 5.10000e+01
3.81677e+01 5.10000e+01
3.83558e+01 5.10000e+01
3.85445e+01 5.10000e+01
3.87316e+01 5.10000e+01
3.89223e+01 5.10000e+01
3.91115e+01 5.10000e+01
3.93006e+01 5.10000e+01
3.94876e+01 5.10000e+01
3.96743e+01 5.10000e+01
3.98634e+01 5.10000e+01
4.00547e+01 5.10000e+01
4.02447e+01 5.10000e+01
4.04340e+01 5.10000e+01
4.06236e+01 5.10000e+01
4.08119e+01 5.10000e+01
4.10031e+01 5.10000e+01
4.11925e+01 5.10000e+01
4.13823e+01 5.10000e+01
4.15715e+01 5.10000e+01
4.17609e+01 5.10000e+01
4.19519e+01 5.10000e+01
4.21410e+01 5.10000e+01
4.23295e+01 5.10000e+01
4.25185e+01 5.10000e+01
4.27078e+01 5.10000e+01
4.28994e+01 5.10000e+01
4.30891e+01 5.10000e+01
4.32788e+01 5.10000e+01
4.34679e+01 5.10000e+01
4.36555e+01 5.10000e+01
4.38433e+01 5.10000e+01
4.40343e+01 5.10000e+01
4.42204e+01 5.10000e+01
4.44085e+01 5.10000e+01
4.45968e+01 5.10000e+01
4.47852e+01 5.10000e+01
4.49766e+01 5.10000e+01
4.51654e+01 5.10000e+01
4.53539e+01 5.10000e+01
4.55415e+01 5.10000e+01
4.57301e+01 5.10000e+01
4.59206e+01 5.10000e+01
4.61087e+01 5.10000e+01
4.62972e+01 5.10000e+01
4.64846e+01 5.10000e+01
4.66708e+01 5.10000e+01
4.68581e+01 5.10000e+01
4.70482e+01 5.10000e+01
4.72375e+01 5.10000e+01
4.74255e+01 5.10000e+01
4.76141e+01 5.10000e+01
4.78040e+01 5.10000e+01
4.79958e+01 5.10000e+01
4.81842e+01 5.10000e+01
4.83727e+01 5.10000e+01
4.85616e+01 5.10000e+01
4.87510e+01 5.10000e+01
4.89432e+01 5.10000e+01
4.91320e+01 5.10000e+01
4.93216e+01 5.10000e+01
4.95100e+01 5.10000e+01
4.96996e+01 5.10000e+01
4.98894e+01 5.10000e+01
5.00806e+01 5.10000e+01
5.02703e+01 5.10000e+01
5.04578e+01 5.10000e+01
5.06446e+01 5.10000e+01
5.08328e+01 5.10000e+01
5.10248e+01 5.10000e+01
5.12132e+01 5.10000e+01
5.14001e+01 5.10000e+01
5.15876e+01 5.10000e+01
5.17750e+01 5.10000e+01
5.19653e+01 5.10000e+01
5.21526e+01 5.10000e+01
5.23403e+01 5.10000e+01
5.25285e+01 5.10000e+01
5.27312e+01 5.10000e+01
5.29348e+01 5.10000e+01
5.31243e+01 5.10000e+01
5.33129e+01 5.10000e+01
5.35003e+01 5.10000e+01
5.36878e+01 5.10000e+01
5.38760e+01 5.10000e+01
5.40686e+01 5.10000e+01
5.42575e+01 5.10000e+01
5.44465e+01 5.10000e+01
5.46356e+01 5.10000e+01
5.48256e+01 5.10000e+01
5.50168e+01 5.10000e+01
5.52059e+01 5.10000e+01
5.53956e+01 5.10000e+01
5.55837e+01 5.10000e+01
5.57732e+01 5.10000e+01
5.59638e+01 5.10000e+01
5.61523e+01 5.10000e+01
5.63424e+01 5.10000e+01
5.65320e+01 5.10000e+01
5.67214e+01 5.10000e+01
5.69129e+01 5.10000e+01
5.71027e+01 5.10000e+01
5.72936e+01 5.10000e+01
5.74829e+01 5.10000e+01
5.76702e+01 5.10000e+01
5.78581e+01 5.10000e+01
5.80503e+01 5.10000e+01
5.82381e+01 5.10000e+01
5.84269e+01 5.10000e+01
5.86156e+01 5.10000e+01
5.88044e+01 5.10000e+01
5.89960e+01 5.10000e+01
5.91855e+01 5.10000e+01
5.93769e+01 5.10000e+01
5.95655e+01 5.10000e+01
5.97556e+01 5.10000e+01
5.99474e+01 5.10000e+01
6.01345e+01 5.10000e+01
6.03237e+01 5.10000e+01
6.05120e+01 5.10000e+01
6.07005e+01 5.10000e+01
6.08896e+01 5.10000e+01
6.10810e+01 5.10000e+01
6.12708e+01 5.10000e+01
6.14614e+01 5.10000e+01
6.16496e+01 5.10000e+01
6.18387e+01 5.10000e+01
6.20314e+01 5.10000e+01
6.22204e+01 5.10000e+01
6.24091e+01 5.10000e+01
6.25991e+01 5.10000e+01
6.27881e+01 5.10000e+01
6.29798e+01 5.10000e+01
6.31695e+01 5.10000e+01
6.33600e+01 5.10000e+01
6.35492e+01 5.10000e+01
6.37400e+01 5.10000e+01
6.39325e+01 5.10000e+01
6.41289e+01 5.10000e+01
6.43200e+01 5.10000e+01
6.45107e+01 5.10000e+01
6.46995e+01 5.10000e+01
6.48901e+01 5.10000e+01
6.50815e+01 5.10000e+01
6.52701e+01 5.10000e+01
6.54600e+01 5.10000e+01
6.56499e+01 5.10000e+01
6.58392e+01 5.10000e+01
6.60304e+01 5.10000e+01
6.62194e+01 5.10000e+01
6.64087e+01 5.10000e+01
6.65986e+01 5.10000e+01
6.67875e+01 5.10000e+01
6.69799e+01 5.10000e+01
6.71700e+01 5.10000e+01
6.73598e+01 5.10000e+01
6.75490e+01 5.10000e+01
6.77586e+01 5.10000e+01
6.79673e+01 5.10000e+01
6.81572e+01 5.10000e+01
6.83463e+01 5.10000e+01
6.85356e+01 5.10000e+01
6.87257e+01 5.10000e+01
6.89154e+01 5.10000e+01
6.91077e+01 5.10000e+01
6.92976e+01 5.10000e+01
6.94880e+01 5.10000e+01
6.96769e+01 5.10000e+01
6.98664e+01 5.10000e+01
7.00594e+01 5.10000e+01
7.02503e+01 5.10000e+01
7.04404e+01 5.10000e+01
7.06316e+01 5.10000e+01
7.08234e+01 5.10000e+01
7.10171e+01 5.10000e+01
7.12081e+01 5.10000e+01
7.13977e+01 5.10000e+01
7.15873e+01 5.10000e+01
7.17782e+01 5.10000e+01
7.19700e+01 5.10000e+01
7.21639e+01 5.10000e+01
7.23604e+01 5.10000e+01
7.25500e+01 5.10000e+01
7.27400e+01 5.10000e+01
7.29311e+01 5.10000e+01
7.31213e+01 5.10000e+01
7.33100e+01 5.10000e+01
7.34995e+01 5.10000e+01
7.36889e+01 5.10000e+01
7.38780e+01 5.10000e+01
7.40691e+01 5.10000e+01
7.42579e+01 5.10000e+01
7.44466e+01 5.10000e+01
7.46350e+01 5.10000e+01
7.48251e+01 5.10000e+01
7.50177e+01 5.10000e+01
7.52070e+01 5.10000e+01
7.53953e+01 5.10000e+01
7.55835e+01 5.10000e+01
7.57720e+01 5.10000e+01
7.59643e+01 5.10000e+01
7.61535e+01 5.10000e+01
7.63434e+01 5.10000e+01
7.65327e+01 5.10000e+01
7.67213e+01 5.10000e+01
7.69100e+01 5.10000e+01
7.71021e+01 5.10000e+01
7.72904e+01 5.10000e+01
7.74798e+01 5.10000e+01
7.76686e+01 5.10000e+01
7.78582e+01 5.10000e+01
7.80497e+01 5.10000e+01
7.82376e+01 5.10000e+01
7.84246e+01 5.10000e+01
7.86135e+01 5.10000e+01
7.88012e+01 5.10000e+01
7.89925e+01 5.10000e+01
7.91801e+01 5.10000e+01
7.93674e+01 5.10000e+01
7.95551e+01 5.10000e+01
7.97428e+01 5.10000e+01
7.99317e+01 5.10000e+01
8.01211e+01 5.10000e+01
8.03086e+01 5.10000e+01
8.04972e+01 5.10000e+01
8.06848e+01 5.10000e+01
8.08733e+01 5.10000e+01
8.10646e+01 5.10000e+01
8.12526e+01 5.10000e+01
8.14430e+01 5.10000e+01
8.16319e+01 5.10000e+01
8.18211e+01 5.10000e+01
8.20129e+01 5.10000e+01
8.22026e+01 5.10000e+01
8.23917e+01 5.10000e+01
8.25797e+01 5.10000e+01
8.27883e+01 5.10000e+01
8.29878e+01 5.10000e+01
8.31782e+01 5.10000e+01
8.33672e+01 5.10000e+01
8.35561e+01 5.10000e+01
8.37442e+01 5.10000e+01
8.39321e+01 5.10000e+01
8.41253e+01 5.10000e+01
8.43163e+01 5.10000e+01
8.45054e+01 5.10000e+01
8.46951e+01 5.10000e+01
8.48837e+01 5.10000e+01
8.50755e+01 5.10000e+01
8.52631e+01 5.10000e+01
8.54522e+01 5.10000e+01
8.56413e+01 5.10000e+01
8.58306e+01 5.10000e+01
8.60239e+01 5.10000e+01
8.62139e+01 5.10000e+01
8.64033e+01 5.10000e+01
8.65908e+01 5.10000e+01
8.67801e+01 5.10000e+01
8.69720e+01 5.10000e+01
8.71654e+01 5.10000e+01
8.73623e+01 5.10000e+01
8.75505e+01 5.10000e+01
8.77392e+01 5.10000e+01
8.79280e+01 5.10000e+01
8.81192e+01 5.10000e+01
8.83082e+01 5.10000e+01
8.84970e+01 5.10000e+01
8.86857e+01 5.10000e+01
8.88750e+01 5.10000e+01
8.90680e+01 5.10000e+01
8.92576e+01 5.10000e+01
8.94468e+01 5.10000e+01
8.96359e+01 5.10000e+01
8.98246e+01 5.10000e+01
9.00166e+01 5.10000e+01
9.02062e+01 5.10000e+01
9.03948e+01 5.10000e+01
9.05843e+01 5.10000e+01
9.07730e+01 5.10000e+01
9.09652e+01 5.10000e+01
9.11560e+01 5.10000e+01
9.13474e+01 5.10000e+01
9.15386e+01 5.10000e+01
9.17284e+01 5.10000e+01
9.19171e+01 5.10000e+01
9.21084e+01 5.10000e+01
9.22963e+01 5.10000e+01
9.24853e+01 5.10000e+01
9.26731e+01 5.10000e+01
9.28630e+01 5.10000e+01
9.30540e+01 5.10000e+01
9.32423e+01 5.10000e+01
9.34305e+01 5.10000e+01
9.36186e+01 5.10000e+01
9.38065e+01 5.10000e+01
9.39983e+01 5.10000e+01
9.41869e+01 5.10000e+01
9.43759e+01 5.10000e+01
9.45653e+01 5.10000e+01
9.47547e+01 5.10000e+01
9.49430e+01 5.10000e+01
9.51360e+01 5.10000e+01
9.53262e+01 5.10000e+01
9.55143e+01 5.10000e+01
9.57038e+01 5.10000e+01
9.58920e+01 5.10000e+01
9.60833e+01 5.10000e+01
9.62716e+01 5.10000e+01
9.64616e+01 5.10000e+01
9.66496e+01 5.10000e+01
9.68387e+01 5.10000e+01
9.70299e+01 5.10000e+01
9.72178e+01 5.10000e+01
9.74065e+01 5.10000e+01
9.75945e+01 5.10000e+01
9.78073e+01 5.10000e+01
9.80054e+01 5.10000e+01
9.81942e+01 5.10000e+01
9.83848e+01 5.10000e+01
9.85731e+01 5.10000e+01
9.87622e+01 5.10000e+01
9.89505e+01 5.10000e+01
9.91419e+01 5.10000e+01
9.93305e+01 5.10000e+01
9.95189e+01 5.10000e+01
9.97079e+01 5.10000e+01
9.98970e+01 5.10000e+01
1.00089e+02 5.10000e+01
1.00277e+02 5.10000e+01
1.00467e+02 5.10000e+01
1.00654e+02 5.10000e+01
1.00842e+02 5.10000e+01
1.01034e+02 5.10000e+01
1.01222e+02 5.10000e+01
1.01411e+02 5.10000e+01
1.01599e+02 5.10000e+01
1.01787e+02 5.10000e+01
1.01978e+02 5.10000e+01
1.02168e+02 5.10000e+01
1.02357e+02 5.10000e+01
1.02547e+02 5.10000e+01
1.02735e+02 5.10000e+01
1.02924e+02 5.10000e+01
1.03118e+02 5.10000e+01
1.03308e+02 5.10000e+01
1.03497e+02 5.10000e+01
1.03687e+02 5.10000e+01
1.03877e+02 5.10000e+01
1.04069e+02 5.10000e+01
1.04257e+02 5.10000e+01
1.04449e+02 5.10000e+01
1.04638e+02 5.10000e+01
1.04827e+02 5.10000e+01
1.05022e+02 5.10000e+01
1.05211e+02 5.10000e+01
1.05400e+02 5.10000e+01
1.05588e+02 5.10000e+01
1.05775e+02 5.10000e+01
1.05964e+02 5.10000e+01
1.06156e+02 5.10000e+01
1.06347e+02 5.10000e+01
1.06537e+02 5.10000e+01
1.06726e+02 5.10000e+01
1.06915e+02 5.10000e+01
1.07107e+02 5.10000e+01
1.07296e+02 5.10000e+01
1.07485e+02 5.10000e+01
1.07674e+02 5.10000e+01
1.07863e+02 5.10000e+01
1.08056e+02 5.10000e+01
1.08244e+02 5.10000e+01
1.08432e+02 5.10000e+01
1.08620e+02 5.10000e+01
1.08807e+02 5.10000e+01
1.08999e+02 5.10000e+01
1.09189e+02 5.10000e+01
1.09377e+02 5.10000e+01
1.09566e+02 5.10000e+01
1.09755e+02 5.10000e+01
1.09943e+02 5.10000e+01
1.10136e+02 5.10000e+01
1.10322e+02 5.10000e+01
1.10512e+02 5.10000e+01
1.10701e+02 5.10000e+01
1.10889e+02 5.10000e+01
1.11083e+02 5.10000e+01
1.11271e+02 5.10000e+01
1.11459e+02 5.10000e+01
1.11648e+02 5.10000e+01
1.11836e+02 5.10000e+01
1.12027e+02 5.10000e+01
1.12216e+02 5.10000e+01
1.12403e+02 5.10000e+01
1.12593e+02 5.10000e+01
1.12793e+02 5.10000e+01
1.12982e+02 5.10000e+01
1.13176e+02 5.10000e+01
1.13365e+02 5.10000e+01
1.13554e+02 5.10000e+01
1.13741e+02 5.10000e+01
1.13929e+02 5.10000e+01
1.14121e+02 5.10000e+01
1.14309e+02 5.10000e+01
1.14499e+02 5.10000e+01
1.14688e+02 5.10000e+01
1.14876e+02 5.10000e+01
1.15069e+02 5.10000e+01
1.15257e+02 5.10000e+01
1.15446e+02 5.10000e+01
1.15635e+02 5.10000e+01
1.15824e+02 5.10000e+01
1.16018e+02 5.10000e+01
1.16208e+02 5.10000e+01
1.16396e+02 5.10000e+01
1.16587e+02 5.10000e+01
1.16777e+02 5.10000e+01
1.16965e+02 5.10000e+01
1.17162e+02 5.10000e+01
1.17358e+02 5.10000e+01
1.17547e+02 5.10000e+01
1.17737e+02 5.10000e+01
1.17925e+02 5.10000e+01
1.18117e+02 5.10000e+01
1.18307e+02 5.10000e+01
1.18497e+02 5.10000e+01
1.18686e+02 5.10000e+01
1.18875e+02 5.10000e+01
1.19069e+02 5.10000e+01
1.19258e+02 5.10000e+01
1.19448e+02 5.10000e+01
1.19638e+02 5.10000e+01
1.19827e+02 5.10000e+01
1.20020e+02 5.10000e+01
1.20210e+02 5.10000e+01
1.20398e+02 5.10000e+01
1.20587e+02 5.10000e+01
1.20774e+02 5.10000e+01
1.20964e+02 5.10000e+01
1.21156e+02 5.10000e+01
1.21345e+02 5.10000e+01
1.21534e+02 5.10000e+01
1.21722e+02 5.10000e+01
1.21911e+02 5.10000e+01
1.22102e+02 5.10000e+01
1.22291e+02 5.10000e+01
1.22480e+02 5.10000e+01
1.22670e+02 5.10000e+01
1.22860e+02 5.10000e+01
1.23052e+02 5.10000e+01
1.23240e+02 5.10000e+01
1.23429e+02 5.10000e+01
1.23618e+02 5.10000e+01
1.23807e+02 5.10000e+01
1.23999e+02 5.10000e+01
1.24197e+02 5.10000e+01
1.24384e+02 5.10000e+01
1.24573e+02 5.10000e+01
1.24763e+02 5.10000e+01
1.24950e+02 5.10000e+01
1.25143e+02 5.10000e+01
1.25331e+02 5.10000e+01
1.25519e+02 5.10000e+01
1.25708e+02 5.10000e+01
1.25895e+02 5.10000e+01
1.26088e+02 5.10000e+01
1.26276e+02 5.10000e+01
1.26464e+02 5.10000e+01
1.26653e+02 5.10000e+01
1.26840e+02 5.10000e+01
1.27031e+02 5.10000e+01
1.27219e+02 5.10000e+01
1.27406e+02 5.10000e+01
1.27595e+02 5.10000e+01
1.27805e+02 5.10000e+01
1.27997e+02 5.10000e+01
1.28189e+02 5.10000e+01
1.28377e+02 5.10000e+01
1.28566e+02 5.10000e+01
1.28753e+02 5.10000e+01
1.28942e+02 5.10000e+01
1.29134e+02 5.10000e+01
1.29324e+02 5.10000e+01
1.29514e+02 5.10000e+01
1.29703e+02 5.10000e+01
1.29892e+02 5.10000e+01
1.30085e+02 5.10000e+01
1.30275e+02 5.10000e+01
1.30465e+02 5.10000e+01
1.30654e+02 5.10000e+01
1.30843e+02 5.10000e+01
1.31034e+02 5.10000e+01
1.31222e+02 5.10000e+01
1.31411e+02 5.10000e+01
1.31601e+02 5.10000e+01
1.31790e+02 5.10000e+01
1.31979e+02 5.10000e+01
1.32173e+02 5.10000e+01
1.32362e+02 5.10000e+01
1.32551e+02 5.10000e+01
1.32739e+02 5.10000e+01
1.32926e+02 5.10000e+01
1.33116e+02 5.10000e+01
1.33305e+02 5.10000e+01
1.33494e+02 5.10000e+01
1.33683e+02 5.10000e+01
1.33872e+02 5.10000e+01
1.34063e+02 5.10000e+01
1.34251e+02 5.10000e+01
1.34438e+02 5.10000e+01
1.34627e+02 5.10000e+01
1.34815e+02 5.10000e+01
1.35004e+02 5.10000e+01
1.35195e+02 5.10000e+01
1.35383e+02 5.10000e+01
1.35571e+02 5.10000e+01
1.35760e+02 5.10000e+01
1.35948e+02 5.10000e+01
1.36140e+02 5.10000e+01
1.36330e+02 5.10000e+01
1.36518e+02 5.10000e+01
1.36707e+02 5.10000e+01
1.36895e+02 5.10000e+01
1.37086e+02 5.10000e+01
1.37275e+02 5.10000e+01
1.37464e+02 5.10000e+01
1.37653e+02 5.10000e+01
1.37844e+02 5.10000e+01
1.38034e+02 5.10000e+01
1.38223e+02 5.10000e+01
1.38410e+02 5.10000e+01
1.38601e+02 5.10000e+01
1.38787e+02 5.10000e+01
1.38976e+02 5.10000e+01
1.39166e+02 5.10000e+01
1.39355e+02 5.10000e+01
1.39543e+02 5.10000e+01
1.39730e+02 5.10000e+01
1.39919e+02 5.10000e+01
1.40112e+02 5.10000e+01
1.40300e+02 5.10000e+01
1.40489e+02 5.10000e+01
1.40678e+02 5.10000e+01
1.40867e+02 5.10000e+01
1.41058e+02 5.10000e+01
1.41248e+02 5.10000e+01
1.41438e+02 5.10000e+01
1.41627e+02 5.10000e+01
1.41816e+02 5.10000e+01
1.42005e+02 5.10000e+01
1.42196e+02 5.10000e+01
1.42384e+02 5.10000e+01
1.42573e+02 5.10000e+01
1.42783e+02 5.10000e+01
1.42990e+02 5.10000e+01
1.43182e+02 5.10000e+01
1.43372e+02 5.10000e+01
1.43563e+02 5.10000e+01
1.43750e+02 5.10000e+01
1.43939e+02 5.10000e+01
1.44131e+02 5.10000e+01
1.44321e+02 5.10000e+01
1.44510e+02 5.10000e+01
1.44699e+02 5.10000e+01
1.44887e+02 5.10000e+01
1.45081e+02 5.10000e+01
1.45270e+02 5.10000e+01
1.45460e+02 5.10000e+01
1.45648e+02 5.10000e+01
1.45836e+02 5.10000e+01
1.46027e+02 5.10000e+01
1.46218e+02 5.10000e+01
1.46408e+02 5.10000e+01
1.46596e+02 5.10000e+01
1.46784e+02 5.10000e+01
1.46973e+02 5.10000e+01
1.47167e+02 5.10000e+01
1.47354e+02 5.10000e+01
1.47542e+02 5.10000e+01
1.47729e+02 5.10000e+01
1.47916e+02 5.10000e+01
1.48108e+02 5.10000e+01
1.48297e+02 5.10000e+01
1.48485e+02 5.10000e+01
1.48673e+02 5.10000e+01
1.48862e+02 5.10000e+01
1.49051e+02 5.10000e+01
1.49241e+02 5.10000e+01
1.49430e+02 5.10000e+01
1.49619e+02 5.10000e+01
1.49807e+02 5.10000e+01
1.49996e+02 5.10000e+01
1.50190e+02 5.10000e+01
1.50379e+02 5.10000e+01
1.50568e+02 5.10000e+01
1.50758e+02 5.10000e+01
1.50946e+02 5.10000e+01
1.51139e+02 5.10000e+01
1.51326e+02 5.10000e+01
1.51513e+02 5.10000e+01
1.51701e+02 5.10000e+01
1.51889e+02 5.10000e+01
1.52080e+02 5.10000e+01
1.52270e+02 5.10000e+01
1.52458e+02 5.10000e+01
1.52647e+02 5.10000e+01
1.52836e+02 5.10000e+01
1.53025e+02 5.10000e+01
1.53218e+02 5.10000e+01
1.53404e+02 5.10000e+01
1.53592e+02 5.10000e+01
1.53780e+02 5.10000e+01
1.53968e+02 5.10000e+01
1.54158e+02 5.10000e+01
1.54347e+02 5.10000e+01
1.54536e+02 5.10000e+01
1.54724e+02 5.10000e+01
1.54912e+02 5.10000e+01
1.55104e+02 5.10000e+01
1.55293e+02 5.10000e+01
1.55481e+02 5.10000e+01
1.55669e+02 5.10000e+01
1.55856e+02 5.10000e+01
1.56046e+02 5.10000e+01
1.56237e+02 5.10000e+01
1.56426e+02 5.10000e+01
1.56617e+02 5.10000e+01
1.56806e+02 5.10000e+01
1.56996e+02 5.10000e+01
1.57189e+02 5.10000e+01
1.57378e+02 5.10000e+01
1.57568e+02 5.10000e+01
1.57775e+02 5.10000e+01
1.57981e+02 5.10000e+01
1.58176e+02 5.10000e+01
1.58366e+02 5.10000e+01
1.58554e+02 5.10000e+01
1.58744e+02 5.10000e+01
1.58934e+02 5.10000e+01
1.59127e+02 5.10000e+01
1.59316e+02 5.10000e+01
1.59508e+02 5.10000e+01
1.59698e+02 5.10000e+01
1.59889e+02 5.10000e+01
1.60082e+02 5.10000e+01
1.60272e+02 5.10000e+01
1.60461e+02 5.10000e+01
1.60652e+02 5.10000e+01
1.60840e+02 5.10000e+01
1.61030e+02 5.10000e+01
1.61222e+02 5.10000e+01
1.61411e+02 5.10000e+01
1.61600e+02 5.10000e+01
1.61789e+02 5.10000e+01
1.61978e+02 5.10000e+01
1.62170e+02 5.10000e+01
1.62360e+02 5.10000e+01
1.62549e+02 5.10000e+01
1.62737e+02 5.10000e+01
1.62926e+02 5.10000e+01
1.63118e+02 5.10000e+01
1.63308e+02 5.10000e+01
1.63498e+02 5.10000e+01
1.63687e+02 5.10000e+01
1.63877e+02 5.10000e+01
1.64071e+02 5.10000e+01
1.64261e+02 5.10000e+01
1.64450e+02 5.10000e+01
1.64639e+02 5.10000e+01
1.64830e+02 5.10000e+01
1.65019e+02 5.10000e+01
1.65212e+02 5.10000e+01
1.65401e+02 5.10000e+01
1.65590e+02 5.10000e+01
1.65780e+02 5.10000e+01
1.65971e+02 5.10000e+01
1.66164e+02 5.10000e+01
1.66355e+02 5.10000e+01
1.66546e+02 5.10000e+01
1.66736e+02 5.10000e+01
1.66925e+02 5.10000e+01
1.67116e+02 5.10000e+01
1.67304e+02 5.10000e+01
1.67494e+02 5.10000e+01
1.67683e+02 5.10000e+01
1.67871e+02 5.10000e+01
1.68062e+02 5.10000e+01
1.68254e+02 5.10000e+01
1.68443e+02 5.10000e+01
1.68633e+02 5.10000e+01
1.68822e+02 5.10000e+01
1.69012e+02 5.10000e+01
1.69204e+02 5.10000e+01
1.69394e+02 5.10000e+01
1.69583e+02 5.10000e+01
1.69773e+02 5.10000e+01
1.69963e+02 5.10000e+01
1.70155e+02 5.10000e+01
1.70347e+02 5.10000e+01
1.70536e+02 5.10000e+01
1.70727e+02 5.10000e+01
1.70917e+02 5.10000e+01
1.71109e+02 5.10000e+01
1.71299e+02 5.10000e+01
1.71488e+02 5.10000e+01
1.71680e+02 5.10000e+01
1.71871e+02 5.10000e+01
1.72062e+02 5.10000e+01
1.72254e+02 5.10000e+01
1.72443e+02 5.10000e+01
1.72636e+02 5.10000e+01
1.72853e+02 5.10000e+01
1.73057e+02 5.10000e+01
1.73251e+02 5.10000e+01
1.73442e+02 5.10000e+01
1.73631e+02 5.10000e+01
1.73820e+02 5.10000e+01
1.74009e+02 5.10000e+01
1.74202e+02 5.10000e+01
1.74390e+02 5.10000e+01
1.74580e+02 5.10000e+01
1.74770e+02 5.10000e+01
1.74960e+02 5.10000e+01
1.75154e+02 5.10000e+01
1.75344e+02 5.10000e+01
1.75533e+02 5.10000e+01
1.75723e+02 5.10000e+01
1.75911e+02 5.10000e+01
1.76103e+02 5.10000e+01
1.76293e+02 5.10000e+01
1.76481e+02 5.10000e+01
1.76669e+02 5.10000e+01
1.76858e+02 5.10000e+01
1.77046e+02 5.10000e+01
1.77241e+02 5.10000e+01
1.77431e+02 5.10000e+01
1.77621e+02 5.10000e+01
1.77810e+02 5.10000e+01
1.77998e+02 5.10000e+01
1.78191e+02 5.10000e+01
1.78382e+02 5.10000e+01
1.78571e+02 5.10000e+01
1.78761e+02 5.10000e+01
1.78950e+02 5.10000e+01
1.79142e+02 5.10000e+01
1.79332e+02 5.10000e+01
1.79522e+02 5.10000e+01
1.79711e+02 5.10000e+01
1.79902e+02 5.10000e+01
1.80096e+02 5.10000e+01
1.80287e+02 5.10000e+01
1.80477e+02 5.10000e+01
1.80666e+02 5.10000e+01
1.80856e+02 5.10000e+01
1.81044e+02 5.10000e+01
1.81238e+02 5.10000e+01
1.81427e+02 5.10000e+01
1.81615e+02 5.10000e+01
1.81805e+02 5.10000e+01
1.81995e+02 5.10000e+01
1.82186e+02 5.10000e+01
1.82376e+02 5.10000e+01
1.82567e+02 5.10000e+01
1.82756e+02 5.10000e+01
1.82945e+02 5.10000e+01
1.83138e+02 5.10000e+01
1.83329e+02 5.10000e+01
1.83518e+02 5.10000e+01
1.83707e+02 5.10000e+01
1.83897e+02 5.10000e+01
1.84088e+02 5.10000e+01
1.84284e+02 5.10000e+01
1.84474e+02 5.10000e+01
1.84664e+02 5.10000e+01
1.84853e+02 5.10000e+01
1.85043e+02 5.10000e+01
1.85235e+02 5.10000e+01
1.85426e+02 5.10000e+01
1.85616e+02 5.10000e+01
1.85805e+02 5.10000e+01
1.85994e+02 5.10000e+01
1.86186e+02 5.10000e+01
1.86377e+02 5.10000e+01
1.86566e+02 5.10000e+01
1.86756e+02 5.10000e+01
1.86945e+02 5.10000e+01
1.87137e+02 5.10000e+01
1.87328e+02 5.10000e+01
1.87516e+02 5.10000e+01
1.87721e+02 5.10000e+01
1.87922e+02 5.10000e+01
1.88114e+02 5.10000e+01
1.88305e+02 5.10000e+01
1.88496e+02 5.10000e+01
1.88685e+02 5.10000e+01
1.88875e+02 5.10000e+01
1.89065e+02 5.10000e+01
1.89258e+02 5.10000e+01
1.89448e+02 5.10000e+01
1.89638e+02 5.10000e+01
1.89827e+02 5.10000e+01
1.90015e+02 5.10000e+01
