2.03960e-02 6.46000e+02
2.15716e-01 4.56000e+02
4.08487e-01 4.23000e+02
6.03944e-01 3.16000e+02
7.97767e-01 3.39000e+02
9.89637e-01 2.92000e+02
1.18029e+00 3.52000e+02
1.37179e+00 2.88000e+02
1.56362e+00 2.96000e+02
1.75828e+00 2.50000e+02
1.94983e+00 2.53000e+02
2.14146e+00 2.25000e+02
2.33458e+00 2.30000e+02
2.52495e+00 2.34000e+02
2.71980e+00 2.62000e+02
2.91191e+00 1.94000e+02
3.10234e+00 1.61000e+02
3.29254e+00 1.32000e+02
3.48411e+00 1.30000e+02
3.67737e+00 1.04000e+02
3.87146e+00 1.45000e+02
4.06284e+00 1.43000e+02
4.25436e+00 1.34000e+02
4.46231e+00 1.82000e+02
4.67422e+00 2.11000e+02
4.86636e+00 2.14000e+02
5.05953e+00 1.88000e+02
5.24976e+00 1.61000e+02
5.43854e+00 1.59000e+02
5.63288e+00 1.79000e+02
5.82510e+00 1.75000e+02
6.01705e+00 2.17000e+02
6.20905e+00 2.06000e+02
6.40043e+00 1.68000e+02
6.59444e+00 1.47000e+02
6.78776e+00 1.26000e+02
6.97960e+00 1.22000e+02
7.17094e+00 1.14000e+02
7.36275e+00 1.17000e+02
7.55244e+00 1.04000e+02
7.74707e+00 1.09000e+02
7.93993e+00 1.13000e+02
8.13135e+00 9.60000e+01
8.32327e+00 9.40000e+01
8.51519e+00 9.40000e+01
8.71016e+00 9.40000e+01
8.90104e+00 9.40000e+01
9.09252e+00 9.40000e+01
9.28396e+00 9.40000e+01
9.47397e+00 9.40000e+01
9.66732e+00 9.40000e+01
9.85800e+00 9.40000e+01
1.00492e+01 9.40000e+01
1.02401e+01 9.40000e+01
1.04310e+01 9.40000e+01
1.06253e+01 9.40000e+01
1.08171e+01 9.40000e+01
1.10073e+01 9.40000e+01
1.11979e+01 9.40000e+01
1.13879e+01 9.40000e+01
1.15786e+01 9.40000e+01
1.17730e+01 9.40000e+01
1.19649e+01 9.40000e+01
1.21543e+01 9.40000e+01
1.23441e+01 9.40000e+01
1.25343e+01 9.40000e+01
1.27284e+01 9.40000e+01
1.29189e+01 9.40000e+01
1.31103e+01 9.40000e+01
1.33015e+01 9.40000e+01
1.34925e+01 9.40000e+01
1.36874e+01 9.40000e+01
1.38779e+01 9.40000e+01
1.40690e+01 9.40000e+01
1.42598e+01 9.40000e+01
1.44517e+01 9.40000e+01
1.46458e+01 9.40000e+01
1.48385e+01 9.40000e+01
1.50285e+01 9.40000e+01
1.52177e+01 9.40000e+01
1.54081e+01 9.40000e+01
1.56011e+01 9.40000e+01
1.57942e+01 9.40000e+01
1.59863e+01 9.40000e+01
1.61799e+01 9.40000e+01
1.63729e+01 9.40000e+01
1.65642e+01 9.40000e+01
1.67575e+01 9.40000e+01
1.69480e+01 9.40000e+01
1.71389e+01 9.40000e+01
1.73306e+01 9.40000e+01
1.75195e+01 9.40000e+01
1.77131e+01 9.40000e+01
1.79052e+01 9.40000e+01
1.80947e+01 9.40000e+01
1.82851e+01 9.40000e+01
1.84755e+01 9.40000e+01
1.86695e+01 9.40000e+01
1.88609e+01 9.40000e+01
1.90505e+01 9.40000e+01
1.92400e+01 9.40000e+01
1.94450e+01 9.40000e+01
1.96531e+01 9.40000e+01
1.98441e+01 9.40000e+01
2.00348e+01 9.40000e+01
2.02238e+01 9.40000e+01
2.04130e+01 9.40000e+01
2.06059e+01 9.40000e+01
2.07962e+01 9.40000e+01
2.09877e+01 9.40000e+01
2.11787e+01 9.40000e+01
2.13688e+01 9.40000e+01
2.15614e+01 9.40000e+01
2.17557e+01 9.40000e+01
2.19456e+01 9.40000e+01
2.21348e+01 9.40000e+01
2.23262e+01 9.40000e+01
2.25168e+01 9.40000e+01
2.27107e+01 9.40000e+01
2.29011e+01 9.40000e+01
2.30918e+01 9.40000e+01
2.32838e+01 9.40000e+01
2.34748e+01 9.40000e+01
2.36669e+01 9.40000e+01
2.38578e+01 9.40000e+01
2.40491e+01 9.40000e+01
2.42388e+01 9.40000e+01
2.44296e+01 9.40000e+01
2.46243e+01 9.40000e+01
2.48159e+01 9.40000e+01
2.50048e+01 9.40000e+01
2.51953e+01 9.40000e+01
2.53854e+01 9.40000e+01
2.55752e+01 9.40000e+01
2.57684e+01 9.40000e+01
2.59581e+01 9.40000e+01
2.61491e+01 9.40000e+01
2.63404e+01 9.40000e+01
2.65305e+01 9.40000e+01
2.67246e+01 9.40000e+01
2.69161e+01 9.40000e+01
2.71067e+01 9.40000e+01
2.72975e+01 9.40000e+01
2.74882e+01 9.40000e+01
2.76807e+01 9.40000e+01
2.78713e+01 9.40000e+01
2.80614e+01 9.40000e+01
2.82520e+01 9.40000e+01
2.84423e+01 9.40000e+01
2.86366e+01 9.40000e+01
2.88262e+01 9.40000e+01
2.90146e+01 9.40000e+01
2.92050e+01 9.40000e+01
2.93954e+01 9.40000e+01
2.95853e+01 9.40000e+01
2.97792e+01 9.40000e+01
2.99705e+01 9.40000e+01
3.01607e+01 9.40000e+01
3.03517e+01 9.40000e+01
3.05416e+01 9.40000e+01
3.07355e+01 9.40000e+01
3.09256e+01 9.40000e+01
3.11156e+01 9.40000e+01
3.13064e+01 9.40000e+01
3.14957e+01 9.40000e+01
3.16890e+01 9.40000e+01
3.18793e+01 9.40000e+01
3.20677e+01 9.40000e+01
3.22575e+01 9.40000e+01
3.24471e+01 9.40000e+01
3.26400e+01 9.40000e+01
3.28308e+01 9.40000e+01
3.30198e+01 9.40000e+01
3.32098e+01 9.40000e+01
3.33991e+01 9.40000e+01
3.35878e+01 9.40000e+01
3.37813e+01 9.40000e+01
3.39719e+01 9.40000e+01
3.41618e+01 9.40000e+01
3.43537e+01 9.40000e+01
3.45652e+01 9.40000e+01
3.47610e+01 9.40000e+01
3.49522e+01 9.40000e+01
3.51419e+01 9.40000e+01
3.53314e+01 9.40000e+01
3.55216e+01 9.40000e+01
3.57147e+01 9.40000e+01
3.59057e+01 9.40000e+01
3.60955e+01 9.40000e+01
3.62851e+01 9.40000e+01
3.64750e+01 9.40000e+01
3.66681e+01 9.40000e+01
3.68595e+01 9.40000e+01
3.70502e+01 9.40000e+01
3.72393e+01 9.40000e+01
3.74280e+01 9.40000e+01
3.76179e+01 9.40000e+01
3.78087e+01 9.40000e+01
3.79988e+01 9.40000e+01
3.81885e+01 9.40000e+01
3.83781e+01 9.40000e+01
3.85679e+01 9.40000e+01
3.87601e+01 9.40000e+01
3.89524e+01 9.40000e+01
3.91429e+01 9.40000e+01
3.93331e+01 9.40000e+01
3.95235e+01 9.40000e+01
3.97175e+01 9.40000e+01
3.99086e+01 9.40000e+01
4.00984e+01 9.40000e+01
4.02883e+01 9.40000e+01
4.04810e+01 9.40000e+01
4.06757e+01 9.40000e+01
4.08666e+01 9.40000e+01
4.10574e+01 9.40000e+01
4.12483e+01 9.40000e+01
4.14396e+01 9.40000e+01
4.16333e+01 9.40000e+01
4.18252e+01 9.40000e+01
4.20160e+01 9.40000e+01
4.22078e+01 9.40000e+01
4.23999e+01 9.40000e+01
4.25884e+01 9.40000e+01
4.27818e+01 9.40000e+01
4.29742e+01 9.40000e+01
4.31644e+01 9.40000e+01
4.33560e+01 9.40000e+01
4.35478e+01 9.40000e+01
4.37416e+01 9.40000e+01
4.39329e+01 9.40000e+01
4.41212e+01 9.40000e+01
4.43119e+01 9.40000e+01
4.45019e+01 9.40000e+01
4.46951e+01 9.40000e+01
4.48859e+01 9.40000e+01
4.50761e+01 9.40000e+01
4.52668e+01 9.40000e+01
4.54569e+01 9.40000e+01
4.56510e+01 9.40000e+01
4.58414e+01 9.40000e+01
4.60320e+01 9.40000e+01
4.62218e+01 9.40000e+01
4.64133e+01 9.40000e+01
4.66041e+01 9.40000e+01
4.67953e+01 9.40000e+01
4.69857e+01 9.40000e+01
4.71758e+01 9.40000e+01
4.73655e+01 9.40000e+01
4.75554e+01 9.40000e+01
4.77482e+01 9.40000e+01
4.79391e+01 9.40000e+01
4.81305e+01 9.40000e+01
4.83221e+01 9.40000e+01
4.85134e+01 9.40000e+01
4.87076e+01 9.40000e+01
4.88988e+01 9.40000e+01
4.90885e+01 9.40000e+01
4.92783e+01 9.40000e+01
4.94877e+01 9.40000e+01
4.96988e+01 9.40000e+01
4.98995e+01 9.40000e+01
5.00904e+01 9.40000e+01
5.02805e+01 9.40000e+01
5.04707e+01 9.40000e+01
5.06660e+01 9.40000e+01
5.08571e+01 9.40000e+01
5.10485e+01 9.40000e+01
5.12379e+01 9.40000e+01
5.14279e+01 9.40000e+01
5.16181e+01 9.40000e+01
5.18117e+01 9.40000e+01
5.20040e+01 9.40000e+01
5.21959e+01 9.40000e+01
5.23856e+01 9.40000e+01
5.25758e+01 9.40000e+01
5.27696e+01 9.40000e+01
5.29614e+01 9.40000e+01
5.31520e+01 9.40000e+01
5.33439e+01 9.40000e+01
5.35350e+01 9.40000e+01
5.37284e+01 9.40000e+01
5.39209e+01 9.40000e+01
5.41129e+01 9.40000e+01
5.43050e+01 9.40000e+01
5.44966e+01 9.40000e+01
5.46904e+01 9.40000e+01
5.48822e+01 9.40000e+01
5.50726e+01 9.40000e+01
5.52640e+01 9.40000e+01
5.54560e+01 9.40000e+01
5.56493e+01 9.40000e+01
5.58418e+01 9.40000e+01
5.60333e+01 9.40000e+01
5.62248e+01 9.40000e+01
5.64147e+01 9.40000e+01
5.66052e+01 9.40000e+01
5.68004e+01 9.40000e+01
5.69911e+01 9.40000e+01
5.71812e+01 9.40000e+01
5.73714e+01 9.40000e+01
5.75607e+01 9.40000e+01
5.77536e+01 9.40000e+01
5.79447e+01 9.40000e+01
5.81352e+01 9.40000e+01
5.83258e+01 9.40000e+01
5.85163e+01 9.40000e+01
5.87101e+01 9.40000e+01
5.89019e+01 9.40000e+01
5.90917e+01 9.40000e+01
5.92819e+01 9.40000e+01
5.94727e+01 9.40000e+01
5.96678e+01 9.40000e+01
5.98592e+01 9.40000e+01
6.00493e+01 9.40000e+01
6.02400e+01 9.40000e+01
6.04301e+01 9.40000e+01
6.06208e+01 9.40000e+01
6.08146e+01 9.40000e+01
6.10068e+01 9.40000e+01
6.11965e+01 9.40000e+01
6.13879e+01 9.40000e+01
6.15792e+01 9.40000e+01
6.17729e+01 9.40000e+01
6.19647e+01 9.40000e+01
6.21553e+01 9.40000e+01
6.23469e+01 9.40000e+01
6.25383e+01 9.40000e+01
6.27342e+01 9.40000e+01
6.29256e+01 9.40000e+01
6.31165e+01 9.40000e+01
6.33071e+01 9.40000e+01
6.34970e+01 9.40000e+01
6.36918e+01 9.40000e+01
6.38831e+01 9.40000e+01
6.40740e+01 9.40000e+01
6.42655e+01 9.40000e+01
6.44746e+01 9.40000e+01
6.46816e+01 9.40000e+01
6.48741e+01 9.40000e+01
6.50652e+01 9.40000e+01
6.52566e+01 9.40000e+01
6.54475e+01 9.40000e+01
6.56398e+01 9.40000e+01
6.58340e+01 9.40000e+01
6.60261e+01 9.40000e+01
6.62172e+01 9.40000e+01
6.64078e+01 9.40000e+01
6.65997e+01 9.40000e+01
6.67952e+01 9.40000e+01
6.69857e+01 9.40000e+01
6.71771e+01 9.40000e+01
6.73692e+01 9.40000e+01
6.75605e+01 9.40000e+01
6.77565e+01 9.40000e+01
6.79484e+01 9.40000e+01
6.81399e+01 9.40000e+01
6.83311e+01 9.40000e+01
6.85223e+01 9.40000e+01
6.87163e+01 9.40000e+01
6.89106e+01 9.40000e+01
6.91017e+01 9.40000e+01
6.92921e+01 9.40000e+01
6.94841e+01 9.40000e+01
6.96786e+01 9.40000e+01
6.98702e+01 9.40000e+01
7.00620e+01 9.40000e+01
7.02513e+01 9.40000e+01
7.04412e+01 9.40000e+01
7.06323e+01 9.40000e+01
7.08269e+01 9.40000e+01
7.10180e+01 9.40000e+01
7.12087e+01 9.40000e+01
7.14003e+01 9.40000e+01
7.15921e+01 9.40000e+01
7.17863e+01 9.40000e+01
7.19771e+01 9.40000e+01
7.21672e+01 9.40000e+01
7.23569e+01 9.40000e+01
7.25469e+01 9.40000e+01
7.27397e+01 9.40000e+01
7.29297e+01 9.40000e+01
7.31194e+01 9.40000e+01
7.33097e+01 9.40000e+01
7.35018e+01 9.40000e+01
7.36943e+01 9.40000e+01
7.38841e+01 9.40000e+01
7.40741e+01 9.40000e+01
7.42640e+01 9.40000e+01
7.44545e+01 9.40000e+01
7.46450e+01 9.40000e+01
7.48383e+01 9.40000e+01
7.50281e+01 9.40000e+01
7.52188e+01 9.40000e+01
7.54088e+01 9.40000e+01
7.56000e+01 9.40000e+01
7.57933e+01 9.40000e+01
7.59854e+01 9.40000e+01
7.61755e+01 9.40000e+01
7.63698e+01 9.40000e+01
7.65609e+01 9.40000e+01
7.67555e+01 9.40000e+01
7.69472e+01 9.40000e+01
7.71366e+01 9.40000e+01
7.73266e+01 9.40000e+01
7.75155e+01 9.40000e+01
7.77074e+01 9.40000e+01
7.78977e+01 9.40000e+01
7.80884e+01 9.40000e+01
7.82789e+01 9.40000e+01
7.84682e+01 9.40000e+01
7.86589e+01 9.40000e+01
7.88505e+01 9.40000e+01
7.90384e+01 9.40000e+01
7.92273e+01 9.40000e+01
7.94313e+01 9.40000e+01
7.96420e+01 9.40000e+01
7.98380e+01 9.40000e+01
8.00283e+01 9.40000e+01
8.02173e+01 9.40000e+01
8.04056e+01 9.40000e+01
8.05950e+01 9.40000e+01
8.07869e+01 9.40000e+01
8.09778e+01 9.40000e+01
8.11679e+01 9.40000e+01
8.13570e+01 9.40000e+01
8.15471e+01 9.40000e+01
8.17411e+01 9.40000e+01
8.19305e+01 9.40000e+01
8.21203e+01 9.40000e+01
8.23098e+01 9.40000e+01
8.24997e+01 9.40000e+01
8.26929e+01 9.40000e+01
8.28829e+01 9.40000e+01
8.30728e+01 9.40000e+01
8.32624e+01 9.40000e+01
8.34521e+01 9.40000e+01
8.36422e+01 9.40000e+01
8.38342e+01 9.40000e+01
8.40258e+01 9.40000e+01
8.42148e+01 9.40000e+01
8.44042e+01 9.40000e+01
8.45949e+01 9.40000e+01
8.47894e+01 9.40000e+01
8.49803e+01 9.40000e+01
8.51702e+01 9.40000e+01
8.53589e+01 9.40000e+01
8.55493e+01 9.40000e+01
8.57413e+01 9.40000e+01
8.59310e+01 9.40000e+01
8.61210e+01 9.40000e+01
8.63113e+01 9.40000e+01
8.65019e+01 9.40000e+01
8.66969e+01 9.40000e+01
8.68892e+01 9.40000e+01
8.70772e+01 9.40000e+01
8.72655e+01 9.40000e+01
8.74545e+01 9.40000e+01
8.76437e+01 9.40000e+01
8.78372e+01 9.40000e+01
8.80270e+01 9.40000e+01
8.82170e+01 9.40000e+01
8.84085e+01 9.40000e+01
8.85987e+01 9.40000e+01
8.87920e+01 9.40000e+01
8.89817e+01 9.40000e+01
8.91722e+01 9.40000e+01
8.93621e+01 9.40000e+01
8.95517e+01 9.40000e+01
8.97437e+01 9.40000e+01
8.99341e+01 9.40000e+01
9.01262e+01 9.40000e+01
9.03161e+01 9.40000e+01
9.05065e+01 9.40000e+01
9.06997e+01 9.40000e+01
9.08899e+01 9.40000e+01
9.10796e+01 9.40000e+01
9.12690e+01 9.40000e+01
9.14595e+01 9.40000e+01
9.16506e+01 9.40000e+01
9.18435e+01 9.40000e+01
9.20340e+01 9.40000e+01
9.22249e+01 9.40000e+01
9.24148e+01 9.40000e+01
9.26037e+01 9.40000e+01
9.27966e+01 9.40000e+01
9.29867e+01 9.40000e+01
9.31771e+01 9.40000e+01
9.33673e+01 9.40000e+01
9.35547e+01 9.40000e+01
9.37470e+01 9.40000e+01
9.39352e+01 9.40000e+01
9.41254e+01 9.40000e+01
9.43149e+01 9.40000e+01
9.45272e+01 9.40000e+01
9.47323e+01 9.40000e+01
9.49232e+01 9.40000e+01
9.51123e+01 9.40000e+01
9.53030e+01 9.40000e+01
9.54924e+01 9.40000e+01
9.56823e+01 9.40000e+01
9.58763e+01 9.40000e+01
9.60671e+01 9.40000e+01
9.62590e+01 9.40000e+01
9.64507e+01 9.40000e+01
9.66410e+01 9.40000e+01
9.68347e+01 9.40000e+01
9.70254e+01 9.40000e+01
9.72176e+01 9.40000e+01
9.74070e+01 9.40000e+01
9.75981e+01 9.40000e+01
9.77910e+01 9.40000e+01
9.79811e+01 9.40000e+01
9.81714e+01 9.40000e+01
9.83614e+01 9.40000e+01
9.85513e+01 9.40000e+01
9.87449e+01 9.40000e+01
9.89369e+01 9.40000e+01
9.91265e+01 9.40000e+01
9.93166e+01 9.40000e+01
9.95053e+01 9.40000e+01
9.96951e+01 9.40000e+01
9.98878e+01 9.40000e+01
1.00079e+02 9.40000e+01
1.00270e+02 9.40000e+01
1.00461e+02 9.40000e+01
1.00651e+02 9.40000e+01
1.00846e+02 9.40000e+01
1.01036e+02 9.40000e+01
1.01226e+02 9.40000e+01
1.01415e+02 9.40000e+01
1.01606e+02 9.40000e+01
1.01798e+02 9.40000e+01
1.01988e+02 9.40000e+01
1.02180e+02 9.40000e+01
1.02369e+02 9.40000e+01
1.02558e+02 9.40000e+01
1.02751e+02 9.40000e+01
1.02942e+02 9.40000e+01
1.03133e+02 9.40000e+01
1.03323e+02 9.40000e+01
1.03513e+02 9.40000e+01
1.03703e+02 9.40000e+01
1.03896e+02 9.40000e+01
1.04086e+02 9.40000e+01
1.04277e+02 9.40000e+01
1.04467e+02 9.40000e+01
1.04657e+02 9.40000e+01
1.04851e+02 9.40000e+01
1.05041e+02 9.40000e+01
1.05232e+02 9.40000e+01
1.05421e+02 9.40000e+01
1.05612e+02 9.40000e+01
1.05807e+02 9.40000e+01
1.05999e+02 9.40000e+01
1.06192e+02 9.40000e+01
1.06383e+02 9.40000e+01
1.06573e+02 9.40000e+01
1.06768e+02 9.40000e+01
1.06960e+02 9.40000e+01
1.07152e+02 9.40000e+01
1.07344e+02 9.40000e+01
1.07535e+02 9.40000e+01
1.07727e+02 9.40000e+01
1.07918e+02 9.40000e+01
1.08108e+02 9.40000e+01
1.08298e+02 9.40000e+01
1.08487e+02 9.40000e+01
1.08678e+02 9.40000e+01
1.08872e+02 9.40000e+01
1.09062e+02 9.40000e+01
1.09252e+02 9.40000e+01
1.09459e+02 9.40000e+01
1.09660e+02 9.40000e+01
1.09855e+02 9.40000e+01
1.10046e+02 9.40000e+01
1.10236e+02 9.40000e+01
1.10425e+02 9.40000e+01
1.10615e+02 9.40000e+01
1.10808e+02 9.40000e+01
1.11000e+02 9.40000e+01
1.11190e+02 9.40000e+01
1.11380e+02 9.40000e+01
1.11568e+02 9.40000e+01
1.11761e+02 9.40000e+01
1.11951e+02 9.40000e+01
1.12141e+02 9.40000e+01
1.12330e+02 9.40000e+01
1.12520e+02 9.40000e+01
1.12710e+02 9.40000e+01
1.12904e+02 9.40000e+01
1.13094e+02 9.40000e+01
1.13284e+02 9.40000e+01
1.13476e+02 9.40000e+01
1.13667e+02 9.40000e+01
1.13860e+02 9.40000e+01
1.14051e+02 9.40000e+01
1.14241e+02 9.40000e+01
1.14431e+02 9.40000e+01
1.14619e+02 9.40000e+01
1.14812e+02 9.40000e+01
1.15002e+02 9.40000e+01
1.15192e+02 9.40000e+01
1.15383e+02 9.40000e+01
1.15573e+02 9.40000e+01
1.15767e+02 9.40000e+01
1.15958e+02 9.40000e+01
1.16148e+02 9.40000e+01
1.16338e+02 9.40000e+01
1.16528e+02 9.40000e+01
1.16720e+02 9.40000e+01
1.16914e+02 9.40000e+01
1.17105e+02 9.40000e+01
1.17296e+02 9.40000e+01
1.17486e+02 9.40000e+01
1.17678e+02 9.40000e+01
1.17872e+02 9.40000e+01
1.18063e+02 9.40000e+01
1.18255e+02 9.40000e+01
1.18446e+02 9.40000e+01
1.18637e+02 9.40000e+01
1.18832e+02 9.40000e+01
1.19023e+02 9.40000e+01
1.19213e+02 9.40000e+01
1.19405e+02 9.40000e+01
1.19596e+02 9.40000e+01
1.19790e+02 9.40000e+01
1.19982e+02 9.40000e+01
1.20172e+02 9.40000e+01
1.20362e+02 9.40000e+01
1.20552e+02 9.40000e+01
1.20745e+02 9.40000e+01
1.20938e+02 9.40000e+01
1.21129e+02 9.40000e+01
1.21320e+02 9.40000e+01
1.21510e+02 9.40000e+01
1.21700e+02 9.40000e+01
1.21893e+02 9.40000e+01
1.22082e+02 9.40000e+01
1.22273e+02 9.40000e+01
1.22463e+02 9.40000e+01
1.22653e+02 9.40000e+01
1.22846e+02 9.40000e+01
1.23037e+02 9.40000e+01
1.23227e+02 9.40000e+01
1.23418e+02 9.40000e+01
1.23609e+02 9.40000e+01
1.23803e+02 9.40000e+01
1.23995e+02 9.40000e+01
1.24184e+02 9.40000e+01
1.24381e+02 9.40000e+01
1.24589e+02 9.40000e+01
1.24787e+02 9.40000e+01
1.24979e+02 9.40000e+01
1.25170e+02 9.40000e+01
1.25360e+02 9.40000e+01
1.25551e+02 9.40000e+01
1.25743e+02 9.40000e+01
1.25937e+02 9.40000e+01
1.26128e+02 9.40000e+01
1.26320e+02 9.40000e+01
1.26511e+02 9.40000e+01
1.26702e+02 9.40000e+01
1.26897e+02 9.40000e+01
1.27088e+02 9.40000e+01
1.27278e+02 9.40000e+01
1.27468e+02 9.40000e+01
1.27659e+02 9.40000e+01
1.27852e+02 9.40000e+01
1.28044e+02 9.40000e+01
1.28234e+02 9.40000e+01
1.28424e+02 9.40000e+01
1.28614e+02 9.40000e+01
1.28809e+02 9.40000e+01
1.29003e+02 9.40000e+01
1.29193e+02 9.40000e+01
1.29383e+02 9.40000e+01
1.29574e+02 9.40000e+01
1.29767e+02 9.40000e+01
1.29958e+02 9.40000e+01
1.30149e+02 9.40000e+01
1.30339e+02 9.40000e+01
1.30529e+02 9.40000e+01
1.30720e+02 9.40000e+01
1.30914e+02 9.40000e+01
1.31105e+02 9.40000e+01
1.31297e+02 9.40000e+01
1.31487e+02 9.40000e+01
1.31679e+02 9.40000e+01
1.31872e+02 9.40000e+01
1.32063e+02 9.40000e+01
1.32255e+02 9.40000e+01
1.32444e+02 9.40000e+01
1.32636e+02 9.40000e+01
1.32831e+02 9.40000e+01
1.33022e+02 9.40000e+01
1.33212e+02 9.40000e+01
1.33404e+02 9.40000e+01
1.33596e+02 9.40000e+01
1.33791e+02 9.40000e+01
1.33981e+02 9.40000e+01
1.34172e+02 9.40000e+01
1.34362e+02 9.40000e+01
1.34552e+02 9.40000e+01
1.34744e+02 9.40000e+01
1.34939e+02 9.40000e+01
1.35129e+02 9.40000e+01
1.35319e+02 9.40000e+01
1.35509e+02 9.40000e+01
1.35699e+02 9.40000e+01
1.35892e+02 9.40000e+01
1.36081e+02 9.40000e+01
1.36272e+02 9.40000e+01
1.36466e+02 9.40000e+01
1.36657e+02 9.40000e+01
1.36851e+02 9.40000e+01
1.37042e+02 9.40000e+01
1.37232e+02 9.40000e+01
1.37423e+02 9.40000e+01
1.37613e+02 9.40000e+01
1.37807e+02 9.40000e+01
1.37998e+02 9.40000e+01
1.38190e+02 9.40000e+01
1.38379e+02 9.40000e+01
1.38568e+02 9.40000e+01
1.38759e+02 9.40000e+01
1.38952e+02 9.40000e+01
1.39142e+02 9.40000e+01
1.39332e+02 9.40000e+01
1.39542e+02 9.40000e+01
1.39739e+02 9.40000e+01
1.39933e+02 9.40000e+01
1.40125e+02 9.40000e+01
1.40317e+02 9.40000e+01
1.40507e+02 9.40000e+01
1.40699e+02 9.40000e+01
1.40893e+02 9.40000e+01
1.41083e+02 9.40000e+01
1.41274e+02 9.40000e+01
1.41465e+02 9.40000e+01
1.41657e+02 9.40000e+01
1.41851e+02 9.40000e+01
1.42042e+02 9.40000e+01
1.42231e+02 9.40000e+01
1.42423e+02 9.40000e+01
1.42614e+02 9.40000e+01
1.42807e+02 9.40000e+01
1.42998e+02 9.40000e+01
1.43189e+02 9.40000e+01
1.43379e+02 9.40000e+01
1.43569e+02 9.40000e+01
1.43760e+02 9.40000e+01
1.43961e+02 9.40000e+01
1.44156e+02 9.40000e+01
1.44347e+02 9.40000e+01
1.44536e+02 9.40000e+01
1.44726e+02 9.40000e+01
1.44921e+02 9.40000e+01
1.45112e+02 9.40000e+01
1.45302e+02 9.40000e+01
1.45494e+02 9.40000e+01
1.45685e+02 9.40000e+01
1.45879e+02 9.40000e+01
1.46069e+02 9.40000e+01
1.46259e+02 9.40000e+01
1.46448e+02 9.40000e+01
1.46640e+02 9.40000e+01
1.46832e+02 9.40000e+01
1.47023e+02 9.40000e+01
1.47214e+02 9.40000e+01
1.47405e+02 9.40000e+01
1.47595e+02 9.40000e+01
1.47786e+02 9.40000e+01
1.47977e+02 9.40000e+01
1.48167e+02 9.40000e+01
1.48359e+02 9.40000e+01
1.48548e+02 9.40000e+01
1.48739e+02 9.40000e+01
1.48933e+02 9.40000e+01
1.49122e+02 9.40000e+01
1.49314e+02 9.40000e+01
1.49504e+02 9.40000e+01
1.49695e+02 9.40000e+01
1.49889e+02 9.40000e+01
1.50080e+02 9.40000e+01
1.50269e+02 9.40000e+01
1.50460e+02 9.40000e+01
1.50651e+02 9.40000e+01
1.50845e+02 9.40000e+01
1.51036e+02 9.40000e+01
1.51227e+02 9.40000e+01
1.51417e+02 9.40000e+01
1.51608e+02 9.40000e+01
1.51803e+02 9.40000e+01
1.51995e+02 9.40000e+01
1.52186e+02 9.40000e+01
1.52377e+02 9.40000e+01
1.52567e+02 9.40000e+01
1.52759e+02 9.40000e+01
1.52952e+02 9.40000e+01
1.53142e+02 9.40000e+01
1.53332e+02 9.40000e+01
1.53521e+02 9.40000e+01
1.53712e+02 9.40000e+01
1.53906e+02 9.40000e+01
1.54096e+02 9.40000e+01
1.54286e+02 9.40000e+01
1.54496e+02 9.40000e+01
1.54702e+02 9.40000e+01
1.54896e+02 9.40000e+01
1.55087e+02 9.40000e+01
1.55277e+02 9.40000e+01
1.55467e+02 9.40000e+01
1.55656e+02 9.40000e+01
1.55851e+02 9.40000e+01
1.56041e+02 9.40000e+01
1.56230e+02 9.40000e+01
1.56420e+02 9.40000e+01
1.56610e+02 9.40000e+01
1.56803e+02 9.40000e+01
1.56994e+02 9.40000e+01
1.57184e+02 9.40000e+01
1.57372e+02 9.40000e+01
1.57562e+02 9.40000e+01
1.57753e+02 9.40000e+01
1.57948e+02 9.40000e+01
1.58139e+02 9.40000e+01
1.58328e+02 9.40000e+01
1.58518e+02 9.40000e+01
1.58708e+02 9.40000e+01
1.58903e+02 9.40000e+01
1.59095e+02 9.40000e+01
1.59286e+02 9.40000e+01
1.59478e+02 9.40000e+01
1.59671e+02 9.40000e+01
1.59865e+02 9.40000e+01
1.60056e+02 9.40000e+01
1.60249e+02 9.40000e+01
1.60441e+02 9.40000e+01
1.60634e+02 9.40000e+01
1.60829e+02 9.40000e+01
1.61021e+02 9.40000e+01
1.61212e+02 9.40000e+01
1.61403e+02 9.40000e+01
1.61594e+02 9.40000e+01
1.61785e+02 9.40000e+01
1.61980e+02 9.40000e+01
1.62170e+02 9.40000e+01
1.62361e+02 9.40000e+01
1.62553e+02 9.40000e+01
1.62745e+02 9.40000e+01
1.62939e+02 9.40000e+01
1.63129e+02 9.40000e+01
1.63321e+02 9.40000e+01
1.63512e+02 9.40000e+01
1.63703e+02 9.40000e+01
1.63899e+02 9.40000e+01
1.64091e+02 9.40000e+01
1.64282e+02 9.40000e+01
1.64474e+02 9.40000e+01
1.64667e+02 9.40000e+01
1.64862e+02 9.40000e+01
1.65053e+02 9.40000e+01
1.65244e+02 9.40000e+01
1.65437e+02 9.40000e+01
1.65630e+02 9.40000e+01
1.65824e+02 9.40000e+01
1.66018e+02 9.40000e+01
1.66209e+02 9.40000e+01
1.66401e+02 9.40000e+01
1.66593e+02 9.40000e+01
1.66783e+02 9.40000e+01
1.66978e+02 9.40000e+01
1.67169e+02 9.40000e+01
1.67360e+02 9.40000e+01
1.67552e+02 9.40000e+01
1.67745e+02 9.40000e+01
1.67939e+02 9.40000e+01
1.68129e+02 9.40000e+01
1.68321e+02 9.40000e+01
1.68511e+02 9.40000e+01
1.68702e+02 9.40000e+01
1.68897e+02 9.40000e+01
1.69087e+02 9.40000e+01
1.69278e+02 9.40000e+01
1.69488e+02 9.40000e+01
1.69693e+02 9.40000e+01
1.69887e+02 9.40000e+01
1.70079e+02 9.40000e+01
1.70269e+02 9.40000e+01
1.70460e+02 9.40000e+01
1.70652e+02 9.40000e+01
1.70847e+02 9.40000e+01
1.71040e+02 9.40000e+01
1.71233e+02 9.40000e+01
1.71427e+02 9.40000e+01
1.71618e+02 9.40000e+01
1.71811e+02 9.40000e+01
1.72004e+02 9.40000e+01
1.72196e+02 9.40000e+01
1.72387e+02 9.40000e+01
1.72578e+02 9.40000e+01
1.72771e+02 9.40000e+01
1.72966e+02 9.40000e+01
1.73158e+02 9.40000e+01
1.73350e+02 9.40000e+01
1.73541e+02 9.40000e+01
1.73732e+02 9.40000e+01
1.73930e+02 9.40000e+01
1.74130e+02 9.40000e+01
1.74324e+02 9.40000e+01
1.74516e+02 9.40000e+01
1.74709e+02 9.40000e+01
1.74903e+02 9.40000e+01
1.75097e+02 9.40000e+01
1.75290e+02 9.40000e+01
1.75481e+02 9.40000e+01
1.75671e+02 9.40000e+01
1.75864e+02 9.40000e+01
1.76056e+02 9.40000e+01
1.76247e+02 9.40000e+01
1.76437e+02 9.40000e+01
1.76627e+02 9.40000e+01
1.76818e+02 9.40000e+01
1.77013e+02 9.40000e+01
1.77205e+02 9.40000e+01
1.77395e+02 9.40000e+01
1.77586e+02 9.40000e+01
1.77777e+02 9.40000e+01
1.77971e+02 9.40000e+01
1.78163e+02 9.40000e+01
1.78354e+02 9.40000e+01
1.78545e+02 9.40000e+01
1.78737e+02 9.40000e+01
1.78932e+02 9.40000e+01
1.79123e+02 9.40000e+01
1.79315e+02 9.40000e+01
1.79506e+02 9.40000e+01
1.79699e+02 9.40000e+01
1.79892e+02 9.40000e+01
1.80084e+02 9.40000e+01
1.80275e+02 9.40000e+01
1.80467e+02 9.40000e+01
1.80659e+02 9.40000e+01
1.80855e+02 9.40000e+01
1.81048e+02 9.40000e+01
1.81240e+02 9.40000e+01
1.81432e+02 9.40000e+01
1.81625e+02 9.40000e+01
1.81817e+02 9.40000e+01
1.82011e+02 9.40000e+01
1.82203e+02 9.40000e+01
1.82393e+02 9.40000e+01
1.82585e+02 9.40000e+01
1.82776e+02 9.40000e+01
1.82971e+02 9.40000e+01
1.83161e+02 9.40000e+01
1.83352e+02 9.40000e+01
1.83542e+02 9.40000e+01
1.83733e+02 9.40000e+01
1.83927e+02 9.40000e+01
1.84118e+02 9.40000e+01
1.84308e+02 9.40000e+01
1.84520e+02 9.40000e+01
1.84723e+02 9.40000e+01
1.84918e+02 9.40000e+01
1.85110e+02 9.40000e+01
1.85302e+02 9.40000e+01
1.85492e+02 9.40000e+01
1.85683e+02 9.40000e+01
1.85878e+02 9.40000e+01
1.86070e+02 9.40000e+01
1.86262e+02 9.40000e+01
1.86454e+02 9.40000e+01
1.86646e+02 9.40000e+01
1.86841e+02 9.40000e+01
1.87033e+02 9.40000e+01
1.87224e+02 9.40000e+01
1.87416e+02 9.40000e+01
1.87608e+02 9.40000e+01
1.87798e+02 9.40000e+01
1.87992e+02 9.40000e+01
1.88183e+02 9.40000e+01
1.88374e+02 9.40000e+01
1.88565e+02 9.40000e+01
1.88757e+02 9.40000e+01
1.88953e+02 9.40000e+01
1.89145e+02 9.40000e+01
1.89336e+02 9.40000e+01
1.89527e+02 9.40000e+01
1.89718e+02 9.40000e+01
1.89912e+02 9.40000e+01
1.90104e+02 9.40000e+01
1.90295e+02 9.40000e+01
1.90487e+02 9.40000e+01
1.90678e+02 9.40000e+01
1.90871e+02 9.40000e+01
1.91064e+02 9.40000e+01
1.91254e+02 9.40000e+01
1.91445e+02 9.40000e+01
1.91637e+02 9.40000e+01
