2.02370e-02 6.57000e+02
2.16864e-01 4.28000e+02
4.11090e-01 3.56000e+02
6.03111e-01 3.18000e+02
7.94928e-01 2.92000e+02
9.88338e-01 2.39000e+02
1.18058e+00 2.07000e+02
1.37290e+00 1.84000e+02
1.56524e+00 1.92000e+02
1.75507e+00 2.38000e+02
1.94902e+00 1.71000e+02
2.13820e+00 1.43000e+02
2.33029e+00 1.53000e+02
2.52110e+00 1.29000e+02
2.71078e+00 1.56000e+02
2.90306e+00 1.28000e+02
3.09505e+00 9.80000e+01
3.28370e+00 1.02000e+02
3.47440e+00 1.10000e+02
3.66291e+00 1.15000e+02
3.85510e+00 1.52000e+02
4.04469e+00 1.69000e+02
4.23920e+00 1.63000e+02
4.44032e+00 1.21000e+02
4.63100e+00 1.30000e+02
4.82429e+00 1.42000e+02
5.01609e+00 1.23000e+02
5.20563e+00 1.11000e+02
5.39651e+00 1.16000e+02
5.58577e+00 1.12000e+02
5.77522e+00 1.11000e+02
5.96892e+00 1.30000e+02
6.15847e+00 1.22000e+02
6.34903e+00 1.38000e+02
6.54043e+00 1.37000e+02
6.73001e+00 1.57000e+02
6.92187e+00 1.91000e+02
7.11231e+00 1.86000e+02
7.30254e+00 2.15000e+02
7.49472e+00 2.20000e+02
7.68453e+00 1.69000e+02
7.87724e+00 1.88000e+02
8.06830e+00 2.05000e+02
8.25898e+00 1.60000e+02
8.44974e+00 1.65000e+02
8.64053e+00 1.77000e+02
8.83318e+00 2.01000e+02
9.02366e+00 1.84000e+02
9.21304e+00 1.94000e+02
9.40302e+00 1.69000e+02
9.59319e+00 1.50000e+02
9.78403e+00 1.56000e+02
9.97845e+00 1.73000e+02
1.01683e+01 1.85000e+02
1.03593e+01 1.62000e+02
1.05503e+01 1.63000e+02
1.07405e+01 1.56000e+02
1.09340e+01 1.62000e+02
1.11247e+01 1.30000e+02
1.13152e+01 1.53000e+02
1.15058e+01 1.26000e+02
1.16978e+01 1.86000e+02
1.18956e+01 1.98000e+02
1.20873e+01 1.77000e+02
1.22796e+01 1.92000e+02
1.24725e+01 1.75000e+02
1.26646e+01 2.26000e+02
1.28593e+01 2.21000e+02
1.30515e+01 1.96000e+02
1.32439e+01 1.86000e+02
1.34352e+01 1.75000e+02
1.36258e+01 1.71000e+02
1.38153e+01 1.87000e+02
1.40092e+01 1.89000e+02
1.42003e+01 2.12000e+02
1.43912e+01 2.50000e+02
1.45819e+01 2.22000e+02
1.47842e+01 1.63000e+02
1.49921e+01 1.68000e+02
1.51820e+01 1.47000e+02
1.53727e+01 1.75000e+02
1.55624e+01 1.48000e+02
1.57509e+01 1.72000e+02
1.59443e+01 2.20000e+02
1.61348e+01 2.44000e+02
1.63263e+01 2.63000e+02
1.65180e+01 2.52000e+02
1.67089e+01 2.61000e+02
1.69024e+01 2.64000e+02
1.70943e+01 2.72000e+02
1.72845e+01 2.61000e+02
1.74746e+01 2.96000e+02
1.76653e+01 2.60000e+02
1.78591e+01 2.94000e+02
1.80515e+01 2.45000e+02
1.82428e+01 3.04000e+02
1.84354e+01 2.62000e+02
1.86251e+01 2.29000e+02
1.88165e+01 2.82000e+02
1.90112e+01 2.30000e+02
1.92024e+01 2.16000e+02
1.94058e+01 2.29000e+02
1.95981e+01 2.23000e+02
1.97904e+01 2.42000e+02
1.99860e+01 2.55000e+02
2.01780e+01 2.37000e+02
2.03706e+01 2.83000e+02
2.05632e+01 2.56000e+02
2.07562e+01 1.90000e+02
2.09505e+01 2.11000e+02
2.11425e+01 2.70000e+02
2.13348e+01 2.27000e+02
2.15265e+01 2.18000e+02
2.17162e+01 2.03000e+02
2.19094e+01 2.09000e+02
2.20990e+01 1.81000e+02
2.22872e+01 1.39000e+02
2.24773e+01 1.65000e+02
2.26663e+01 1.40000e+02
2.28584e+01 1.21000e+02
2.30496e+01 9.60000e+01
2.32401e+01 1.01000e+02
2.34313e+01 1.09000e+02
2.36213e+01 1.04000e+02
2.38117e+01 1.21000e+02
2.40077e+01 9.30000e+01
2.41990e+01 1.00000e+02
2.43888e+01 1.11000e+02
2.45805e+01 1.10000e+02
2.47723e+01 9.60000e+01
2.49668e+01 1.04000e+02
2.51592e+01 1.22000e+02
2.53497e+01 1.18000e+02
2.55424e+01 1.37000e+02
2.57336e+01 1.45000e+02
2.59269e+01 1.77000e+02
2.61186e+01 1.37000e+02
2.63095e+01 1.53000e+02
2.65005e+01 1.39000e+02
2.66916e+01 1.44000e+02
2.68836e+01 1.84000e+02
2.70743e+01 1.62000e+02
2.72643e+01 1.88000e+02
2.74555e+01 1.97000e+02
2.76446e+01 2.52000e+02
2.78340e+01 1.81000e+02
2.80284e+01 1.99000e+02
2.82204e+01 1.76000e+02
2.84107e+01 1.52000e+02
2.86027e+01 1.53000e+02
2.87931e+01 1.80000e+02
2.89872e+01 1.81000e+02
2.91787e+01 1.72000e+02
2.93702e+01 1.33000e+02
2.95593e+01 1.38000e+02
2.97579e+01 1.15000e+02
2.99680e+01 1.03000e+02
3.01582e+01 1.23000e+02
3.03486e+01 1.19000e+02
3.05405e+01 9.10000e+01
3.07292e+01 1.16000e+02
3.09237e+01 1.27000e+02
3.11148e+01 1.22000e+02
3.13062e+01 1.10000e+02
3.14969e+01 1.00000e+02
3.16885e+01 1.17000e+02
3.18822e+01 1.04000e+02
3.20737e+01 9.30000e+01
3.22660e+01 9.60000e+01
3.24584e+01 1.29000e+02
3.26501e+01 2.05000e+02
3.28393e+01 2.32000e+02
3.30337e+01 2.14000e+02
3.32259e+01 1.78000e+02
3.34175e+01 1.87000e+02
3.36094e+01 2.16000e+02
3.37990e+01 1.96000e+02
3.39926e+01 1.82000e+02
3.41829e+01 1.60000e+02
3.43793e+01 1.39000e+02
3.45696e+01 1.18000e+02
3.47602e+01 7.20000e+01
3.49539e+01 6.60000e+01
3.51450e+01 6.60000e+01
3.53354e+01 6.60000e+01
3.55270e+01 6.60000e+01
3.57154e+01 6.60000e+01
3.59088e+01 6.60000e+01
3.61009e+01 6.60000e+01
3.62926e+01 6.60000e+01
3.64820e+01 6.60000e+01
3.66712e+01 6.60000e+01
3.68600e+01 6.60000e+01
3.70544e+01 6.60000e+01
3.72438e+01 6.60000e+01
3.74341e+01 6.60000e+01
3.76240e+01 6.60000e+01
3.78146e+01 6.60000e+01
3.80087e+01 6.60000e+01
3.81988e+01 6.60000e+01
3.83873e+01 6.60000e+01
3.85785e+01 6.60000e+01
3.87687e+01 6.60000e+01
3.89637e+01 6.60000e+01
3.91538e+01 6.60000e+01
3.93431e+01 6.60000e+01
3.95339e+01 6.60000e+01
3.97240e+01 6.60000e+01
3.99166e+01 6.60000e+01
4.01080e+01 6.60000e+01
4.02983e+01 6.60000e+01
4.04901e+01 6.60000e+01
4.06808e+01 6.60000e+01
4.08713e+01 6.60000e+01
4.10643e+01 6.60000e+01
4.12534e+01 6.60000e+01
4.14426e+01 6.60000e+01
4.16324e+01 6.60000e+01
4.18228e+01 6.60000e+01
4.20174e+01 6.60000e+01
4.22084e+01 6.60000e+01
4.23989e+01 6.60000e+01
4.25905e+01 6.60000e+01
4.27805e+01 6.60000e+01
4.29720e+01 6.60000e+01
4.31625e+01 6.60000e+01
4.33521e+01 6.60000e+01
4.35440e+01 6.60000e+01
4.37318e+01 6.60000e+01
4.39245e+01 6.60000e+01
4.41177e+01 6.60000e+01
4.43083e+01 6.60000e+01
4.44984e+01 6.60000e+01
4.46885e+01 6.60000e+01
4.49009e+01 6.60000e+01
4.50935e+01 6.60000e+01
4.52826e+01 6.60000e+01
4.54756e+01 6.60000e+01
4.56658e+01 6.60000e+01
4.58558e+01 6.60000e+01
4.60483e+01 6.60000e+01
4.62388e+01 6.60000e+01
4.64286e+01 6.60000e+01
4.66193e+01 6.60000e+01
4.68085e+01 6.60000e+01
4.70022e+01 6.60000e+01
4.71924e+01 6.60000e+01
4.73816e+01 6.60000e+01
4.75715e+01 6.60000e+01
4.77610e+01 6.60000e+01
4.79539e+01 6.60000e+01
4.81441e+01 6.60000e+01
4.83340e+01 6.60000e+01
4.85246e+01 6.60000e+01
4.87145e+01 6.60000e+01
4.89064e+01 6.60000e+01
4.90951e+01 6.60000e+01
4.92859e+01 6.60000e+01
4.94761e+01 6.60000e+01
4.96657e+01 6.60000e+01
4.98555e+01 6.60000e+01
5.00496e+01 6.60000e+01
5.02403e+01 6.60000e+01
5.04319e+01 6.60000e+01
5.06236e+01 6.60000e+01
5.08142e+01 6.60000e+01
5.10076e+01 6.60000e+01
5.11985e+01 6.60000e+01
5.13894e+01 6.60000e+01
5.15815e+01 6.60000e+01
5.17712e+01 6.60000e+01
5.19651e+01 6.60000e+01
5.21570e+01 6.60000e+01
5.23485e+01 6.60000e+01
5.25395e+01 6.60000e+01
5.27315e+01 6.60000e+01
5.29248e+01 6.60000e+01
5.31164e+01 6.60000e+01
5.33071e+01 6.60000e+01
5.34973e+01 6.60000e+01
5.36888e+01 6.60000e+01
5.38804e+01 6.60000e+01
5.40739e+01 6.60000e+01
5.42644e+01 6.60000e+01
5.44539e+01 6.60000e+01
5.46463e+01 6.60000e+01
5.48365e+01 6.60000e+01
5.50320e+01 6.60000e+01
5.52220e+01 6.60000e+01
5.54097e+01 6.60000e+01
5.56002e+01 6.60000e+01
5.57906e+01 6.60000e+01
5.59831e+01 6.60000e+01
5.61752e+01 6.60000e+01
5.63655e+01 6.60000e+01
5.65566e+01 6.60000e+01
5.67476e+01 6.60000e+01
5.69404e+01 6.60000e+01
5.71293e+01 6.60000e+01
5.73199e+01 6.60000e+01
5.75092e+01 6.60000e+01
5.77000e+01 6.60000e+01
5.78902e+01 6.60000e+01
5.80838e+01 6.60000e+01
5.82749e+01 6.60000e+01
5.84664e+01 6.60000e+01
5.86586e+01 6.60000e+01
5.88480e+01 6.60000e+01
5.90420e+01 6.60000e+01
5.92338e+01 6.60000e+01
5.94242e+01 6.60000e+01
5.96165e+01 6.60000e+01
5.98260e+01 6.60000e+01
6.00396e+01 6.60000e+01
6.02385e+01 6.60000e+01
6.04286e+01 6.60000e+01
6.06205e+01 6.60000e+01
6.08124e+01 6.60000e+01
6.10064e+01 6.60000e+01
6.11980e+01 6.60000e+01
6.13898e+01 6.60000e+01
6.15815e+01 6.60000e+01
6.17708e+01 6.60000e+01
6.19626e+01 6.60000e+01
6.21520e+01 6.60000e+01
6.23410e+01 6.60000e+01
6.25322e+01 6.60000e+01
6.27224e+01 6.60000e+01
6.29143e+01 6.60000e+01
6.31056e+01 6.60000e+01
6.32965e+01 6.60000e+01
6.34855e+01 6.60000e+01
6.36753e+01 6.60000e+01
6.38657e+01 6.60000e+01
6.40593e+01 6.60000e+01
6.42508e+01 6.60000e+01
6.44423e+01 6.60000e+01
6.46342e+01 6.60000e+01
6.48243e+01 6.60000e+01
6.50189e+01 6.60000e+01
6.52095e+01 6.60000e+01
6.54000e+01 6.60000e+01
6.55892e+01 6.60000e+01
6.57786e+01 6.60000e+01
6.59725e+01 6.60000e+01
6.61643e+01 6.60000e+01
6.63531e+01 6.60000e+01
6.65429e+01 6.60000e+01
6.67310e+01 6.60000e+01
6.69225e+01 6.60000e+01
6.71126e+01 6.60000e+01
6.73009e+01 6.60000e+01
6.74904e+01 6.60000e+01
6.76805e+01 6.60000e+01
6.78698e+01 6.60000e+01
6.80634e+01 6.60000e+01
6.82540e+01 6.60000e+01
6.84435e+01 6.60000e+01
6.86329e+01 6.60000e+01
6.88226e+01 6.60000e+01
6.90143e+01 6.60000e+01
6.92032e+01 6.60000e+01
6.93911e+01 6.60000e+01
6.95813e+01 6.60000e+01
6.97693e+01 6.60000e+01
6.99611e+01 6.60000e+01
7.01499e+01 6.60000e+01
7.03388e+01 6.60000e+01
7.05280e+01 6.60000e+01
7.07175e+01 6.60000e+01
7.09067e+01 6.60000e+01
7.11003e+01 6.60000e+01
7.12898e+01 6.60000e+01
7.14786e+01 6.60000e+01
7.16693e+01 6.60000e+01
7.18597e+01 6.60000e+01
7.20564e+01 6.60000e+01
7.22484e+01 6.60000e+01
7.24389e+01 6.60000e+01
7.26291e+01 6.60000e+01
7.28175e+01 6.60000e+01
7.30099e+01 6.60000e+01
7.31996e+01 6.60000e+01
7.33901e+01 6.60000e+01
7.35790e+01 6.60000e+01
7.37684e+01 6.60000e+01
7.39597e+01 6.60000e+01
7.41495e+01 6.60000e+01
7.43389e+01 6.60000e+01
7.45288e+01 6.60000e+01
7.47216e+01 6.60000e+01
7.49404e+01 6.60000e+01
7.51340e+01 6.60000e+01
7.53230e+01 6.60000e+01
7.55127e+01 6.60000e+01
7.57037e+01 6.60000e+01
7.58933e+01 6.60000e+01
7.60863e+01 6.60000e+01
7.62773e+01 6.60000e+01
7.64673e+01 6.60000e+01
7.66573e+01 6.60000e+01
7.68475e+01 6.60000e+01
7.70394e+01 6.60000e+01
7.72311e+01 6.60000e+01
7.74200e+01 6.60000e+01
7.76082e+01 6.60000e+01
7.77952e+01 6.60000e+01
7.79874e+01 6.60000e+01
7.81761e+01 6.60000e+01
7.83663e+01 6.60000e+01
7.85564e+01 6.60000e+01
7.87459e+01 6.60000e+01
7.89362e+01 6.60000e+01
7.91261e+01 6.60000e+01
7.93232e+01 6.60000e+01
7.95168e+01 6.60000e+01
7.97060e+01 6.60000e+01
7.98956e+01 6.60000e+01
8.00872e+01 6.60000e+01
8.02777e+01 6.60000e+01
8.04672e+01 6.60000e+01
8.06585e+01 6.60000e+01
8.08487e+01 6.60000e+01
8.10406e+01 6.60000e+01
8.12318e+01 6.60000e+01
8.14211e+01 6.60000e+01
8.16112e+01 6.60000e+01
8.18009e+01 6.60000e+01
8.19934e+01 6.60000e+01
8.21833e+01 6.60000e+01
8.23724e+01 6.60000e+01
8.25627e+01 6.60000e+01
8.27516e+01 6.60000e+01
8.29431e+01 6.60000e+01
8.31327e+01 6.60000e+01
8.33218e+01 6.60000e+01
8.35106e+01 6.60000e+01
8.37004e+01 6.60000e+01
8.38883e+01 6.60000e+01
8.40815e+01 6.60000e+01
8.42709e+01 6.60000e+01
8.44586e+01 6.60000e+01
8.46476e+01 6.60000e+01
8.48373e+01 6.60000e+01
8.50289e+01 6.60000e+01
8.52181e+01 6.60000e+01
8.54059e+01 6.60000e+01
8.55959e+01 6.60000e+01
8.57837e+01 6.60000e+01
8.59750e+01 6.60000e+01
8.61648e+01 6.60000e+01
8.63550e+01 6.60000e+01
8.65455e+01 6.60000e+01
8.67355e+01 6.60000e+01
8.69256e+01 6.60000e+01
8.71182e+01 6.60000e+01
8.73086e+01 6.60000e+01
8.74977e+01 6.60000e+01
8.76882e+01 6.60000e+01
8.78776e+01 6.60000e+01
8.80702e+01 6.60000e+01
8.82619e+01 6.60000e+01
8.84505e+01 6.60000e+01
8.86409e+01 6.60000e+01
8.88308e+01 6.60000e+01
8.90225e+01 6.60000e+01
8.92124e+01 6.60000e+01
8.94028e+01 6.60000e+01
8.95916e+01 6.60000e+01
8.97929e+01 6.60000e+01
8.99992e+01 6.60000e+01
9.01904e+01 6.60000e+01
9.03791e+01 6.60000e+01
9.05683e+01 6.60000e+01
9.07567e+01 6.60000e+01
9.09473e+01 6.60000e+01
9.11367e+01 6.60000e+01
9.13264e+01 6.60000e+01
9.15157e+01 6.60000e+01
9.17044e+01 6.60000e+01
9.18922e+01 6.60000e+01
9.20848e+01 6.60000e+01
9.22743e+01 6.60000e+01
9.24644e+01 6.60000e+01
9.26539e+01 6.60000e+01
9.28436e+01 6.60000e+01
9.30339e+01 6.60000e+01
9.32228e+01 6.60000e+01
9.34124e+01 6.60000e+01
9.36011e+01 6.60000e+01
9.37897e+01 6.60000e+01
9.39817e+01 6.60000e+01
9.41721e+01 6.60000e+01
9.43720e+01 6.60000e+01
9.45615e+01 6.60000e+01
9.47515e+01 6.60000e+01
9.49423e+01 6.60000e+01
9.51350e+01 6.60000e+01
9.53252e+01 6.60000e+01
9.55163e+01 6.60000e+01
9.57062e+01 6.60000e+01
9.58958e+01 6.60000e+01
9.60878e+01 6.60000e+01
9.62796e+01 6.60000e+01
9.64669e+01 6.60000e+01
9.66551e+01 6.60000e+01
9.68436e+01 6.60000e+01
9.70342e+01 6.60000e+01
9.72231e+01 6.60000e+01
9.74122e+01 6.60000e+01
9.76000e+01 6.60000e+01
9.77886e+01 6.60000e+01
9.79803e+01 6.60000e+01
9.81699e+01 6.60000e+01
9.83584e+01 6.60000e+01
9.85469e+01 6.60000e+01
9.87366e+01 6.60000e+01
9.89256e+01 6.60000e+01
9.91175e+01 6.60000e+01
9.93066e+01 6.60000e+01
9.94945e+01 6.60000e+01
9.96854e+01 6.60000e+01
9.98748e+01 6.60000e+01
1.00066e+02 6.60000e+01
1.00257e+02 6.60000e+01
1.00448e+02 6.60000e+01
1.00638e+02 6.60000e+01
1.00829e+02 6.60000e+01
1.01022e+02 6.60000e+01
1.01213e+02 6.60000e+01
1.01401e+02 6.60000e+01
1.01589e+02 6.60000e+01
1.01779e+02 6.60000e+01
1.01972e+02 6.60000e+01
1.02161e+02 6.60000e+01
1.02352e+02 6.60000e+01
1.02540e+02 6.60000e+01
1.02730e+02 6.60000e+01
1.02918e+02 6.60000e+01
1.03110e+02 6.60000e+01
1.03300e+02 6.60000e+01
1.03488e+02 6.60000e+01
1.03679e+02 6.60000e+01
1.03868e+02 6.60000e+01
1.04060e+02 6.60000e+01
1.04252e+02 6.60000e+01
1.04440e+02 6.60000e+01
1.04630e+02 6.60000e+01
1.04839e+02 6.60000e+01
1.05043e+02 6.60000e+01
1.05233e+02 6.60000e+01
1.05422e+02 6.60000e+01
1.05612e+02 6.60000e+01
1.05802e+02 6.60000e+01
1.05993e+02 6.60000e+01
1.06183e+02 6.60000e+01
1.06373e+02 6.60000e+01
1.06562e+02 6.60000e+01
1.06752e+02 6.60000e+01
1.06943e+02 6.60000e+01
1.07138e+02 6.60000e+01
1.07329e+02 6.60000e+01
1.07519e+02 6.60000e+01
1.07708e+02 6.60000e+01
1.07899e+02 6.60000e+01
1.08091e+02 6.60000e+01
1.08281e+02 6.60000e+01
1.08471e+02 6.60000e+01
1.08661e+02 6.60000e+01
1.08850e+02 6.60000e+01
1.09041e+02 6.60000e+01
1.09232e+02 6.60000e+01
1.09421e+02 6.60000e+01
1.09610e+02 6.60000e+01
1.09800e+02 6.60000e+01
1.09993e+02 6.60000e+01
1.10181e+02 6.60000e+01
1.10370e+02 6.60000e+01
1.10558e+02 6.60000e+01
1.10748e+02 6.60000e+01
1.10938e+02 6.60000e+01
1.11130e+02 6.60000e+01
1.11319e+02 6.60000e+01
1.11509e+02 6.60000e+01
1.11697e+02 6.60000e+01
1.11886e+02 6.60000e+01
1.12078e+02 6.60000e+01
1.12269e+02 6.60000e+01
1.12457e+02 6.60000e+01
1.12648e+02 6.60000e+01
1.12838e+02 6.60000e+01
1.13031e+02 6.60000e+01
1.13222e+02 6.60000e+01
1.13414e+02 6.60000e+01
1.13604e+02 6.60000e+01
1.13793e+02 6.60000e+01
1.13986e+02 6.60000e+01
1.14178e+02 6.60000e+01
1.14366e+02 6.60000e+01
1.14556e+02 6.60000e+01
1.14747e+02 6.60000e+01
1.14937e+02 6.60000e+01
1.15130e+02 6.60000e+01
1.15319e+02 6.60000e+01
1.15507e+02 6.60000e+01
1.15697e+02 6.60000e+01
1.15887e+02 6.60000e+01
1.16079e+02 6.60000e+01
1.16269e+02 6.60000e+01
1.16458e+02 6.60000e+01
1.16647e+02 6.60000e+01
1.16837e+02 6.60000e+01
1.17028e+02 6.60000e+01
1.17217e+02 6.60000e+01
1.17406e+02 6.60000e+01
1.17594e+02 6.60000e+01
1.17784e+02 6.60000e+01
1.17974e+02 6.60000e+01
1.18165e+02 6.60000e+01
1.18355e+02 6.60000e+01
1.18544e+02 6.60000e+01
1.18734e+02 6.60000e+01
1.18923e+02 6.60000e+01
1.19116e+02 6.60000e+01
1.19306e+02 6.60000e+01
1.19496e+02 6.60000e+01
1.19685e+02 6.60000e+01
1.19894e+02 6.60000e+01
1.20090e+02 6.60000e+01
1.20280e+02 6.60000e+01
1.20469e+02 6.60000e+01
1.20658e+02 6.60000e+01
1.20848e+02 6.60000e+01
1.21041e+02 6.60000e+01
1.21232e+02 6.60000e+01
1.21422e+02 6.60000e+01
1.21612e+02 6.60000e+01
1.21803e+02 6.60000e+01
1.21995e+02 6.60000e+01
1.22185e+02 6.60000e+01
1.22374e+02 6.60000e+01
1.22563e+02 6.60000e+01
1.22753e+02 6.60000e+01
1.22942e+02 6.60000e+01
1.23134e+02 6.60000e+01
1.23323e+02 6.60000e+01
1.23511e+02 6.60000e+01
1.23700e+02 6.60000e+01
1.23889e+02 6.60000e+01
1.24081e+02 6.60000e+01
1.24272e+02 6.60000e+01
1.24461e+02 6.60000e+01
1.24651e+02 6.60000e+01
1.24842e+02 6.60000e+01
1.25034e+02 6.60000e+01
1.25224e+02 6.60000e+01
1.25414e+02 6.60000e+01
1.25603e+02 6.60000e+01
1.25793e+02 6.60000e+01
1.25982e+02 6.60000e+01
1.26175e+02 6.60000e+01
1.26366e+02 6.60000e+01
1.26556e+02 6.60000e+01
1.26746e+02 6.60000e+01
1.26935e+02 6.60000e+01
1.27130e+02 6.60000e+01
1.27320e+02 6.60000e+01
1.27509e+02 6.60000e+01
1.27700e+02 6.60000e+01
1.27891e+02 6.60000e+01
1.28085e+02 6.60000e+01
1.28276e+02 6.60000e+01
1.28466e+02 6.60000e+01
1.28655e+02 6.60000e+01
1.28846e+02 6.60000e+01
1.29038e+02 6.60000e+01
1.29227e+02 6.60000e+01
1.29418e+02 6.60000e+01
1.29607e+02 6.60000e+01
1.29798e+02 6.60000e+01
1.29988e+02 6.60000e+01
1.30180e+02 6.60000e+01
1.30369e+02 6.60000e+01
1.30557e+02 6.60000e+01
1.30746e+02 6.60000e+01
1.30936e+02 6.60000e+01
1.31137e+02 6.60000e+01
1.31328e+02 6.60000e+01
1.31515e+02 6.60000e+01
1.31704e+02 6.60000e+01
1.31893e+02 6.60000e+01
1.32085e+02 6.60000e+01
1.32275e+02 6.60000e+01
1.32465e+02 6.60000e+01
1.32655e+02 6.60000e+01
1.32844e+02 6.60000e+01
1.33038e+02 6.60000e+01
1.33228e+02 6.60000e+01
1.33418e+02 6.60000e+01
1.33608e+02 6.60000e+01
1.33797e+02 6.60000e+01
1.33987e+02 6.60000e+01
1.34179e+02 6.60000e+01
1.34367e+02 6.60000e+01
1.34556e+02 6.60000e+01
1.34754e+02 6.60000e+01
1.34968e+02 6.60000e+01
1.35174e+02 6.60000e+01
1.35364e+02 6.60000e+01
1.35553e+02 6.60000e+01
1.35744e+02 6.60000e+01
1.35933e+02 6.60000e+01
1.36126e+02 6.60000e+01
1.36318e+02 6.60000e+01
1.36509e+02 6.60000e+01
1.36699e+02 6.60000e+01
1.36890e+02 6.60000e+01
1.37083e+02 6.60000e+01
1.37273e+02 6.60000e+01
1.37463e+02 6.60000e+01
1.37653e+02 6.60000e+01
1.37842e+02 6.60000e+01
1.38033e+02 6.60000e+01
1.38222e+02 6.60000e+01
1.38412e+02 6.60000e+01
1.38601e+02 6.60000e+01
1.38789e+02 6.60000e+01
1.38978e+02 6.60000e+01
1.39170e+02 6.60000e+01
1.39362e+02 6.60000e+01
1.39550e+02 6.60000e+01
1.39740e+02 6.60000e+01
1.39928e+02 6.60000e+01
1.40120e+02 6.60000e+01
1.40309e+02 6.60000e+01
1.40499e+02 6.60000e+01
1.40688e+02 6.60000e+01
1.40879e+02 6.60000e+01
1.41072e+02 6.60000e+01
1.41261e+02 6.60000e+01
1.41451e+02 6.60000e+01
1.41640e+02 6.60000e+01
1.41828e+02 6.60000e+01
1.42021e+02 6.60000e+01
1.42211e+02 6.60000e+01
1.42400e+02 6.60000e+01
1.42589e+02 6.60000e+01
1.42778e+02 6.60000e+01
1.42967e+02 6.60000e+01
1.43158e+02 6.60000e+01
1.43347e+02 6.60000e+01
1.43537e+02 6.60000e+01
1.43727e+02 6.60000e+01
1.43916e+02 6.60000e+01
1.44108e+02 6.60000e+01
1.44299e+02 6.60000e+01
1.44487e+02 6.60000e+01
1.44677e+02 6.60000e+01
1.44866e+02 6.60000e+01
1.45058e+02 6.60000e+01
1.45247e+02 6.60000e+01
1.45436e+02 6.60000e+01
1.45624e+02 6.60000e+01
1.45813e+02 6.60000e+01
1.46002e+02 6.60000e+01
1.46193e+02 6.60000e+01
1.46380e+02 6.60000e+01
1.46570e+02 6.60000e+01
1.46760e+02 6.60000e+01
1.46950e+02 6.60000e+01
1.47143e+02 6.60000e+01
1.47333e+02 6.60000e+01
1.47522e+02 6.60000e+01
1.47713e+02 6.60000e+01
1.47902e+02 6.60000e+01
1.48094e+02 6.60000e+01
1.48284e+02 6.60000e+01
1.48474e+02 6.60000e+01
1.48664e+02 6.60000e+01
1.48855e+02 6.60000e+01
1.49049e+02 6.60000e+01
1.49239e+02 6.60000e+01
1.49429e+02 6.60000e+01
1.49619e+02 6.60000e+01
1.49825e+02 6.60000e+01
1.50031e+02 6.60000e+01
1.50222e+02 6.60000e+01
1.50412e+02 6.60000e+01
1.50601e+02 6.60000e+01
1.50790e+02 6.60000e+01
1.50979e+02 6.60000e+01
1.51170e+02 6.60000e+01
1.51360e+02 6.60000e+01
1.51549e+02 6.60000e+01
1.51739e+02 6.60000e+01
1.51929e+02 6.60000e+01
1.52119e+02 6.60000e+01
1.52307e+02 6.60000e+01
1.52495e+02 6.60000e+01
1.52684e+02 6.60000e+01
1.52874e+02 6.60000e+01
1.53066e+02 6.60000e+01
1.53256e+02 6.60000e+01
1.53446e+02 6.60000e+01
1.53634e+02 6.60000e+01
1.53824e+02 6.60000e+01
1.54013e+02 6.60000e+01
1.54205e+02 6.60000e+01
1.54395e+02 6.60000e+01
1.54584e+02 6.60000e+01
1.54773e+02 6.60000e+01
1.54963e+02 6.60000e+01
1.55156e+02 6.60000e+01
1.55346e+02 6.60000e+01
1.55535e+02 6.60000e+01
1.55725e+02 6.60000e+01
1.55914e+02 6.60000e+01
1.56106e+02 6.60000e+01
1.56296e+02 6.60000e+01
1.56483e+02 6.60000e+01
1.56673e+02 6.60000e+01
1.56864e+02 6.60000e+01
1.57056e+02 6.60000e+01
1.57246e+02 6.60000e+01
1.57436e+02 6.60000e+01
1.57625e+02 6.60000e+01
1.57814e+02 6.60000e+01
1.58004e+02 6.60000e+01
1.58196e+02 6.60000e+01
1.58384e+02 6.60000e+01
1.58573e+02 6.60000e+01
1.58762e+02 6.60000e+01
1.58950e+02 6.60000e+01
1.59144e+02 6.60000e+01
1.59332e+02 6.60000e+01
1.59520e+02 6.60000e+01
1.59710e+02 6.60000e+01
1.59900e+02 6.60000e+01
1.60093e+02 6.60000e+01
1.60282e+02 6.60000e+01
1.60471e+02 6.60000e+01
1.60659e+02 6.60000e+01
1.60850e+02 6.60000e+01
1.61040e+02 6.60000e+01
1.61231e+02 6.60000e+01
1.61421e+02 6.60000e+01
1.61611e+02 6.60000e+01
1.61800e+02 6.60000e+01
1.61990e+02 6.60000e+01
1.62183e+02 6.60000e+01
1.62372e+02 6.60000e+01
1.62563e+02 6.60000e+01
1.62753e+02 6.60000e+01
1.62944e+02 6.60000e+01
1.63137e+02 6.60000e+01
1.63326e+02 6.60000e+01
1.63516e+02 6.60000e+01
1.63705e+02 6.60000e+01
1.63893e+02 6.60000e+01
1.64085e+02 6.60000e+01
1.64277e+02 6.60000e+01
1.64466e+02 6.60000e+01
1.64656e+02 6.60000e+01
1.64869e+02 6.60000e+01
1.65065e+02 6.60000e+01
1.65255e+02 6.60000e+01
1.65444e+02 6.60000e+01
1.65633e+02 6.60000e+01
1.65821e+02 6.60000e+01
1.66012e+02 6.60000e+01
1.66205e+02 6.60000e+01
1.66396e+02 6.60000e+01
1.66585e+02 6.60000e+01
1.66774e+02 6.60000e+01
1.66964e+02 6.60000e+01
1.67155e+02 6.60000e+01
1.67344e+02 6.60000e+01
1.67534e+02 6.60000e+01
1.67722e+02 6.60000e+01
1.67910e+02 6.60000e+01
1.68103e+02 6.60000e+01
1.68293e+02 6.60000e+01
1.68482e+02 6.60000e+01
1.68671e+02 6.60000e+01
1.68862e+02 6.60000e+01
1.69054e+02 6.60000e+01
1.69246e+02 6.60000e+01
1.69437e+02 6.60000e+01
1.69627e+02 6.60000e+01
1.69817e+02 6.60000e+01
1.70007e+02 6.60000e+01
1.70198e+02 6.60000e+01
1.70388e+02 6.60000e+01
1.70581e+02 6.60000e+01
1.70770e+02 6.60000e+01
1.70960e+02 6.60000e+01
1.71153e+02 6.60000e+01
1.71343e+02 6.60000e+01
1.71533e+02 6.60000e+01
1.71723e+02 6.60000e+01
1.71913e+02 6.60000e+01
1.72106e+02 6.60000e+01
1.72297e+02 6.60000e+01
1.72488e+02 6.60000e+01
1.72678e+02 6.60000e+01
1.72868e+02 6.60000e+01
1.73058e+02 6.60000e+01
1.73249e+02 6.60000e+01
1.73440e+02 6.60000e+01
1.73629e+02 6.60000e+01
1.73819e+02 6.60000e+01
1.74010e+02 6.60000e+01
1.74201e+02 6.60000e+01
1.74391e+02 6.60000e+01
1.74580e+02 6.60000e+01
1.74771e+02 6.60000e+01
1.74961e+02 6.60000e+01
1.75154e+02 6.60000e+01
1.75343e+02 6.60000e+01
1.75533e+02 6.60000e+01
1.75723e+02 6.60000e+01
1.75912e+02 6.60000e+01
1.76105e+02 6.60000e+01
1.76297e+02 6.60000e+01
1.76487e+02 6.60000e+01
1.76678e+02 6.60000e+01
1.76868e+02 6.60000e+01
1.77058e+02 6.60000e+01
1.77251e+02 6.60000e+01
1.77441e+02 6.60000e+01
1.77631e+02 6.60000e+01
1.77823e+02 6.60000e+01
1.78014e+02 6.60000e+01
1.78209e+02 6.60000e+01
1.78400e+02 6.60000e+01
1.78592e+02 6.60000e+01
1.78783e+02 6.60000e+01
1.78973e+02 6.60000e+01
1.79166e+02 6.60000e+01
1.79356e+02 6.60000e+01
1.79546e+02 6.60000e+01
1.79743e+02 6.60000e+01
1.79953e+02 6.60000e+01
1.80147e+02 6.60000e+01
1.80338e+02 6.60000e+01
1.80527e+02 6.60000e+01
1.80717e+02 6.60000e+01
1.80907e+02 6.60000e+01
1.81098e+02 6.60000e+01
1.81287e+02 6.60000e+01
1.81477e+02 6.60000e+01
1.81668e+02 6.60000e+01
1.81857e+02 6.60000e+01
1.82046e+02 6.60000e+01
1.82238e+02 6.60000e+01
1.82428e+02 6.60000e+01
1.82619e+02 6.60000e+01
1.82809e+02 6.60000e+01
1.82998e+02 6.60000e+01
1.83191e+02 6.60000e+01
1.83381e+02 6.60000e+01
1.83572e+02 6.60000e+01
1.83761e+02 6.60000e+01
1.83948e+02 6.60000e+01
1.84141e+02 6.60000e+01
1.84343e+02 6.60000e+01
1.84535e+02 6.60000e+01
1.84725e+02 6.60000e+01
1.84915e+02 6.60000e+01
1.85107e+02 6.60000e+01
1.85296e+02 6.60000e+01
1.85488e+02 6.60000e+01
1.85678e+02 6.60000e+01
1.85867e+02 6.60000e+01
1.86057e+02 6.60000e+01
1.86248e+02 6.60000e+01
1.86436e+02 6.60000e+01
1.86626e+02 6.60000e+01
1.86815e+02 6.60000e+01
1.87005e+02 6.60000e+01
1.87197e+02 6.60000e+01
1.87386e+02 6.60000e+01
1.87575e+02 6.60000e+01
1.87764e+02 6.60000e+01
1.87953e+02 6.60000e+01
1.88145e+02 6.60000e+01
1.88335e+02 6.60000e+01
1.88525e+02 6.60000e+01
1.88714e+02 6.60000e+01
1.88903e+02 6.60000e+01
1.89094e+02 6.60000e+01
1.89283e+02 6.60000e+01
1.89472e+02 6.60000e+01
1.89664e+02 6.60000e+01
1.89853e+02 6.60000e+01
1.90043e+02 6.60000e+01
1.90236e+02 6.60000e+01
1.90424e+02 6.60000e+01
1.90613e+02 6.60000e+01
1.90801e+02 6.60000e+01
