2.00380e-02 6.90000e+02
2.17422e-01 5.10000e+02
4.12326e-01 4.90000e+02
6.06142e-01 4.40000e+02
8.02219e-01 4.05000e+02
9.95374e-01 2.83000e+02
1.18693e+00 2.89000e+02
1.37756e+00 2.80000e+02
1.56955e+00 2.90000e+02
1.76387e+00 2.46000e+02
1.95685e+00 2.65000e+02
2.14920e+00 2.36000e+02
2.34289e+00 2.27000e+02
2.53411e+00 2.28000e+02
2.72725e+00 2.30000e+02
2.91879e+00 1.85000e+02
3.11242e+00 1.60000e+02
3.30383e+00 1.83000e+02
3.49698e+00 1.43000e+02
3.68678e+00 1.00000e+02
3.88157e+00 9.40000e+01
4.07299e+00 9.50000e+01
4.26322e+00 7.50000e+01
4.45411e+00 7.50000e+01
4.64507e+00 7.50000e+01
4.83860e+00 7.50000e+01
5.03066e+00 7.50000e+01
5.22264e+00 7.50000e+01
5.41246e+00 7.50000e+01
5.60269e+00 7.50000e+01
5.79538e+00 7.50000e+01
5.98477e+00 7.50000e+01
6.17488e+00 7.50000e+01
6.36599e+00 7.50000e+01
6.55569e+00 7.50000e+01
6.74940e+00 7.50000e+01
6.94148e+00 7.50000e+01
7.13084e+00 7.50000e+01
7.31985e+00 7.50000e+01
7.51039e+00 7.50000e+01
7.70089e+00 7.50000e+01
7.89554e+00 7.50000e+01
8.08685e+00 7.50000e+01
8.27752e+00 7.50000e+01
8.46716e+00 7.50000e+01
8.65649e+00 7.50000e+01
8.84846e+00 7.50000e+01
9.03903e+00 7.50000e+01
9.22916e+00 7.50000e+01
9.41925e+00 7.50000e+01
9.60952e+00 7.50000e+01
9.80259e+00 7.50000e+01
9.99321e+00 7.50000e+01
1.01836e+01 7.50000e+01
1.03731e+01 7.50000e+01
1.05636e+01 7.50000e+01
1.07552e+01 7.50000e+01
1.09461e+01 7.50000e+01
1.11365e+01 7.50000e+01
1.13254e+01 7.50000e+01
1.15143e+01 7.50000e+01
1.17051e+01 7.50000e+01
1.18996e+01 7.50000e+01
1.20901e+01 7.50000e+01
1.22810e+01 7.50000e+01
1.24717e+01 7.50000e+01
1.26616e+01 7.50000e+01
1.28561e+01 7.50000e+01
1.30466e+01 7.50000e+01
1.32358e+01 7.50000e+01
1.34255e+01 7.50000e+01
1.36290e+01 7.50000e+01
1.38305e+01 7.50000e+01
1.40204e+01 7.50000e+01
1.42106e+01 7.50000e+01
1.44000e+01 7.50000e+01
1.45890e+01 7.50000e+01
1.47818e+01 7.50000e+01
1.49727e+01 7.50000e+01
1.51628e+01 7.50000e+01
1.53526e+01 7.50000e+01
1.55426e+01 7.50000e+01
1.57348e+01 7.50000e+01
1.59267e+01 7.50000e+01
1.61180e+01 7.50000e+01
1.63075e+01 7.50000e+01
1.64976e+01 7.50000e+01
1.66876e+01 7.50000e+01
1.68785e+01 7.50000e+01
1.70685e+01 7.50000e+01
1.72586e+01 7.50000e+01
1.74476e+01 7.50000e+01
1.76360e+01 7.50000e+01
1.78298e+01 7.50000e+01
1.80195e+01 7.50000e+01
1.82112e+01 7.50000e+01
1.83997e+01 7.50000e+01
1.85889e+01 7.50000e+01
1.87822e+01 7.50000e+01
1.89731e+01 7.50000e+01
1.91632e+01 7.50000e+01
1.93537e+01 7.50000e+01
1.95431e+01 7.50000e+01
1.97351e+01 7.50000e+01
1.99260e+01 7.50000e+01
2.01151e+01 7.50000e+01
2.03049e+01 7.50000e+01
2.04950e+01 7.50000e+01
2.06850e+01 7.50000e+01
2.08782e+01 7.50000e+01
2.10692e+01 7.50000e+01
2.12606e+01 7.50000e+01
2.14510e+01 7.50000e+01
2.16414e+01 7.50000e+01
2.18340e+01 7.50000e+01
2.20250e+01 7.50000e+01
2.22152e+01 7.50000e+01
2.24054e+01 7.50000e+01
2.25953e+01 7.50000e+01
2.27888e+01 7.50000e+01
2.29802e+01 7.50000e+01
2.31707e+01 7.50000e+01
2.33611e+01 7.50000e+01
2.35514e+01 7.50000e+01
2.37419e+01 7.50000e+01
2.39336e+01 7.50000e+01
2.41246e+01 7.50000e+01
2.43156e+01 7.50000e+01
2.45058e+01 7.50000e+01
2.46965e+01 7.50000e+01
2.48896e+01 7.50000e+01
2.50806e+01 7.50000e+01
2.52714e+01 7.50000e+01
2.54613e+01 7.50000e+01
2.56533e+01 7.50000e+01
2.58475e+01 7.50000e+01
2.60387e+01 7.50000e+01
2.62302e+01 7.50000e+01
2.64192e+01 7.50000e+01
2.66097e+01 7.50000e+01
2.68032e+01 7.50000e+01
2.69944e+01 7.50000e+01
2.71841e+01 7.50000e+01
2.73747e+01 7.50000e+01
2.75646e+01 7.50000e+01
2.77561e+01 7.50000e+01
2.79461e+01 7.50000e+01
2.81359e+01 7.50000e+01
2.83243e+01 7.50000e+01
2.85149e+01 7.50000e+01
2.87261e+01 7.50000e+01
2.89218e+01 7.50000e+01
2.91147e+01 7.50000e+01
2.93047e+01 7.50000e+01
2.94950e+01 7.50000e+01
2.96859e+01 7.50000e+01
2.98783e+01 7.50000e+01
3.00697e+01 7.50000e+01
3.02599e+01 7.50000e+01
3.04494e+01 7.50000e+01
3.06387e+01 7.50000e+01
3.08318e+01 7.50000e+01
3.10236e+01 7.50000e+01
3.12128e+01 7.50000e+01
3.14015e+01 7.50000e+01
3.15921e+01 7.50000e+01
3.17824e+01 7.50000e+01
3.19723e+01 7.50000e+01
3.21625e+01 7.50000e+01
3.23518e+01 7.50000e+01
3.25424e+01 7.50000e+01
3.27317e+01 7.50000e+01
3.29248e+01 7.50000e+01
3.31159e+01 7.50000e+01
3.33047e+01 7.50000e+01
3.34938e+01 7.50000e+01
3.36833e+01 7.50000e+01
3.38753e+01 7.50000e+01
3.40647e+01 7.50000e+01
3.42553e+01 7.50000e+01
3.44425e+01 7.50000e+01
3.46323e+01 7.50000e+01
3.48235e+01 7.50000e+01
3.50145e+01 7.50000e+01
3.52044e+01 7.50000e+01
3.53957e+01 7.50000e+01
3.55854e+01 7.50000e+01
3.57789e+01 7.50000e+01
3.59702e+01 7.50000e+01
3.61609e+01 7.50000e+01
3.63492e+01 7.50000e+01
3.65401e+01 7.50000e+01
3.67290e+01 7.50000e+01
3.69222e+01 7.50000e+01
3.71132e+01 7.50000e+01
3.73018e+01 7.50000e+01
3.74922e+01 7.50000e+01
3.76804e+01 7.50000e+01
3.78724e+01 7.50000e+01
3.80607e+01 7.50000e+01
3.82491e+01 7.50000e+01
3.84391e+01 7.50000e+01
3.86276e+01 7.50000e+01
3.88205e+01 7.50000e+01
3.90101e+01 7.50000e+01
3.91991e+01 7.50000e+01
3.93884e+01 7.50000e+01
3.95779e+01 7.50000e+01
3.97692e+01 7.50000e+01
3.99654e+01 7.50000e+01
4.01554e+01 7.50000e+01
4.03447e+01 7.50000e+01
4.05347e+01 7.50000e+01
4.07233e+01 7.50000e+01
4.09149e+01 7.50000e+01
4.11044e+01 7.50000e+01
4.12935e+01 7.50000e+01
4.14831e+01 7.50000e+01
4.16722e+01 7.50000e+01
4.18642e+01 7.50000e+01
4.20552e+01 7.50000e+01
4.22464e+01 7.50000e+01
4.24357e+01 7.50000e+01
4.26264e+01 7.50000e+01
4.28178e+01 7.50000e+01
4.30091e+01 7.50000e+01
4.31997e+01 7.50000e+01
4.33894e+01 7.50000e+01
4.35899e+01 7.50000e+01
4.38043e+01 7.50000e+01
4.40094e+01 7.50000e+01
4.41989e+01 7.50000e+01
4.43874e+01 7.50000e+01
4.45768e+01 7.50000e+01
4.47682e+01 7.50000e+01
4.49602e+01 7.50000e+01
4.51521e+01 7.50000e+01
4.53421e+01 7.50000e+01
4.55319e+01 7.50000e+01
4.57224e+01 7.50000e+01
4.59148e+01 7.50000e+01
4.61052e+01 7.50000e+01
4.62959e+01 7.50000e+01
4.64851e+01 7.50000e+01
4.66752e+01 7.50000e+01
4.68684e+01 7.50000e+01
4.70585e+01 7.50000e+01
4.72491e+01 7.50000e+01
4.74375e+01 7.50000e+01
4.76263e+01 7.50000e+01
4.78180e+01 7.50000e+01
4.80074e+01 7.50000e+01
4.81984e+01 7.50000e+01
4.83878e+01 7.50000e+01
4.85781e+01 7.50000e+01
4.87715e+01 7.50000e+01
4.89630e+01 7.50000e+01
4.91545e+01 7.50000e+01
4.93444e+01 7.50000e+01
4.95340e+01 7.50000e+01
4.97242e+01 7.50000e+01
4.99183e+01 7.50000e+01
5.01085e+01 7.50000e+01
5.02983e+01 7.50000e+01
5.04875e+01 7.50000e+01
5.06784e+01 7.50000e+01
5.08728e+01 7.50000e+01
5.10632e+01 7.50000e+01
5.12518e+01 7.50000e+01
5.14416e+01 7.50000e+01
5.16326e+01 7.50000e+01
5.18249e+01 7.50000e+01
5.20157e+01 7.50000e+01
5.22064e+01 7.50000e+01
5.23968e+01 7.50000e+01
5.25873e+01 7.50000e+01
5.27790e+01 7.50000e+01
5.29698e+01 7.50000e+01
5.31601e+01 7.50000e+01
5.33503e+01 7.50000e+01
5.35409e+01 7.50000e+01
5.37308e+01 7.50000e+01
5.39238e+01 7.50000e+01
5.41131e+01 7.50000e+01
5.43022e+01 7.50000e+01
5.44928e+01 7.50000e+01
5.46842e+01 7.50000e+01
5.48767e+01 7.50000e+01
5.50673e+01 7.50000e+01
5.52573e+01 7.50000e+01
5.54466e+01 7.50000e+01
5.56376e+01 7.50000e+01
5.58297e+01 7.50000e+01
5.60197e+01 7.50000e+01
5.62100e+01 7.50000e+01
5.63992e+01 7.50000e+01
5.65893e+01 7.50000e+01
5.67796e+01 7.50000e+01
5.69705e+01 7.50000e+01
5.71624e+01 7.50000e+01
5.73518e+01 7.50000e+01
5.75428e+01 7.50000e+01
5.77338e+01 7.50000e+01
5.79268e+01 7.50000e+01
5.81164e+01 7.50000e+01
5.83053e+01 7.50000e+01
5.84943e+01 7.50000e+01
5.87043e+01 7.50000e+01
5.89069e+01 7.50000e+01
5.90982e+01 7.50000e+01
5.92872e+01 7.50000e+01
5.94788e+01 7.50000e+01
5.96689e+01 7.50000e+01
5.98607e+01 7.50000e+01
6.00521e+01 7.50000e+01
6.02436e+01 7.50000e+01
6.04330e+01 7.50000e+01
6.06229e+01 7.50000e+01
6.08148e+01 7.50000e+01
6.10049e+01 7.50000e+01
6.11933e+01 7.50000e+01
6.13820e+01 7.50000e+01
6.15714e+01 7.50000e+01
6.17611e+01 7.50000e+01
6.19539e+01 7.50000e+01
6.21438e+01 7.50000e+01
6.23329e+01 7.50000e+01
6.25224e+01 7.50000e+01
6.27111e+01 7.50000e+01
6.29039e+01 7.50000e+01
6.30947e+01 7.50000e+01
6.32862e+01 7.50000e+01
6.34753e+01 7.50000e+01
6.36648e+01 7.50000e+01
6.38575e+01 7.50000e+01
6.40472e+01 7.50000e+01
6.42377e+01 7.50000e+01
6.44266e+01 7.50000e+01
6.46156e+01 7.50000e+01
6.48092e+01 7.50000e+01
6.49997e+01 7.50000e+01
6.51898e+01 7.50000e+01
6.53805e+01 7.50000e+01
6.55708e+01 7.50000e+01
6.57610e+01 7.50000e+01
6.59560e+01 7.50000e+01
6.61451e+01 7.50000e+01
6.63352e+01 7.50000e+01
6.65242e+01 7.50000e+01
6.67148e+01 7.50000e+01
6.69078e+01 7.50000e+01
6.70982e+01 7.50000e+01
6.72894e+01 7.50000e+01
6.74795e+01 7.50000e+01
6.76699e+01 7.50000e+01
6.78635e+01 7.50000e+01
6.80543e+01 7.50000e+01
6.82442e+01 7.50000e+01
6.84348e+01 7.50000e+01
6.86260e+01 7.50000e+01
6.88184e+01 7.50000e+01
6.90076e+01 7.50000e+01
6.91970e+01 7.50000e+01
6.93869e+01 7.50000e+01
6.95757e+01 7.50000e+01
6.97660e+01 7.50000e+01
6.99592e+01 7.50000e+01
7.01501e+01 7.50000e+01
7.03412e+01 7.50000e+01
7.05309e+01 7.50000e+01
7.07196e+01 7.50000e+01
7.09128e+01 7.50000e+01
7.11016e+01 7.50000e+01
7.12924e+01 7.50000e+01
7.14821e+01 7.50000e+01
7.16718e+01 7.50000e+01
7.18639e+01 7.50000e+01
7.20540e+01 7.50000e+01
7.22451e+01 7.50000e+01
7.24347e+01 7.50000e+01
7.26246e+01 7.50000e+01
7.28171e+01 7.50000e+01
7.30077e+01 7.50000e+01
7.31992e+01 7.50000e+01
7.33891e+01 7.50000e+01
7.35892e+01 7.50000e+01
7.37992e+01 7.50000e+01
7.39932e+01 7.50000e+01
7.41851e+01 7.50000e+01
7.43762e+01 7.50000e+01
7.45645e+01 7.50000e+01
7.47537e+01 7.50000e+01
7.49477e+01 7.50000e+01
7.51379e+01 7.50000e+01
7.53271e+01 7.50000e+01
7.55168e+01 7.50000e+01
7.57070e+01 7.50000e+01
7.58999e+01 7.50000e+01
7.60893e+01 7.50000e+01
7.62801e+01 7.50000e+01
7.64690e+01 7.50000e+01
7.66601e+01 7.50000e+01
7.68535e+01 7.50000e+01
7.70450e+01 7.50000e+01
7.72346e+01 7.50000e+01
7.74240e+01 7.50000e+01
7.76124e+01 7.50000e+01
7.78025e+01 7.50000e+01
7.79955e+01 7.50000e+01
7.81873e+01 7.50000e+01
7.83766e+01 7.50000e+01
7.85657e+01 7.50000e+01
7.87550e+01 7.50000e+01
7.89478e+01 7.50000e+01
7.91373e+01 7.50000e+01
7.93267e+01 7.50000e+01
7.95153e+01 7.50000e+01
7.97061e+01 7.50000e+01
7.98990e+01 7.50000e+01
8.00899e+01 7.50000e+01
8.02808e+01 7.50000e+01
8.04700e+01 7.50000e+01
8.06602e+01 7.50000e+01
8.08550e+01 7.50000e+01
8.10452e+01 7.50000e+01
8.12346e+01 7.50000e+01
8.14234e+01 7.50000e+01
8.16123e+01 7.50000e+01
8.18017e+01 7.50000e+01
8.19938e+01 7.50000e+01
8.21827e+01 7.50000e+01
8.23734e+01 7.50000e+01
8.25628e+01 7.50000e+01
8.27527e+01 7.50000e+01
8.29453e+01 7.50000e+01
8.31342e+01 7.50000e+01
8.33237e+01 7.50000e+01
8.35151e+01 7.50000e+01
8.37059e+01 7.50000e+01
8.38999e+01 7.50000e+01
8.40903e+01 7.50000e+01
8.42791e+01 7.50000e+01
8.44690e+01 7.50000e+01
8.46605e+01 7.50000e+01
8.48543e+01 7.50000e+01
8.50455e+01 7.50000e+01
8.52358e+01 7.50000e+01
8.54253e+01 7.50000e+01
8.56159e+01 7.50000e+01
8.58065e+01 7.50000e+01
8.60002e+01 7.50000e+01
8.61895e+01 7.50000e+01
8.63807e+01 7.50000e+01
8.65708e+01 7.50000e+01
8.67607e+01 7.50000e+01
8.69527e+01 7.50000e+01
8.71422e+01 7.50000e+01
8.73327e+01 7.50000e+01
8.75237e+01 7.50000e+01
8.77131e+01 7.50000e+01
8.79061e+01 7.50000e+01
8.80964e+01 7.50000e+01
8.82861e+01 7.50000e+01
8.84753e+01 7.50000e+01
8.86852e+01 7.50000e+01
8.88952e+01 7.50000e+01
8.90849e+01 7.50000e+01
8.92751e+01 7.50000e+01
8.94645e+01 7.50000e+01
8.96530e+01 7.50000e+01
8.98452e+01 7.50000e+01
9.00352e+01 7.50000e+01
9.02251e+01 7.50000e+01
9.04173e+01 7.50000e+01
9.06076e+01 7.50000e+01
9.07993e+01 7.50000e+01
9.09923e+01 7.50000e+01
9.11835e+01 7.50000e+01
9.13753e+01 7.50000e+01
9.15657e+01 7.50000e+01
9.17553e+01 7.50000e+01
9.19477e+01 7.50000e+01
9.21384e+01 7.50000e+01
9.23279e+01 7.50000e+01
9.25176e+01 7.50000e+01
9.27081e+01 7.50000e+01
9.29016e+01 7.50000e+01
9.30941e+01 7.50000e+01
9.32848e+01 7.50000e+01
9.34822e+01 7.50000e+01
9.36765e+01 7.50000e+01
9.38712e+01 7.50000e+01
9.40625e+01 7.50000e+01
9.42535e+01 7.50000e+01
9.44438e+01 7.50000e+01
9.46350e+01 7.50000e+01
9.48302e+01 7.50000e+01
9.50225e+01 7.50000e+01
9.52133e+01 7.50000e+01
9.54040e+01 7.50000e+01
9.55947e+01 7.50000e+01
9.57853e+01 7.50000e+01
9.59797e+01 7.50000e+01
9.61718e+01 7.50000e+01
9.63625e+01 7.50000e+01
9.65542e+01 7.50000e+01
9.67444e+01 7.50000e+01
9.69388e+01 7.50000e+01
9.71303e+01 7.50000e+01
9.73215e+01 7.50000e+01
9.75106e+01 7.50000e+01
9.77018e+01 7.50000e+01
9.78955e+01 7.50000e+01
9.80863e+01 7.50000e+01
9.82760e+01 7.50000e+01
9.84664e+01 7.50000e+01
9.86576e+01 7.50000e+01
9.88516e+01 7.50000e+01
9.90436e+01 7.50000e+01
9.92331e+01 7.50000e+01
9.94249e+01 7.50000e+01
9.96173e+01 7.50000e+01
9.98087e+01 7.50000e+01
1.00007e+02 7.50000e+01
1.00199e+02 7.50000e+01
1.00389e+02 7.50000e+01
1.00580e+02 7.50000e+01
1.00771e+02 7.50000e+01
1.00965e+02 7.50000e+01
1.01156e+02 7.50000e+01
1.01348e+02 7.50000e+01
1.01540e+02 7.50000e+01
1.01732e+02 7.50000e+01
1.01928e+02 7.50000e+01
1.02119e+02 7.50000e+01
1.02309e+02 7.50000e+01
1.02499e+02 7.50000e+01
1.02687e+02 7.50000e+01
1.02881e+02 7.50000e+01
1.03073e+02 7.50000e+01
1.03262e+02 7.50000e+01
1.03453e+02 7.50000e+01
1.03659e+02 7.50000e+01
1.03866e+02 7.50000e+01
1.04056e+02 7.50000e+01
1.04248e+02 7.50000e+01
1.04439e+02 7.50000e+01
1.04629e+02 7.50000e+01
1.04822e+02 7.50000e+01
1.05016e+02 7.50000e+01
1.05207e+02 7.50000e+01
1.05398e+02 7.50000e+01
1.05589e+02 7.50000e+01
1.05781e+02 7.50000e+01
1.05975e+02 7.50000e+01
1.06165e+02 7.50000e+01
1.06357e+02 7.50000e+01
1.06548e+02 7.50000e+01
1.06738e+02 7.50000e+01
1.06934e+02 7.50000e+01
1.07125e+02 7.50000e+01
1.07317e+02 7.50000e+01
1.07507e+02 7.50000e+01
1.07699e+02 7.50000e+01
1.07893e+02 7.50000e+01
1.08089e+02 7.50000e+01
1.08288e+02 7.50000e+01
1.08480e+02 7.50000e+01
1.08671e+02 7.50000e+01
1.08867e+02 7.50000e+01
1.09059e+02 7.50000e+01
1.09249e+02 7.50000e+01
1.09439e+02 7.50000e+01
1.09630e+02 7.50000e+01
1.09822e+02 7.50000e+01
1.10016e+02 7.50000e+01
1.10206e+02 7.50000e+01
1.10397e+02 7.50000e+01
1.10587e+02 7.50000e+01
1.10777e+02 7.50000e+01
1.10969e+02 7.50000e+01
1.11160e+02 7.50000e+01
1.11351e+02 7.50000e+01
1.11541e+02 7.50000e+01
1.11732e+02 7.50000e+01
1.11926e+02 7.50000e+01
1.12116e+02 7.50000e+01
1.12306e+02 7.50000e+01
1.12496e+02 7.50000e+01
1.12687e+02 7.50000e+01
1.12880e+02 7.50000e+01
1.13070e+02 7.50000e+01
1.13259e+02 7.50000e+01
1.13451e+02 7.50000e+01
1.13640e+02 7.50000e+01
1.13832e+02 7.50000e+01
1.14026e+02 7.50000e+01
1.14215e+02 7.50000e+01
1.14404e+02 7.50000e+01
1.14595e+02 7.50000e+01
1.14786e+02 7.50000e+01
1.14979e+02 7.50000e+01
1.15170e+02 7.50000e+01
1.15359e+02 7.50000e+01
1.15548e+02 7.50000e+01
1.15738e+02 7.50000e+01
1.15929e+02 7.50000e+01
1.16119e+02 7.50000e+01
1.16310e+02 7.50000e+01
1.16500e+02 7.50000e+01
1.16688e+02 7.50000e+01
1.16882e+02 7.50000e+01
1.17074e+02 7.50000e+01
1.17264e+02 7.50000e+01
1.17454e+02 7.50000e+01
1.17643e+02 7.50000e+01
1.17832e+02 7.50000e+01
1.18027e+02 7.50000e+01
1.18217e+02 7.50000e+01
1.18408e+02 7.50000e+01
1.18608e+02 7.50000e+01
1.18799e+02 7.50000e+01
1.18992e+02 7.50000e+01
1.19182e+02 7.50000e+01
1.19376e+02 7.50000e+01
1.19575e+02 7.50000e+01
1.19766e+02 7.50000e+01
1.19960e+02 7.50000e+01
1.20151e+02 7.50000e+01
1.20341e+02 7.50000e+01
1.20531e+02 7.50000e+01
1.20722e+02 7.50000e+01
1.20915e+02 7.50000e+01
1.21106e+02 7.50000e+01
1.21295e+02 7.50000e+01
1.21486e+02 7.50000e+01
1.21675e+02 7.50000e+01
1.21867e+02 7.50000e+01
1.22061e+02 7.50000e+01
1.22252e+02 7.50000e+01
1.22442e+02 7.50000e+01
1.22632e+02 7.50000e+01
1.22823e+02 7.50000e+01
1.23015e+02 7.50000e+01
1.23210e+02 7.50000e+01
1.23402e+02 7.50000e+01
1.23592e+02 7.50000e+01
1.23784e+02 7.50000e+01
1.23979e+02 7.50000e+01
1.24169e+02 7.50000e+01
1.24360e+02 7.50000e+01
1.24550e+02 7.50000e+01
1.24740e+02 7.50000e+01
1.24934e+02 7.50000e+01
1.25124e+02 7.50000e+01
1.25314e+02 7.50000e+01
1.25505e+02 7.50000e+01
1.25696e+02 7.50000e+01
1.25888e+02 7.50000e+01
1.26079e+02 7.50000e+01
1.26269e+02 7.50000e+01
1.26460e+02 7.50000e+01
1.26650e+02 7.50000e+01
1.26840e+02 7.50000e+01
1.27033e+02 7.50000e+01
1.27223e+02 7.50000e+01
1.27413e+02 7.50000e+01
1.27604e+02 7.50000e+01
1.27795e+02 7.50000e+01
1.27989e+02 7.50000e+01
1.28180e+02 7.50000e+01
1.28371e+02 7.50000e+01
1.28562e+02 7.50000e+01
1.28752e+02 7.50000e+01
1.28946e+02 7.50000e+01
1.29137e+02 7.50000e+01
1.29327e+02 7.50000e+01
1.29520e+02 7.50000e+01
1.29709e+02 7.50000e+01
1.29902e+02 7.50000e+01
1.30092e+02 7.50000e+01
1.30282e+02 7.50000e+01
1.30471e+02 7.50000e+01
1.30662e+02 7.50000e+01
1.30854e+02 7.50000e+01
1.31049e+02 7.50000e+01
1.31240e+02 7.50000e+01
1.31430e+02 7.50000e+01
1.31620e+02 7.50000e+01
1.31811e+02 7.50000e+01
1.32005e+02 7.50000e+01
1.32196e+02 7.50000e+01
1.32387e+02 7.50000e+01
1.32579e+02 7.50000e+01
1.32769e+02 7.50000e+01
1.32963e+02 7.50000e+01
1.33154e+02 7.50000e+01
1.33344e+02 7.50000e+01
1.33535e+02 7.50000e+01
1.33752e+02 7.50000e+01
1.33953e+02 7.50000e+01
1.34144e+02 7.50000e+01
1.34335e+02 7.50000e+01
1.34526e+02 7.50000e+01
1.34715e+02 7.50000e+01
1.34907e+02 7.50000e+01
1.35098e+02 7.50000e+01
1.35289e+02 7.50000e+01
1.35479e+02 7.50000e+01
1.35669e+02 7.50000e+01
1.35859e+02 7.50000e+01
1.36053e+02 7.50000e+01
1.36243e+02 7.50000e+01
1.36433e+02 7.50000e+01
1.36623e+02 7.50000e+01
1.36814e+02 7.50000e+01
1.37009e+02 7.50000e+01
1.37200e+02 7.50000e+01
1.37391e+02 7.50000e+01
1.37582e+02 7.50000e+01
1.37773e+02 7.50000e+01
1.37968e+02 7.50000e+01
1.38159e+02 7.50000e+01
1.38348e+02 7.50000e+01
1.38537e+02 7.50000e+01
1.38727e+02 7.50000e+01
1.38920e+02 7.50000e+01
1.39110e+02 7.50000e+01
1.39301e+02 7.50000e+01
1.39494e+02 7.50000e+01
1.39686e+02 7.50000e+01
1.39878e+02 7.50000e+01
1.40072e+02 7.50000e+01
1.40263e+02 7.50000e+01
1.40454e+02 7.50000e+01
1.40644e+02 7.50000e+01
1.40835e+02 7.50000e+01
1.41029e+02 7.50000e+01
1.41217e+02 7.50000e+01
1.41407e+02 7.50000e+01
1.41596e+02 7.50000e+01
1.41785e+02 7.50000e+01
1.41978e+02 7.50000e+01
1.42169e+02 7.50000e+01
1.42360e+02 7.50000e+01
1.42551e+02 7.50000e+01
1.42743e+02 7.50000e+01
1.42937e+02 7.50000e+01
1.43128e+02 7.50000e+01
1.43319e+02 7.50000e+01
1.43509e+02 7.50000e+01
1.43699e+02 7.50000e+01
1.43890e+02 7.50000e+01
1.44082e+02 7.50000e+01
1.44271e+02 7.50000e+01
1.44461e+02 7.50000e+01
1.44651e+02 7.50000e+01
1.44841e+02 7.50000e+01
1.45033e+02 7.50000e+01
1.45222e+02 7.50000e+01
1.45410e+02 7.50000e+01
1.45599e+02 7.50000e+01
1.45790e+02 7.50000e+01
1.45984e+02 7.50000e+01
1.46173e+02 7.50000e+01
1.46363e+02 7.50000e+01
1.46553e+02 7.50000e+01
1.46742e+02 7.50000e+01
1.46935e+02 7.50000e+01
1.47125e+02 7.50000e+01
1.47314e+02 7.50000e+01
1.47504e+02 7.50000e+01
1.47693e+02 7.50000e+01
1.47885e+02 7.50000e+01
1.48079e+02 7.50000e+01
1.48269e+02 7.50000e+01
1.48459e+02 7.50000e+01
1.48666e+02 7.50000e+01
1.48867e+02 7.50000e+01
1.49061e+02 7.50000e+01
1.49252e+02 7.50000e+01
1.49441e+02 7.50000e+01
1.49630e+02 7.50000e+01
1.49821e+02 7.50000e+01
1.50013e+02 7.50000e+01
1.50203e+02 7.50000e+01
1.50393e+02 7.50000e+01
1.50585e+02 7.50000e+01
1.50775e+02 7.50000e+01
1.50968e+02 7.50000e+01
1.51159e+02 7.50000e+01
1.51349e+02 7.50000e+01
1.51539e+02 7.50000e+01
1.51730e+02 7.50000e+01
1.51925e+02 7.50000e+01
1.52115e+02 7.50000e+01
1.52304e+02 7.50000e+01
1.52494e+02 7.50000e+01
1.52684e+02 7.50000e+01
1.52874e+02 7.50000e+01
1.53069e+02 7.50000e+01
1.53261e+02 7.50000e+01
1.53456e+02 7.50000e+01
1.53653e+02 7.50000e+01
1.53844e+02 7.50000e+01
1.54037e+02 7.50000e+01
1.54229e+02 7.50000e+01
1.54420e+02 7.50000e+01
1.54612e+02 7.50000e+01
1.54803e+02 7.50000e+01
1.54997e+02 7.50000e+01
1.55189e+02 7.50000e+01
1.55380e+02 7.50000e+01
1.55570e+02 7.50000e+01
1.55760e+02 7.50000e+01
1.55953e+02 7.50000e+01
1.56143e+02 7.50000e+01
1.56332e+02 7.50000e+01
1.56523e+02 7.50000e+01
1.56713e+02 7.50000e+01
1.56904e+02 7.50000e+01
1.57097e+02 7.50000e+01
1.57286e+02 7.50000e+01
1.57477e+02 7.50000e+01
1.57667e+02 7.50000e+01
1.57857e+02 7.50000e+01
1.58049e+02 7.50000e+01
1.58238e+02 7.50000e+01
1.58428e+02 7.50000e+01
1.58618e+02 7.50000e+01
1.58809e+02 7.50000e+01
1.59001e+02 7.50000e+01
1.59191e+02 7.50000e+01
1.59381e+02 7.50000e+01
1.59572e+02 7.50000e+01
1.59762e+02 7.50000e+01
1.59957e+02 7.50000e+01
1.60151e+02 7.50000e+01
1.60342e+02 7.50000e+01
1.60532e+02 7.50000e+01
1.60725e+02 7.50000e+01
1.60916e+02 7.50000e+01
1.61108e+02 7.50000e+01
1.61301e+02 7.50000e+01
1.61491e+02 7.50000e+01
1.61682e+02 7.50000e+01
1.61872e+02 7.50000e+01
1.62066e+02 7.50000e+01
1.62256e+02 7.50000e+01
1.62446e+02 7.50000e+01
1.62634e+02 7.50000e+01
1.62825e+02 7.50000e+01
1.63017e+02 7.50000e+01
1.63206e+02 7.50000e+01
1.63396e+02 7.50000e+01
1.63595e+02 7.50000e+01
1.63800e+02 7.50000e+01
1.63996e+02 7.50000e+01
1.64185e+02 7.50000e+01
1.64374e+02 7.50000e+01
1.64564e+02 7.50000e+01
1.64753e+02 7.50000e+01
1.64946e+02 7.50000e+01
1.65138e+02 7.50000e+01
1.65328e+02 7.50000e+01
1.65518e+02 7.50000e+01
1.65708e+02 7.50000e+01
1.65897e+02 7.50000e+01
1.66090e+02 7.50000e+01
1.66281e+02 7.50000e+01
1.66469e+02 7.50000e+01
1.66657e+02 7.50000e+01
1.66847e+02 7.50000e+01
1.67039e+02 7.50000e+01
1.67229e+02 7.50000e+01
1.67419e+02 7.50000e+01
1.67608e+02 7.50000e+01
1.67798e+02 7.50000e+01
1.67990e+02 7.50000e+01
1.68190e+02 7.50000e+01
1.68378e+02 7.50000e+01
1.68571e+02 7.50000e+01
1.68762e+02 7.50000e+01
1.68957e+02 7.50000e+01
1.69148e+02 7.50000e+01
1.69336e+02 7.50000e+01
1.69525e+02 7.50000e+01
1.69716e+02 7.50000e+01
1.69905e+02 7.50000e+01
1.70096e+02 7.50000e+01
1.70287e+02 7.50000e+01
1.70477e+02 7.50000e+01
1.70665e+02 7.50000e+01
1.70856e+02 7.50000e+01
1.71049e+02 7.50000e+01
1.71238e+02 7.50000e+01
1.71428e+02 7.50000e+01
1.71618e+02 7.50000e+01
1.71808e+02 7.50000e+01
1.72003e+02 7.50000e+01
1.72194e+02 7.50000e+01
1.72384e+02 7.50000e+01
1.72574e+02 7.50000e+01
1.72763e+02 7.50000e+01
1.72955e+02 7.50000e+01
1.73148e+02 7.50000e+01
1.73338e+02 7.50000e+01
1.73529e+02 7.50000e+01
1.73720e+02 7.50000e+01
1.73911e+02 7.50000e+01
1.74105e+02 7.50000e+01
1.74296e+02 7.50000e+01
1.74485e+02 7.50000e+01
1.74675e+02 7.50000e+01
1.74866e+02 7.50000e+01
1.75058e+02 7.50000e+01
1.75249e+02 7.50000e+01
1.75441e+02 7.50000e+01
1.75632e+02 7.50000e+01
1.75824e+02 7.50000e+01
1.76017e+02 7.50000e+01
1.76207e+02 7.50000e+01
1.76397e+02 7.50000e+01
1.76587e+02 7.50000e+01
1.76777e+02 7.50000e+01
1.76969e+02 7.50000e+01
1.77161e+02 7.50000e+01
1.77352e+02 7.50000e+01
1.77541e+02 7.50000e+01
1.77732e+02 7.50000e+01
1.77922e+02 7.50000e+01
1.78115e+02 7.50000e+01
1.78305e+02 7.50000e+01
1.78494e+02 7.50000e+01
1.78702e+02 7.50000e+01
1.78899e+02 7.50000e+01
1.79092e+02 7.50000e+01
1.79283e+02 7.50000e+01
1.79473e+02 7.50000e+01
1.79661e+02 7.50000e+01
1.79851e+02 7.50000e+01
1.80045e+02 7.50000e+01
1.80236e+02 7.50000e+01
1.80427e+02 7.50000e+01
1.80619e+02 7.50000e+01
1.80808e+02 7.50000e+01
1.81000e+02 7.50000e+01
1.81190e+02 7.50000e+01
1.81379e+02 7.50000e+01
1.81570e+02 7.50000e+01
1.81760e+02 7.50000e+01
1.81951e+02 7.50000e+01
1.82144e+02 7.50000e+01
1.82336e+02 7.50000e+01
1.82527e+02 7.50000e+01
1.82716e+02 7.50000e+01
1.82905e+02 7.50000e+01
1.83102e+02 7.50000e+01
1.83306e+02 7.50000e+01
1.83496e+02 7.50000e+01
1.83686e+02 7.50000e+01
1.83876e+02 7.50000e+01
1.84068e+02 7.50000e+01
1.84259e+02 7.50000e+01
1.84449e+02 7.50000e+01
1.84640e+02 7.50000e+01
1.84828e+02 7.50000e+01
1.85020e+02 7.50000e+01
1.85212e+02 7.50000e+01
1.85402e+02 7.50000e+01
1.85592e+02 7.50000e+01
1.85782e+02 7.50000e+01
1.85974e+02 7.50000e+01
1.86164e+02 7.50000e+01
1.86354e+02 7.50000e+01
1.86543e+02 7.50000e+01
1.86731e+02 7.50000e+01
1.86921e+02 7.50000e+01
1.87112e+02 7.50000e+01
1.87302e+02 7.50000e+01
1.87493e+02 7.50000e+01
1.87683e+02 7.50000e+01
1.87873e+02 7.50000e+01
1.88065e+02 7.50000e+01
1.88255e+02 7.50000e+01
1.88444e+02 7.50000e+01
1.88636e+02 7.50000e+01
1.88827e+02 7.50000e+01
1.89020e+02 7.50000e+01
1.89210e+02 7.50000e+01
1.89400e+02 7.50000e+01
1.89590e+02 7.50000e+01
1.89780e+02 7.50000e+01
1.89973e+02 7.50000e+01
1.90165e+02 7.50000e+01
1.90354e+02 7.50000e+01
1.90544e+02 7.50000e+01
1.90734e+02 7.50000e+01
1.90924e+02 7.50000e+01
1.91118e+02 7.50000e+01
