1.99650e-02 6.85000e+02
2.14894e-01 5.08000e+02
4.11450e-01 3.93000e+02
6.04057e-01 4.00000e+02
7.97334e-01 2.84000e+02
9.88726e-01 2.86000e+02
1.17958e+00 3.27000e+02
1.37450e+00 3.25000e+02
1.56751e+00 3.32000e+02
1.75849e+00 3.29000e+02
1.95045e+00 2.89000e+02
2.14098e+00 2.67000e+02
2.33431e+00 2.72000e+02
2.52452e+00 2.37000e+02
2.71550e+00 2.56000e+02
2.90656e+00 1.90000e+02
3.10653e+00 2.13000e+02
3.31344e+00 2.60000e+02
3.51208e+00 2.05000e+02
3.70090e+00 1.88000e+02
3.89113e+00 2.42000e+02
4.08090e+00 1.98000e+02
4.27083e+00 2.07000e+02
4.46276e+00 2.37000e+02
4.65486e+00 2.14000e+02
4.84487e+00 1.69000e+02
5.03494e+00 1.99000e+02
5.22545e+00 2.43000e+02
5.41941e+00 2.10000e+02
5.61034e+00 2.37000e+02
5.80037e+00 2.36000e+02
5.99142e+00 2.37000e+02
6.18318e+00 2.57000e+02
6.37824e+00 2.46000e+02
6.56847e+00 1.99000e+02
6.75911e+00 1.97000e+02
6.95084e+00 2.22000e+02
7.14166e+00 2.49000e+02
7.33077e+00 2.42000e+02
7.52384e+00 2.60000e+02
7.72743e+00 2.73000e+02
7.92491e+00 2.11000e+02
8.11341e+00 2.30000e+02
8.30413e+00 2.78000e+02
8.49672e+00 2.46000e+02
8.68714e+00 2.44000e+02
8.87713e+00 2.15000e+02
9.06842e+00 2.18000e+02
9.25754e+00 1.70000e+02
9.45089e+00 2.00000e+02
9.63957e+00 1.73000e+02
9.83008e+00 1.70000e+02
1.00197e+01 1.96000e+02
1.02090e+01 1.72000e+02
1.04013e+01 1.69000e+02
1.05908e+01 2.19000e+02
1.07807e+01 1.90000e+02
1.09703e+01 1.71000e+02
1.11598e+01 1.47000e+02
1.13528e+01 1.59000e+02
1.15421e+01 2.09000e+02
1.17325e+01 1.40000e+02
1.19219e+01 1.45000e+02
1.21119e+01 1.16000e+02
1.22998e+01 1.36000e+02
1.24911e+01 1.04000e+02
1.26799e+01 1.00000e+02
1.28688e+01 9.80000e+01
1.30583e+01 7.90000e+01
1.32476e+01 7.50000e+01
1.34400e+01 1.15000e+02
1.36299e+01 1.24000e+02
1.38186e+01 9.20000e+01
1.40073e+01 1.04000e+02
1.41967e+01 1.04000e+02
1.43888e+01 1.10000e+02
1.45781e+01 9.40000e+01
1.47689e+01 5.70000e+01
1.49583e+01 5.00000e+01
1.51478e+01 6.00000e+01
1.53368e+01 5.20000e+01
1.55288e+01 5.20000e+01
1.57183e+01 5.20000e+01
1.59084e+01 5.20000e+01
1.60973e+01 5.20000e+01
1.62853e+01 5.20000e+01
1.64769e+01 5.20000e+01
1.66655e+01 5.20000e+01
1.68542e+01 5.20000e+01
1.70430e+01 5.20000e+01
1.72306e+01 5.20000e+01
1.74226e+01 5.20000e+01
1.76137e+01 5.20000e+01
1.78022e+01 5.20000e+01
1.79919e+01 5.20000e+01
1.82022e+01 5.20000e+01
1.84139e+01 5.20000e+01
1.86043e+01 5.20000e+01
1.87947e+01 5.20000e+01
1.89851e+01 5.20000e+01
1.91762e+01 5.20000e+01
1.93710e+01 5.20000e+01
1.95609e+01 5.20000e+01
1.97511e+01 5.20000e+01
1.99408e+01 5.20000e+01
2.01316e+01 5.20000e+01
2.03219e+01 5.20000e+01
2.05139e+01 5.20000e+01
2.07037e+01 5.20000e+01
2.08945e+01 5.20000e+01
2.10852e+01 5.20000e+01
2.12754e+01 5.20000e+01
2.14700e+01 5.20000e+01
2.16604e+01 5.20000e+01
2.18495e+01 5.20000e+01
2.20384e+01 5.20000e+01
2.22258e+01 5.20000e+01
2.24174e+01 5.20000e+01
2.26069e+01 5.20000e+01
2.27964e+01 5.20000e+01
2.29845e+01 5.20000e+01
2.31736e+01 5.20000e+01
2.33659e+01 5.20000e+01
2.35549e+01 5.20000e+01
2.37441e+01 5.20000e+01
2.39337e+01 5.20000e+01
2.41232e+01 5.20000e+01
2.43131e+01 5.20000e+01
2.45062e+01 5.20000e+01
2.46967e+01 5.20000e+01
2.48874e+01 5.20000e+01
2.50770e+01 5.20000e+01
2.52662e+01 5.20000e+01
2.54590e+01 5.20000e+01
2.56488e+01 5.20000e+01
2.58384e+01 5.20000e+01
2.60280e+01 5.20000e+01
2.62166e+01 5.20000e+01
2.64093e+01 5.20000e+01
2.65983e+01 5.20000e+01
2.67871e+01 5.20000e+01
2.69791e+01 5.20000e+01
2.71686e+01 5.20000e+01
2.73589e+01 5.20000e+01
2.75500e+01 5.20000e+01
2.77380e+01 5.20000e+01
2.79270e+01 5.20000e+01
2.81153e+01 5.20000e+01
2.83045e+01 5.20000e+01
2.84964e+01 5.20000e+01
2.86855e+01 5.20000e+01
2.88748e+01 5.20000e+01
2.90626e+01 5.20000e+01
2.92525e+01 5.20000e+01
2.94455e+01 5.20000e+01
2.96360e+01 5.20000e+01
2.98248e+01 5.20000e+01
3.00135e+01 5.20000e+01
3.02041e+01 5.20000e+01
3.03970e+01 5.20000e+01
3.05873e+01 5.20000e+01
3.07784e+01 5.20000e+01
3.09694e+01 5.20000e+01
3.11603e+01 5.20000e+01
3.13495e+01 5.20000e+01
3.15421e+01 5.20000e+01
3.17305e+01 5.20000e+01
3.19207e+01 5.20000e+01
3.21102e+01 5.20000e+01
3.22988e+01 5.20000e+01
3.24932e+01 5.20000e+01
3.26834e+01 5.20000e+01
3.28730e+01 5.20000e+01
3.30655e+01 5.20000e+01
3.32802e+01 5.20000e+01
3.34785e+01 5.20000e+01
3.36691e+01 5.20000e+01
3.38600e+01 5.20000e+01
3.40486e+01 5.20000e+01
3.42371e+01 5.20000e+01
3.44301e+01 5.20000e+01
3.46195e+01 5.20000e+01
3.48094e+01 5.20000e+01
3.49995e+01 5.20000e+01
3.51895e+01 5.20000e+01
3.53823e+01 5.20000e+01
3.55728e+01 5.20000e+01
3.57627e+01 5.20000e+01
3.59534e+01 5.20000e+01
3.61417e+01 5.20000e+01
3.63308e+01 5.20000e+01
3.65246e+01 5.20000e+01
3.67156e+01 5.20000e+01
3.69064e+01 5.20000e+01
3.70960e+01 5.20000e+01
3.72840e+01 5.20000e+01
3.74765e+01 5.20000e+01
3.76674e+01 5.20000e+01
3.78576e+01 5.20000e+01
3.80466e+01 5.20000e+01
3.82368e+01 5.20000e+01
3.84312e+01 5.20000e+01
3.86217e+01 5.20000e+01
3.88119e+01 5.20000e+01
3.90016e+01 5.20000e+01
3.91922e+01 5.20000e+01
3.93848e+01 5.20000e+01
3.95740e+01 5.20000e+01
3.97649e+01 5.20000e+01
3.99556e+01 5.20000e+01
4.01435e+01 5.20000e+01
4.03331e+01 5.20000e+01
4.05268e+01 5.20000e+01
4.07181e+01 5.20000e+01
4.09079e+01 5.20000e+01
4.10966e+01 5.20000e+01
4.12850e+01 5.20000e+01
4.14771e+01 5.20000e+01
4.16659e+01 5.20000e+01
4.18542e+01 5.20000e+01
4.20439e+01 5.20000e+01
4.22337e+01 5.20000e+01
4.24264e+01 5.20000e+01
4.26157e+01 5.20000e+01
4.28044e+01 5.20000e+01
4.29948e+01 5.20000e+01
4.31852e+01 5.20000e+01
4.33745e+01 5.20000e+01
4.35672e+01 5.20000e+01
4.37554e+01 5.20000e+01
4.39442e+01 5.20000e+01
4.41333e+01 5.20000e+01
4.43227e+01 5.20000e+01
4.45192e+01 5.20000e+01
4.47083e+01 5.20000e+01
4.48970e+01 5.20000e+01
4.50864e+01 5.20000e+01
4.52763e+01 5.20000e+01
4.54686e+01 5.20000e+01
4.56580e+01 5.20000e+01
4.58460e+01 5.20000e+01
4.60351e+01 5.20000e+01
4.62234e+01 5.20000e+01
4.64148e+01 5.20000e+01
4.66051e+01 5.20000e+01
4.67957e+01 5.20000e+01
4.69859e+01 5.20000e+01
4.71749e+01 5.20000e+01
4.73651e+01 5.20000e+01
4.75582e+01 5.20000e+01
4.77488e+01 5.20000e+01
4.79394e+01 5.20000e+01
4.81436e+01 5.20000e+01
4.83497e+01 5.20000e+01
4.85422e+01 5.20000e+01
4.87321e+01 5.20000e+01
4.89214e+01 5.20000e+01
4.91101e+01 5.20000e+01
4.92990e+01 5.20000e+01
4.94906e+01 5.20000e+01
4.96806e+01 5.20000e+01
4.98707e+01 5.20000e+01
5.00615e+01 5.20000e+01
5.02525e+01 5.20000e+01
5.04446e+01 5.20000e+01
5.06337e+01 5.20000e+01
5.08234e+01 5.20000e+01
5.10119e+01 5.20000e+01
5.12008e+01 5.20000e+01
5.13892e+01 5.20000e+01
5.15784e+01 5.20000e+01
5.17670e+01 5.20000e+01
5.19554e+01 5.20000e+01
5.21446e+01 5.20000e+01
5.23343e+01 5.20000e+01
5.25269e+01 5.20000e+01
5.27295e+01 5.20000e+01
5.29188e+01 5.20000e+01
5.31101e+01 5.20000e+01
5.33004e+01 5.20000e+01
5.34931e+01 5.20000e+01
5.36836e+01 5.20000e+01
5.38730e+01 5.20000e+01
5.40628e+01 5.20000e+01
5.42523e+01 5.20000e+01
5.44449e+01 5.20000e+01
5.46345e+01 5.20000e+01
5.48256e+01 5.20000e+01
5.50163e+01 5.20000e+01
5.52052e+01 5.20000e+01
5.53945e+01 5.20000e+01
5.55857e+01 5.20000e+01
5.57743e+01 5.20000e+01
5.59640e+01 5.20000e+01
5.61530e+01 5.20000e+01
5.63415e+01 5.20000e+01
5.65344e+01 5.20000e+01
5.67242e+01 5.20000e+01
5.69142e+01 5.20000e+01
5.71044e+01 5.20000e+01
5.72943e+01 5.20000e+01
5.74878e+01 5.20000e+01
5.76776e+01 5.20000e+01
5.78667e+01 5.20000e+01
5.80558e+01 5.20000e+01
5.82459e+01 5.20000e+01
5.84373e+01 5.20000e+01
5.86269e+01 5.20000e+01
5.88162e+01 5.20000e+01
5.90059e+01 5.20000e+01
5.91949e+01 5.20000e+01
5.93856e+01 5.20000e+01
5.95775e+01 5.20000e+01
5.97668e+01 5.20000e+01
5.99558e+01 5.20000e+01
6.01462e+01 5.20000e+01
6.03359e+01 5.20000e+01
6.05272e+01 5.20000e+01
6.07178e+01 5.20000e+01
6.09065e+01 5.20000e+01
6.10956e+01 5.20000e+01
6.12863e+01 5.20000e+01
6.14789e+01 5.20000e+01
6.16701e+01 5.20000e+01
6.18589e+01 5.20000e+01
6.20486e+01 5.20000e+01
6.22373e+01 5.20000e+01
6.24291e+01 5.20000e+01
6.26204e+01 5.20000e+01
6.28121e+01 5.20000e+01
6.30022e+01 5.20000e+01
6.32052e+01 5.20000e+01
6.33956e+01 5.20000e+01
6.35895e+01 5.20000e+01
6.37794e+01 5.20000e+01
6.39691e+01 5.20000e+01
6.41601e+01 5.20000e+01
6.43506e+01 5.20000e+01
6.45449e+01 5.20000e+01
6.47364e+01 5.20000e+01
6.49262e+01 5.20000e+01
6.51174e+01 5.20000e+01
6.53086e+01 5.20000e+01
6.55029e+01 5.20000e+01
6.56937e+01 5.20000e+01
6.58837e+01 5.20000e+01
6.60728e+01 5.20000e+01
6.62625e+01 5.20000e+01
6.64557e+01 5.20000e+01
6.66478e+01 5.20000e+01
6.68397e+01 5.20000e+01
6.70307e+01 5.20000e+01
6.72207e+01 5.20000e+01
6.74113e+01 5.20000e+01
6.76093e+01 5.20000e+01
6.78059e+01 5.20000e+01
6.79947e+01 5.20000e+01
6.81851e+01 5.20000e+01
6.83751e+01 5.20000e+01
6.85698e+01 5.20000e+01
6.87606e+01 5.20000e+01
6.89496e+01 5.20000e+01
6.91405e+01 5.20000e+01
6.93309e+01 5.20000e+01
6.95243e+01 5.20000e+01
6.97150e+01 5.20000e+01
6.99045e+01 5.20000e+01
7.00932e+01 5.20000e+01
7.02839e+01 5.20000e+01
7.04796e+01 5.20000e+01
7.06707e+01 5.20000e+01
7.08623e+01 5.20000e+01
7.10529e+01 5.20000e+01
7.12426e+01 5.20000e+01
7.14359e+01 5.20000e+01
7.16261e+01 5.20000e+01
7.18147e+01 5.20000e+01
7.20040e+01 5.20000e+01
7.21942e+01 5.20000e+01
7.23860e+01 5.20000e+01
7.25800e+01 5.20000e+01
7.27701e+01 5.20000e+01
7.29608e+01 5.20000e+01
7.31521e+01 5.20000e+01
7.33438e+01 5.20000e+01
7.35377e+01 5.20000e+01
7.37269e+01 5.20000e+01
7.39173e+01 5.20000e+01
7.41074e+01 5.20000e+01
7.42978e+01 5.20000e+01
7.44894e+01 5.20000e+01
7.46799e+01 5.20000e+01
7.48701e+01 5.20000e+01
7.50605e+01 5.20000e+01
7.52503e+01 5.20000e+01
7.54442e+01 5.20000e+01
7.56349e+01 5.20000e+01
7.58253e+01 5.20000e+01
7.60152e+01 5.20000e+01
7.62059e+01 5.20000e+01
7.63955e+01 5.20000e+01
7.65898e+01 5.20000e+01
7.67800e+01 5.20000e+01
7.69712e+01 5.20000e+01
7.71612e+01 5.20000e+01
7.73511e+01 5.20000e+01
7.75434e+01 5.20000e+01
7.77321e+01 5.20000e+01
7.79221e+01 5.20000e+01
7.81248e+01 5.20000e+01
7.83242e+01 5.20000e+01
7.85167e+01 5.20000e+01
7.87067e+01 5.20000e+01
7.88964e+01 5.20000e+01
7.90859e+01 5.20000e+01
7.92746e+01 5.20000e+01
7.94662e+01 5.20000e+01
7.96573e+01 5.20000e+01
7.98468e+01 5.20000e+01
8.00360e+01 5.20000e+01
8.02277e+01 5.20000e+01
8.04169e+01 5.20000e+01
8.06098e+01 5.20000e+01
8.08004e+01 5.20000e+01
8.09912e+01 5.20000e+01
8.11825e+01 5.20000e+01
8.13714e+01 5.20000e+01
8.15651e+01 5.20000e+01
8.17565e+01 5.20000e+01
8.19459e+01 5.20000e+01
8.21356e+01 5.20000e+01
8.23259e+01 5.20000e+01
8.25205e+01 5.20000e+01
8.27131e+01 5.20000e+01
8.29027e+01 5.20000e+01
8.30925e+01 5.20000e+01
8.32827e+01 5.20000e+01
8.34763e+01 5.20000e+01
8.36666e+01 5.20000e+01
8.38575e+01 5.20000e+01
8.40474e+01 5.20000e+01
8.42390e+01 5.20000e+01
8.44311e+01 5.20000e+01
8.46250e+01 5.20000e+01
8.48160e+01 5.20000e+01
8.50059e+01 5.20000e+01
8.51958e+01 5.20000e+01
8.53849e+01 5.20000e+01
8.55774e+01 5.20000e+01
8.57686e+01 5.20000e+01
8.59592e+01 5.20000e+01
8.61499e+01 5.20000e+01
8.63403e+01 5.20000e+01
8.65338e+01 5.20000e+01
8.67253e+01 5.20000e+01
8.69172e+01 5.20000e+01
8.71083e+01 5.20000e+01
8.72985e+01 5.20000e+01
8.74912e+01 5.20000e+01
8.76825e+01 5.20000e+01
8.78736e+01 5.20000e+01
8.80640e+01 5.20000e+01
8.82550e+01 5.20000e+01
8.84464e+01 5.20000e+01
8.86404e+01 5.20000e+01
8.88329e+01 5.20000e+01
8.90243e+01 5.20000e+01
8.92160e+01 5.20000e+01
8.94067e+01 5.20000e+01
8.96010e+01 5.20000e+01
8.97917e+01 5.20000e+01
8.99822e+01 5.20000e+01
9.01736e+01 5.20000e+01
9.03652e+01 5.20000e+01
9.05574e+01 5.20000e+01
9.07482e+01 5.20000e+01
9.09395e+01 5.20000e+01
9.11297e+01 5.20000e+01
9.13202e+01 5.20000e+01
9.15154e+01 5.20000e+01
9.17069e+01 5.20000e+01
9.18975e+01 5.20000e+01
9.20875e+01 5.20000e+01
9.22778e+01 5.20000e+01
9.24707e+01 5.20000e+01
9.26619e+01 5.20000e+01
9.28524e+01 5.20000e+01
9.30417e+01 5.20000e+01
9.32580e+01 5.20000e+01
9.34558e+01 5.20000e+01
9.36485e+01 5.20000e+01
9.38385e+01 5.20000e+01
9.40299e+01 5.20000e+01
9.42213e+01 5.20000e+01
9.44127e+01 5.20000e+01
9.46050e+01 5.20000e+01
9.47979e+01 5.20000e+01
9.49908e+01 5.20000e+01
9.51806e+01 5.20000e+01
9.53700e+01 5.20000e+01
9.55632e+01 5.20000e+01
9.57536e+01 5.20000e+01
9.59443e+01 5.20000e+01
9.61353e+01 5.20000e+01
9.63257e+01 5.20000e+01
9.65178e+01 5.20000e+01
9.67078e+01 5.20000e+01
9.68970e+01 5.20000e+01
9.70853e+01 5.20000e+01
9.72745e+01 5.20000e+01
9.74637e+01 5.20000e+01
9.76555e+01 5.20000e+01
9.78438e+01 5.20000e+01
9.80324e+01 5.20000e+01
9.82216e+01 5.20000e+01
9.84118e+01 5.20000e+01
9.86044e+01 5.20000e+01
9.87942e+01 5.20000e+01
9.89840e+01 5.20000e+01
9.91730e+01 5.20000e+01
9.93618e+01 5.20000e+01
9.95545e+01 5.20000e+01
9.97439e+01 5.20000e+01
9.99330e+01 5.20000e+01
1.00122e+02 5.20000e+01
1.00313e+02 5.20000e+01
1.00506e+02 5.20000e+01
1.00697e+02 5.20000e+01
1.00888e+02 5.20000e+01
1.01077e+02 5.20000e+01
1.01266e+02 5.20000e+01
1.01456e+02 5.20000e+01
1.01649e+02 5.20000e+01
1.01839e+02 5.20000e+01
1.02029e+02 5.20000e+01
1.02219e+02 5.20000e+01
1.02408e+02 5.20000e+01
1.02600e+02 5.20000e+01
1.02790e+02 5.20000e+01
1.02980e+02 5.20000e+01
1.03170e+02 5.20000e+01
1.03359e+02 5.20000e+01
1.03551e+02 5.20000e+01
1.03740e+02 5.20000e+01
1.03929e+02 5.20000e+01
1.04118e+02 5.20000e+01
1.04308e+02 5.20000e+01
1.04504e+02 5.20000e+01
1.04697e+02 5.20000e+01
1.04891e+02 5.20000e+01
1.05082e+02 5.20000e+01
1.05273e+02 5.20000e+01
1.05465e+02 5.20000e+01
1.05662e+02 5.20000e+01
1.05854e+02 5.20000e+01
1.06044e+02 5.20000e+01
1.06234e+02 5.20000e+01
1.06426e+02 5.20000e+01
1.06621e+02 5.20000e+01
1.06814e+02 5.20000e+01
1.07007e+02 5.20000e+01
1.07198e+02 5.20000e+01
1.07390e+02 5.20000e+01
1.07585e+02 5.20000e+01
1.07777e+02 5.20000e+01
1.07968e+02 5.20000e+01
1.08177e+02 5.20000e+01
1.08376e+02 5.20000e+01
1.08571e+02 5.20000e+01
1.08762e+02 5.20000e+01
1.08950e+02 5.20000e+01
1.09139e+02 5.20000e+01
1.09328e+02 5.20000e+01
1.09521e+02 5.20000e+01
1.09711e+02 5.20000e+01
1.09900e+02 5.20000e+01
1.10089e+02 5.20000e+01
1.10280e+02 5.20000e+01
1.10469e+02 5.20000e+01
1.10661e+02 5.20000e+01
1.10850e+02 5.20000e+01
1.11041e+02 5.20000e+01
1.11230e+02 5.20000e+01
1.11420e+02 5.20000e+01
1.11610e+02 5.20000e+01
1.11800e+02 5.20000e+01
1.11989e+02 5.20000e+01
1.12179e+02 5.20000e+01
1.12369e+02 5.20000e+01
1.12560e+02 5.20000e+01
1.12761e+02 5.20000e+01
1.12950e+02 5.20000e+01
1.13138e+02 5.20000e+01
1.13327e+02 5.20000e+01
1.13518e+02 5.20000e+01
1.13708e+02 5.20000e+01
1.13899e+02 5.20000e+01
1.14088e+02 5.20000e+01
1.14280e+02 5.20000e+01
1.14471e+02 5.20000e+01
1.14665e+02 5.20000e+01
1.14855e+02 5.20000e+01
1.15046e+02 5.20000e+01
1.15237e+02 5.20000e+01
1.15427e+02 5.20000e+01
1.15620e+02 5.20000e+01
1.15810e+02 5.20000e+01
1.16000e+02 5.20000e+01
1.16190e+02 5.20000e+01
1.16381e+02 5.20000e+01
1.16575e+02 5.20000e+01
1.16766e+02 5.20000e+01
1.16958e+02 5.20000e+01
1.17149e+02 5.20000e+01
1.17341e+02 5.20000e+01
1.17537e+02 5.20000e+01
1.17727e+02 5.20000e+01
1.17919e+02 5.20000e+01
1.18109e+02 5.20000e+01
1.18299e+02 5.20000e+01
1.18491e+02 5.20000e+01
1.18683e+02 5.20000e+01
1.18873e+02 5.20000e+01
1.19064e+02 5.20000e+01
1.19255e+02 5.20000e+01
1.19446e+02 5.20000e+01
1.19639e+02 5.20000e+01
1.19828e+02 5.20000e+01
1.20018e+02 5.20000e+01
1.20208e+02 5.20000e+01
1.20399e+02 5.20000e+01
1.20592e+02 5.20000e+01
1.20781e+02 5.20000e+01
1.20972e+02 5.20000e+01
1.21162e+02 5.20000e+01
1.21352e+02 5.20000e+01
1.21545e+02 5.20000e+01
1.21734e+02 5.20000e+01
1.21925e+02 5.20000e+01
1.22115e+02 5.20000e+01
1.22305e+02 5.20000e+01
1.22495e+02 5.20000e+01
1.22688e+02 5.20000e+01
1.22878e+02 5.20000e+01
1.23072e+02 5.20000e+01
1.23283e+02 5.20000e+01
1.23476e+02 5.20000e+01
1.23671e+02 5.20000e+01
1.23861e+02 5.20000e+01
1.24051e+02 5.20000e+01
1.24242e+02 5.20000e+01
1.24431e+02 5.20000e+01
1.24625e+02 5.20000e+01
1.24815e+02 5.20000e+01
1.25003e+02 5.20000e+01
1.25194e+02 5.20000e+01
1.25382e+02 5.20000e+01
1.25575e+02 5.20000e+01
1.25765e+02 5.20000e+01
1.25955e+02 5.20000e+01
1.26144e+02 5.20000e+01
1.26334e+02 5.20000e+01
1.26527e+02 5.20000e+01
1.26715e+02 5.20000e+01
1.26904e+02 5.20000e+01
1.27093e+02 5.20000e+01
1.27282e+02 5.20000e+01
1.27472e+02 5.20000e+01
1.27666e+02 5.20000e+01
1.27857e+02 5.20000e+01
1.28048e+02 5.20000e+01
1.28237e+02 5.20000e+01
1.28428e+02 5.20000e+01
1.28620e+02 5.20000e+01
1.28810e+02 5.20000e+01
1.29001e+02 5.20000e+01
1.29189e+02 5.20000e+01
1.29379e+02 5.20000e+01
1.29572e+02 5.20000e+01
1.29761e+02 5.20000e+01
1.29950e+02 5.20000e+01
1.30140e+02 5.20000e+01
1.30330e+02 5.20000e+01
1.30521e+02 5.20000e+01
1.30711e+02 5.20000e+01
1.30902e+02 5.20000e+01
1.31093e+02 5.20000e+01
1.31283e+02 5.20000e+01
1.31475e+02 5.20000e+01
1.31669e+02 5.20000e+01
1.31859e+02 5.20000e+01
1.32049e+02 5.20000e+01
1.32239e+02 5.20000e+01
1.32431e+02 5.20000e+01
1.32623e+02 5.20000e+01
1.32812e+02 5.20000e+01
1.33002e+02 5.20000e+01
1.33192e+02 5.20000e+01
1.33383e+02 5.20000e+01
1.33576e+02 5.20000e+01
1.33765e+02 5.20000e+01
1.33956e+02 5.20000e+01
1.34146e+02 5.20000e+01
1.34336e+02 5.20000e+01
1.34528e+02 5.20000e+01
1.34719e+02 5.20000e+01
1.34909e+02 5.20000e+01
1.35098e+02 5.20000e+01
1.35287e+02 5.20000e+01
1.35478e+02 5.20000e+01
1.35670e+02 5.20000e+01
1.35860e+02 5.20000e+01
1.36050e+02 5.20000e+01
1.36241e+02 5.20000e+01
1.36430e+02 5.20000e+01
1.36622e+02 5.20000e+01
1.36812e+02 5.20000e+01
1.37003e+02 5.20000e+01
1.37191e+02 5.20000e+01
1.37382e+02 5.20000e+01
1.37575e+02 5.20000e+01
1.37765e+02 5.20000e+01
1.37954e+02 5.20000e+01
1.38159e+02 5.20000e+01
1.38363e+02 5.20000e+01
1.38556e+02 5.20000e+01
1.38745e+02 5.20000e+01
1.38935e+02 5.20000e+01
1.39124e+02 5.20000e+01
1.39312e+02 5.20000e+01
1.39502e+02 5.20000e+01
1.39695e+02 5.20000e+01
1.39884e+02 5.20000e+01
1.40073e+02 5.20000e+01
1.40263e+02 5.20000e+01
1.40451e+02 5.20000e+01
1.40643e+02 5.20000e+01
1.40833e+02 5.20000e+01
1.41023e+02 5.20000e+01
1.41212e+02 5.20000e+01
1.41403e+02 5.20000e+01
1.41599e+02 5.20000e+01
1.41789e+02 5.20000e+01
1.41979e+02 5.20000e+01
1.42171e+02 5.20000e+01
1.42361e+02 5.20000e+01
1.42553e+02 5.20000e+01
1.42745e+02 5.20000e+01
1.42936e+02 5.20000e+01
1.43128e+02 5.20000e+01
1.43318e+02 5.20000e+01
1.43509e+02 5.20000e+01
1.43703e+02 5.20000e+01
1.43894e+02 5.20000e+01
1.44084e+02 5.20000e+01
1.44275e+02 5.20000e+01
1.44465e+02 5.20000e+01
1.44657e+02 5.20000e+01
1.44849e+02 5.20000e+01
1.45040e+02 5.20000e+01
1.45231e+02 5.20000e+01
1.45423e+02 5.20000e+01
1.45617e+02 5.20000e+01
1.45807e+02 5.20000e+01
1.45997e+02 5.20000e+01
1.46188e+02 5.20000e+01
1.46379e+02 5.20000e+01
1.46573e+02 5.20000e+01
1.46764e+02 5.20000e+01
1.46955e+02 5.20000e+01
1.47148e+02 5.20000e+01
1.47339e+02 5.20000e+01
1.47531e+02 5.20000e+01
1.47722e+02 5.20000e+01
1.47911e+02 5.20000e+01
1.48102e+02 5.20000e+01
1.48294e+02 5.20000e+01
1.48486e+02 5.20000e+01
1.48679e+02 5.20000e+01
1.48870e+02 5.20000e+01
1.49061e+02 5.20000e+01
1.49250e+02 5.20000e+01
1.49443e+02 5.20000e+01
1.49637e+02 5.20000e+01
1.49828e+02 5.20000e+01
1.50019e+02 5.20000e+01
1.50209e+02 5.20000e+01
1.50400e+02 5.20000e+01
1.50594e+02 5.20000e+01
1.50785e+02 5.20000e+01
1.50976e+02 5.20000e+01
1.51166e+02 5.20000e+01
1.51357e+02 5.20000e+01
1.51551e+02 5.20000e+01
1.51742e+02 5.20000e+01
1.51934e+02 5.20000e+01
1.52123e+02 5.20000e+01
1.52314e+02 5.20000e+01
1.52504e+02 5.20000e+01
1.52699e+02 5.20000e+01
1.52890e+02 5.20000e+01
1.53087e+02 5.20000e+01
1.53299e+02 5.20000e+01
1.53504e+02 5.20000e+01
1.53698e+02 5.20000e+01
1.53889e+02 5.20000e+01
1.54079e+02 5.20000e+01
1.54267e+02 5.20000e+01
1.54457e+02 5.20000e+01
1.54652e+02 5.20000e+01
1.54840e+02 5.20000e+01
1.55032e+02 5.20000e+01
1.55223e+02 5.20000e+01
1.55414e+02 5.20000e+01
1.55607e+02 5.20000e+01
1.55798e+02 5.20000e+01
1.55988e+02 5.20000e+01
1.56178e+02 5.20000e+01
1.56369e+02 5.20000e+01
1.56562e+02 5.20000e+01
1.56753e+02 5.20000e+01
1.56944e+02 5.20000e+01
1.57137e+02 5.20000e+01
1.57327e+02 5.20000e+01
1.57519e+02 5.20000e+01
1.57714e+02 5.20000e+01
1.57904e+02 5.20000e+01
1.58094e+02 5.20000e+01
1.58285e+02 5.20000e+01
1.58476e+02 5.20000e+01
1.58669e+02 5.20000e+01
1.58859e+02 5.20000e+01
1.59049e+02 5.20000e+01
1.59241e+02 5.20000e+01
1.59430e+02 5.20000e+01
1.59622e+02 5.20000e+01
1.59813e+02 5.20000e+01
1.60004e+02 5.20000e+01
1.60195e+02 5.20000e+01
1.60385e+02 5.20000e+01
1.60579e+02 5.20000e+01
1.60770e+02 5.20000e+01
1.60959e+02 5.20000e+01
1.61150e+02 5.20000e+01
1.61341e+02 5.20000e+01
1.61532e+02 5.20000e+01
1.61724e+02 5.20000e+01
1.61914e+02 5.20000e+01
1.62106e+02 5.20000e+01
1.62297e+02 5.20000e+01
1.62487e+02 5.20000e+01
1.62681e+02 5.20000e+01
1.62873e+02 5.20000e+01
1.63062e+02 5.20000e+01
1.63254e+02 5.20000e+01
1.63446e+02 5.20000e+01
1.63639e+02 5.20000e+01
1.63831e+02 5.20000e+01
1.64022e+02 5.20000e+01
1.64212e+02 5.20000e+01
1.64401e+02 5.20000e+01
1.64598e+02 5.20000e+01
1.64793e+02 5.20000e+01
1.64985e+02 5.20000e+01
1.65177e+02 5.20000e+01
1.65369e+02 5.20000e+01
1.65562e+02 5.20000e+01
1.65755e+02 5.20000e+01
1.65947e+02 5.20000e+01
1.66140e+02 5.20000e+01
1.66331e+02 5.20000e+01
1.66523e+02 5.20000e+01
1.66718e+02 5.20000e+01
1.66910e+02 5.20000e+01
1.67102e+02 5.20000e+01
1.67294e+02 5.20000e+01
1.67486e+02 5.20000e+01
1.67680e+02 5.20000e+01
1.67871e+02 5.20000e+01
1.68065e+02 5.20000e+01
1.68281e+02 5.20000e+01
1.68482e+02 5.20000e+01
1.68675e+02 5.20000e+01
1.68866e+02 5.20000e+01
1.69058e+02 5.20000e+01
1.69250e+02 5.20000e+01
1.69440e+02 5.20000e+01
1.69635e+02 5.20000e+01
1.69825e+02 5.20000e+01
1.70014e+02 5.20000e+01
1.70206e+02 5.20000e+01
1.70396e+02 5.20000e+01
1.70588e+02 5.20000e+01
1.70780e+02 5.20000e+01
1.70972e+02 5.20000e+01
1.71163e+02 5.20000e+01
1.71354e+02 5.20000e+01
1.71547e+02 5.20000e+01
1.71740e+02 5.20000e+01
1.71931e+02 5.20000e+01
1.72124e+02 5.20000e+01
1.72315e+02 5.20000e+01
1.72506e+02 5.20000e+01
1.72711e+02 5.20000e+01
1.72902e+02 5.20000e+01
1.73094e+02 5.20000e+01
1.73285e+02 5.20000e+01
1.73477e+02 5.20000e+01
1.73671e+02 5.20000e+01
1.73864e+02 5.20000e+01
1.74055e+02 5.20000e+01
1.74247e+02 5.20000e+01
1.74437e+02 5.20000e+01
1.74632e+02 5.20000e+01
1.74822e+02 5.20000e+01
1.75013e+02 5.20000e+01
1.75205e+02 5.20000e+01
1.75397e+02 5.20000e+01
1.75591e+02 5.20000e+01
1.75782e+02 5.20000e+01
1.75974e+02 5.20000e+01
1.76166e+02 5.20000e+01
1.76356e+02 5.20000e+01
1.76548e+02 5.20000e+01
1.76741e+02 5.20000e+01
1.76933e+02 5.20000e+01
1.77125e+02 5.20000e+01
1.77314e+02 5.20000e+01
1.77505e+02 5.20000e+01
1.77697e+02 5.20000e+01
1.77887e+02 5.20000e+01
1.78078e+02 5.20000e+01
1.78268e+02 5.20000e+01
1.78461e+02 5.20000e+01
1.78655e+02 5.20000e+01
1.78846e+02 5.20000e+01
1.79039e+02 5.20000e+01
1.79229e+02 5.20000e+01
1.79419e+02 5.20000e+01
1.79612e+02 5.20000e+01
1.79803e+02 5.20000e+01
1.79995e+02 5.20000e+01
1.80185e+02 5.20000e+01
1.80376e+02 5.20000e+01
1.80566e+02 5.20000e+01
1.80760e+02 5.20000e+01
1.80951e+02 5.20000e+01
1.81142e+02 5.20000e+01
1.81333e+02 5.20000e+01
1.81525e+02 5.20000e+01
1.81719e+02 5.20000e+01
1.81909e+02 5.20000e+01
1.82100e+02 5.20000e+01
1.82292e+02 5.20000e+01
1.82483e+02 5.20000e+01
1.82677e+02 5.20000e+01
1.82870e+02 5.20000e+01
1.83064e+02 5.20000e+01
1.83276e+02 5.20000e+01
1.83472e+02 5.20000e+01
1.83666e+02 5.20000e+01
1.83857e+02 5.20000e+01
1.84048e+02 5.20000e+01
1.84238e+02 5.20000e+01
1.84429e+02 5.20000e+01
1.84625e+02 5.20000e+01
1.84815e+02 5.20000e+01
1.85006e+02 5.20000e+01
1.85198e+02 5.20000e+01
1.85392e+02 5.20000e+01
1.85584e+02 5.20000e+01
1.85776e+02 5.20000e+01
1.85969e+02 5.20000e+01
1.86160e+02 5.20000e+01
1.86351e+02 5.20000e+01
1.86543e+02 5.20000e+01
1.86735e+02 5.20000e+01
1.86924e+02 5.20000e+01
1.87115e+02 5.20000e+01
1.87306e+02 5.20000e+01
1.87496e+02 5.20000e+01
1.87690e+02 5.20000e+01
1.87881e+02 5.20000e+01
1.88072e+02 5.20000e+01
1.88263e+02 5.20000e+01
1.88453e+02 5.20000e+01
1.88649e+02 5.20000e+01
1.88840e+02 5.20000e+01
1.89030e+02 5.20000e+01
1.89221e+02 5.20000e+01
1.89413e+02 5.20000e+01
1.89606e+02 5.20000e+01
1.89798e+02 5.20000e+01
1.89989e+02 5.20000e+01
1.90181e+02 5.20000e+01
1.90371e+02 5.20000e+01
1.90562e+02 5.20000e+01
1.90756e+02 5.20000e+01
1.90946e+02 5.20000e+01
1.91137e+02 5.20000e+01
