2.00560e-02 7.13000e+02
2.17108e-01 4.86000e+02
4.11243e-01 4.23000e+02
6.04314e-01 3.85000e+02
7.97120e-01 3.31000e+02
9.89464e-01 3.07000e+02
1.18655e+00 2.51000e+02
1.37662e+00 2.48000e+02
1.56717e+00 2.34000e+02
1.75655e+00 2.43000e+02
1.94911e+00 3.00000e+02
2.14446e+00 2.67000e+02
2.33644e+00 2.91000e+02
2.52946e+00 2.91000e+02
2.72207e+00 2.75000e+02
2.91365e+00 2.62000e+02
3.10886e+00 2.29000e+02
3.30146e+00 2.54000e+02
3.49541e+00 2.19000e+02
3.68737e+00 1.94000e+02
3.87811e+00 2.08000e+02
4.06945e+00 1.99000e+02
4.26474e+00 1.75000e+02
4.45658e+00 1.87000e+02
4.65467e+00 1.79000e+02
4.86117e+00 2.06000e+02
5.05323e+00 1.78000e+02
5.24778e+00 1.41000e+02
5.43957e+00 1.43000e+02
5.63038e+00 1.33000e+02
5.82071e+00 1.50000e+02
6.01139e+00 1.40000e+02
6.20420e+00 1.21000e+02
6.39371e+00 1.16000e+02
6.58390e+00 1.24000e+02
6.77435e+00 1.22000e+02
6.96683e+00 1.26000e+02
7.16319e+00 1.49000e+02
7.35439e+00 1.53000e+02
7.54474e+00 1.69000e+02
7.73582e+00 1.46000e+02
7.92769e+00 1.35000e+02
8.12128e+00 1.15000e+02
8.31348e+00 1.17000e+02
8.50513e+00 1.30000e+02
8.69547e+00 1.89000e+02
8.88560e+00 1.85000e+02
9.07737e+00 1.64000e+02
9.27124e+00 1.97000e+02
9.46266e+00 1.54000e+02
9.65168e+00 1.78000e+02
9.84230e+00 2.21000e+02
1.00330e+01 2.45000e+02
1.02282e+01 2.09000e+02
1.04192e+01 1.70000e+02
1.06110e+01 1.62000e+02
1.08021e+01 1.49000e+02
1.09924e+01 1.53000e+02
1.11860e+01 1.37000e+02
1.13774e+01 1.17000e+02
1.15680e+01 1.36000e+02
1.17588e+01 1.02000e+02
1.19497e+01 1.04000e+02
1.21419e+01 1.06000e+02
1.23322e+01 1.31000e+02
1.25220e+01 1.50000e+02
1.27123e+01 1.94000e+02
1.29025e+01 1.38000e+02
1.30931e+01 1.43000e+02
1.32876e+01 1.53000e+02
1.34776e+01 1.85000e+02
1.36683e+01 2.25000e+02
1.38591e+01 1.68000e+02
1.40500e+01 1.10000e+02
1.42451e+01 1.29000e+02
1.44368e+01 1.39000e+02
1.46281e+01 1.40000e+02
1.48186e+01 1.41000e+02
1.50099e+01 1.38000e+02
1.52030e+01 1.39000e+02
1.53935e+01 1.33000e+02
1.55847e+01 1.04000e+02
1.57750e+01 1.06000e+02
1.59643e+01 9.70000e+01
1.61576e+01 1.01000e+02
1.63489e+01 1.17000e+02
1.65399e+01 1.06000e+02
1.67289e+01 1.18000e+02
1.69197e+01 1.07000e+02
1.71114e+01 1.18000e+02
1.73054e+01 1.22000e+02
1.74961e+01 1.51000e+02
1.76870e+01 1.41000e+02
1.78769e+01 1.56000e+02
1.80673e+01 1.14000e+02
1.82605e+01 1.32000e+02
1.84508e+01 1.22000e+02
1.86410e+01 1.17000e+02
1.88309e+01 9.00000e+01
1.90219e+01 1.05000e+02
1.92154e+01 1.39000e+02
1.94058e+01 1.23000e+02
1.95971e+01 1.01000e+02
1.98139e+01 1.27000e+02
2.00169e+01 1.18000e+02
2.02126e+01 1.18000e+02
2.04030e+01 1.10000e+02
2.05948e+01 1.16000e+02
2.07857e+01 1.22000e+02
2.09758e+01 1.13000e+02
2.11691e+01 8.10000e+01
2.13603e+01 9.00000e+01
2.15526e+01 7.90000e+01
2.17435e+01 9.50000e+01
2.19324e+01 7.20000e+01
2.21239e+01 9.00000e+01
2.23187e+01 8.20000e+01
2.25100e+01 9.30000e+01
2.27002e+01 7.60000e+01
2.28904e+01 9.70000e+01
2.30815e+01 8.40000e+01
2.32741e+01 9.90000e+01
2.34640e+01 7.70000e+01
2.36550e+01 8.00000e+01
2.38441e+01 1.14000e+02
2.40337e+01 1.12000e+02
2.42267e+01 1.36000e+02
2.44167e+01 1.49000e+02
2.46077e+01 1.14000e+02
2.48002e+01 1.13000e+02
2.49899e+01 1.24000e+02
2.51825e+01 1.23000e+02
2.53701e+01 9.80000e+01
2.55601e+01 9.80000e+01
2.57495e+01 8.90000e+01
2.59382e+01 8.90000e+01
2.61271e+01 8.90000e+01
2.63196e+01 8.90000e+01
2.65081e+01 8.90000e+01
2.66977e+01 8.90000e+01
2.68868e+01 8.90000e+01
2.70771e+01 8.90000e+01
2.72689e+01 8.90000e+01
2.74592e+01 8.90000e+01
2.76491e+01 8.90000e+01
2.78378e+01 8.90000e+01
2.80279e+01 8.90000e+01
2.82208e+01 8.90000e+01
2.84092e+01 8.90000e+01
2.85991e+01 8.90000e+01
2.87872e+01 8.90000e+01
2.89772e+01 8.90000e+01
2.91702e+01 8.90000e+01
2.93613e+01 8.90000e+01
2.95510e+01 8.90000e+01
2.97416e+01 8.90000e+01
2.99323e+01 8.90000e+01
3.01223e+01 8.90000e+01
3.03138e+01 8.90000e+01
3.05031e+01 8.90000e+01
3.06914e+01 8.90000e+01
3.08801e+01 8.90000e+01
3.10699e+01 8.90000e+01
3.12619e+01 8.90000e+01
3.14503e+01 8.90000e+01
3.16394e+01 8.90000e+01
3.18282e+01 8.90000e+01
3.20171e+01 8.90000e+01
3.22085e+01 8.90000e+01
3.23965e+01 8.90000e+01
3.25846e+01 8.90000e+01
3.27744e+01 8.90000e+01
3.29641e+01 8.90000e+01
3.31572e+01 8.90000e+01
3.33447e+01 8.90000e+01
3.35329e+01 8.90000e+01
3.37226e+01 8.90000e+01
3.39118e+01 8.90000e+01
3.41017e+01 8.90000e+01
3.42953e+01 8.90000e+01
3.44844e+01 8.90000e+01
3.46850e+01 8.90000e+01
3.48851e+01 8.90000e+01
3.50755e+01 8.90000e+01
3.52678e+01 8.90000e+01
3.54576e+01 8.90000e+01
3.56485e+01 8.90000e+01
3.58392e+01 8.90000e+01
3.60295e+01 8.90000e+01
3.62239e+01 8.90000e+01
3.64131e+01 8.90000e+01
3.66021e+01 8.90000e+01
3.67911e+01 8.90000e+01
3.69803e+01 8.90000e+01
3.71726e+01 8.90000e+01
3.73619e+01 8.90000e+01
3.75508e+01 8.90000e+01
3.77391e+01 8.90000e+01
3.79280e+01 8.90000e+01
3.81171e+01 8.90000e+01
3.83079e+01 8.90000e+01
3.84965e+01 8.90000e+01
3.86864e+01 8.90000e+01
3.88745e+01 8.90000e+01
3.90632e+01 8.90000e+01
3.92561e+01 8.90000e+01
3.94453e+01 8.90000e+01
3.96339e+01 8.90000e+01
3.98214e+01 8.90000e+01
4.00107e+01 8.90000e+01
4.02019e+01 8.90000e+01
4.03918e+01 8.90000e+01
4.05822e+01 8.90000e+01
4.07711e+01 8.90000e+01
4.09595e+01 8.90000e+01
4.11492e+01 8.90000e+01
4.13407e+01 8.90000e+01
4.15296e+01 8.90000e+01
4.17188e+01 8.90000e+01
4.19078e+01 8.90000e+01
4.20961e+01 8.90000e+01
4.22870e+01 8.90000e+01
4.24735e+01 8.90000e+01
4.26632e+01 8.90000e+01
4.28516e+01 8.90000e+01
4.30419e+01 8.90000e+01
4.32340e+01 8.90000e+01
4.34230e+01 8.90000e+01
4.36108e+01 8.90000e+01
4.37977e+01 8.90000e+01
4.39885e+01 8.90000e+01
4.41817e+01 8.90000e+01
4.43724e+01 8.90000e+01
4.45623e+01 8.90000e+01
4.47522e+01 8.90000e+01
4.49415e+01 8.90000e+01
4.51319e+01 8.90000e+01
4.53233e+01 8.90000e+01
4.55136e+01 8.90000e+01
4.57035e+01 8.90000e+01
4.58939e+01 8.90000e+01
4.60886e+01 8.90000e+01
4.62813e+01 8.90000e+01
4.64695e+01 8.90000e+01
4.66573e+01 8.90000e+01
4.68456e+01 8.90000e+01
4.70347e+01 8.90000e+01
4.72270e+01 8.90000e+01
4.74147e+01 8.90000e+01
4.76041e+01 8.90000e+01
4.77936e+01 8.90000e+01
4.79842e+01 8.90000e+01
4.81776e+01 8.90000e+01
4.83671e+01 8.90000e+01
4.85573e+01 8.90000e+01
4.87467e+01 8.90000e+01
4.89366e+01 8.90000e+01
4.91250e+01 8.90000e+01
4.93173e+01 8.90000e+01
4.95050e+01 8.90000e+01
4.97075e+01 8.90000e+01
4.99119e+01 8.90000e+01
5.01018e+01 8.90000e+01
5.02951e+01 8.90000e+01
5.04834e+01 8.90000e+01
5.06706e+01 8.90000e+01
5.08582e+01 8.90000e+01
5.10470e+01 8.90000e+01
5.12382e+01 8.90000e+01
5.14280e+01 8.90000e+01
5.16174e+01 8.90000e+01
5.18067e+01 8.90000e+01
5.19955e+01 8.90000e+01
5.21873e+01 8.90000e+01
5.23759e+01 8.90000e+01
5.25633e+01 8.90000e+01
5.27518e+01 8.90000e+01
5.29386e+01 8.90000e+01
5.31267e+01 8.90000e+01
5.33186e+01 8.90000e+01
5.35066e+01 8.90000e+01
5.36950e+01 8.90000e+01
5.38821e+01 8.90000e+01
5.40708e+01 8.90000e+01
5.42637e+01 8.90000e+01
5.44521e+01 8.90000e+01
5.46396e+01 8.90000e+01
5.48295e+01 8.90000e+01
5.50197e+01 8.90000e+01
5.52113e+01 8.90000e+01
5.53998e+01 8.90000e+01
5.55892e+01 8.90000e+01
5.57778e+01 8.90000e+01
5.59689e+01 8.90000e+01
5.61571e+01 8.90000e+01
5.63489e+01 8.90000e+01
5.65372e+01 8.90000e+01
5.67265e+01 8.90000e+01
5.69149e+01 8.90000e+01
5.71035e+01 8.90000e+01
5.72944e+01 8.90000e+01
5.74830e+01 8.90000e+01
5.76728e+01 8.90000e+01
5.78604e+01 8.90000e+01
5.80487e+01 8.90000e+01
5.82410e+01 8.90000e+01
5.84299e+01 8.90000e+01
5.86198e+01 8.90000e+01
5.88084e+01 8.90000e+01
5.89981e+01 8.90000e+01
5.91893e+01 8.90000e+01
5.93808e+01 8.90000e+01
5.95700e+01 8.90000e+01
5.97584e+01 8.90000e+01
5.99470e+01 8.90000e+01
6.01355e+01 8.90000e+01
6.03267e+01 8.90000e+01
6.05150e+01 8.90000e+01
6.07034e+01 8.90000e+01
6.08906e+01 8.90000e+01
6.10803e+01 8.90000e+01
6.12721e+01 8.90000e+01
6.14613e+01 8.90000e+01
6.16510e+01 8.90000e+01
6.18404e+01 8.90000e+01
6.20299e+01 8.90000e+01
6.22214e+01 8.90000e+01
6.24107e+01 8.90000e+01
6.26008e+01 8.90000e+01
6.27901e+01 8.90000e+01
6.29775e+01 8.90000e+01
6.31653e+01 8.90000e+01
6.33579e+01 8.90000e+01
6.35478e+01 8.90000e+01
6.37360e+01 8.90000e+01
6.39246e+01 8.90000e+01
6.41138e+01 8.90000e+01
6.43046e+01 8.90000e+01
6.44927e+01 8.90000e+01
6.46933e+01 8.90000e+01
6.49015e+01 8.90000e+01
6.51064e+01 8.90000e+01
6.52994e+01 8.90000e+01
6.54876e+01 8.90000e+01
6.56757e+01 8.90000e+01
6.58655e+01 8.90000e+01
6.60550e+01 8.90000e+01
6.62460e+01 8.90000e+01
6.64336e+01 8.90000e+01
6.66227e+01 8.90000e+01
6.68118e+01 8.90000e+01
6.70022e+01 8.90000e+01
6.71920e+01 8.90000e+01
6.73827e+01 8.90000e+01
6.75705e+01 8.90000e+01
6.77590e+01 8.90000e+01
6.79489e+01 8.90000e+01
6.81382e+01 8.90000e+01
6.83299e+01 8.90000e+01
6.85189e+01 8.90000e+01
6.87080e+01 8.90000e+01
6.88946e+01 8.90000e+01
6.90823e+01 8.90000e+01
6.92758e+01 8.90000e+01
6.94639e+01 8.90000e+01
6.96537e+01 8.90000e+01
6.98415e+01 8.90000e+01
7.00300e+01 8.90000e+01
7.02217e+01 8.90000e+01
7.04108e+01 8.90000e+01
7.06009e+01 8.90000e+01
7.07903e+01 8.90000e+01
7.09784e+01 8.90000e+01
7.11673e+01 8.90000e+01
7.13604e+01 8.90000e+01
7.15480e+01 8.90000e+01
7.17368e+01 8.90000e+01
7.19255e+01 8.90000e+01
7.21147e+01 8.90000e+01
7.23058e+01 8.90000e+01
7.24939e+01 8.90000e+01
7.26819e+01 8.90000e+01
7.28708e+01 8.90000e+01
7.30588e+01 8.90000e+01
7.32488e+01 8.90000e+01
7.34361e+01 8.90000e+01
7.36242e+01 8.90000e+01
7.38127e+01 8.90000e+01
7.39995e+01 8.90000e+01
7.41880e+01 8.90000e+01
7.43786e+01 8.90000e+01
7.45680e+01 8.90000e+01
7.47578e+01 8.90000e+01
7.49471e+01 8.90000e+01
7.51355e+01 8.90000e+01
7.53281e+01 8.90000e+01
7.55168e+01 8.90000e+01
7.57057e+01 8.90000e+01
7.58964e+01 8.90000e+01
7.60875e+01 8.90000e+01
7.62800e+01 8.90000e+01
7.64686e+01 8.90000e+01
7.66583e+01 8.90000e+01
7.68487e+01 8.90000e+01
7.70392e+01 8.90000e+01
7.72342e+01 8.90000e+01
7.74254e+01 8.90000e+01
7.76162e+01 8.90000e+01
7.78047e+01 8.90000e+01
7.79938e+01 8.90000e+01
7.81825e+01 8.90000e+01
7.83739e+01 8.90000e+01
7.85622e+01 8.90000e+01
7.87518e+01 8.90000e+01
7.89406e+01 8.90000e+01
7.91306e+01 8.90000e+01
7.93236e+01 8.90000e+01
7.95131e+01 8.90000e+01
7.97156e+01 8.90000e+01
7.99150e+01 8.90000e+01
8.01036e+01 8.90000e+01
8.02956e+01 8.90000e+01
8.04846e+01 8.90000e+01
8.06734e+01 8.90000e+01
8.08624e+01 8.90000e+01
8.10527e+01 8.90000e+01
8.12453e+01 8.90000e+01
8.14339e+01 8.90000e+01
8.16222e+01 8.90000e+01
8.18121e+01 8.90000e+01
8.20003e+01 8.90000e+01
8.21884e+01 8.90000e+01
8.23823e+01 8.90000e+01
8.25721e+01 8.90000e+01
8.27628e+01 8.90000e+01
8.29524e+01 8.90000e+01
8.31426e+01 8.90000e+01
8.33367e+01 8.90000e+01
8.35239e+01 8.90000e+01
8.37125e+01 8.90000e+01
8.39022e+01 8.90000e+01
8.40924e+01 8.90000e+01
8.42898e+01 8.90000e+01
8.44807e+01 8.90000e+01
8.46695e+01 8.90000e+01
8.48594e+01 8.90000e+01
8.50480e+01 8.90000e+01
8.52387e+01 8.90000e+01
8.54274e+01 8.90000e+01
8.56176e+01 8.90000e+01
8.58072e+01 8.90000e+01
8.59963e+01 8.90000e+01
8.61870e+01 8.90000e+01
8.63805e+01 8.90000e+01
8.65694e+01 8.90000e+01
8.67580e+01 8.90000e+01
8.69485e+01 8.90000e+01
8.71377e+01 8.90000e+01
8.73297e+01 8.90000e+01
8.75189e+01 8.90000e+01
8.77079e+01 8.90000e+01
8.78977e+01 8.90000e+01
8.80879e+01 8.90000e+01
8.82782e+01 8.90000e+01
8.84676e+01 8.90000e+01
8.86575e+01 8.90000e+01
8.88467e+01 8.90000e+01
8.90355e+01 8.90000e+01
8.92253e+01 8.90000e+01
8.94178e+01 8.90000e+01
8.96068e+01 8.90000e+01
8.97966e+01 8.90000e+01
8.99853e+01 8.90000e+01
9.01755e+01 8.90000e+01
9.03676e+01 8.90000e+01
9.05580e+01 8.90000e+01
9.07472e+01 8.90000e+01
9.09377e+01 8.90000e+01
9.11278e+01 8.90000e+01
9.13197e+01 8.90000e+01
9.15093e+01 8.90000e+01
9.16984e+01 8.90000e+01
9.18876e+01 8.90000e+01
9.20763e+01 8.90000e+01
9.22660e+01 8.90000e+01
9.24569e+01 8.90000e+01
9.26458e+01 8.90000e+01
9.28363e+01 8.90000e+01
9.30254e+01 8.90000e+01
9.32146e+01 8.90000e+01
9.34061e+01 8.90000e+01
9.35949e+01 8.90000e+01
9.37843e+01 8.90000e+01
9.39738e+01 8.90000e+01
9.41624e+01 8.90000e+01
9.43549e+01 8.90000e+01
9.45430e+01 8.90000e+01
9.47513e+01 8.90000e+01
9.49532e+01 8.90000e+01
9.51435e+01 8.90000e+01
9.53364e+01 8.90000e+01
9.55260e+01 8.90000e+01
9.57163e+01 8.90000e+01
9.59070e+01 8.90000e+01
9.60970e+01 8.90000e+01
9.62901e+01 8.90000e+01
9.64809e+01 8.90000e+01
9.66702e+01 8.90000e+01
9.68611e+01 8.90000e+01
9.70506e+01 8.90000e+01
9.72401e+01 8.90000e+01
9.74308e+01 8.90000e+01
9.76187e+01 8.90000e+01
9.78076e+01 8.90000e+01
9.79975e+01 8.90000e+01
9.81871e+01 8.90000e+01
9.83783e+01 8.90000e+01
9.85655e+01 8.90000e+01
9.87539e+01 8.90000e+01
9.89424e+01 8.90000e+01
9.91315e+01 8.90000e+01
9.93232e+01 8.90000e+01
9.95117e+01 8.90000e+01
9.96994e+01 8.90000e+01
9.98894e+01 8.90000e+01
1.00078e+02 8.90000e+01
1.00269e+02 8.90000e+01
1.00457e+02 8.90000e+01
1.00646e+02 8.90000e+01
1.00835e+02 8.90000e+01
1.01025e+02 8.90000e+01
1.01214e+02 8.90000e+01
1.01405e+02 8.90000e+01
1.01593e+02 8.90000e+01
1.01782e+02 8.90000e+01
1.01971e+02 8.90000e+01
1.02160e+02 8.90000e+01
1.02352e+02 8.90000e+01
1.02540e+02 8.90000e+01
1.02731e+02 8.90000e+01
1.02919e+02 8.90000e+01
1.03108e+02 8.90000e+01
1.03300e+02 8.90000e+01
1.03490e+02 8.90000e+01
1.03680e+02 8.90000e+01
1.03871e+02 8.90000e+01
1.04060e+02 8.90000e+01
1.04250e+02 8.90000e+01
1.04441e+02 8.90000e+01
1.04631e+02 8.90000e+01
1.04821e+02 8.90000e+01
1.05010e+02 8.90000e+01
1.05202e+02 8.90000e+01
1.05395e+02 8.90000e+01
1.05583e+02 8.90000e+01
1.05771e+02 8.90000e+01
1.05959e+02 8.90000e+01
1.06153e+02 8.90000e+01
1.06346e+02 8.90000e+01
1.06537e+02 8.90000e+01
1.06727e+02 8.90000e+01
1.06916e+02 8.90000e+01
1.07105e+02 8.90000e+01
1.07298e+02 8.90000e+01
1.07486e+02 8.90000e+01
1.07675e+02 8.90000e+01
1.07864e+02 8.90000e+01
1.08052e+02 8.90000e+01
1.08241e+02 8.90000e+01
1.08433e+02 8.90000e+01
1.08622e+02 8.90000e+01
1.08811e+02 8.90000e+01
1.08999e+02 8.90000e+01
1.09189e+02 8.90000e+01
1.09383e+02 8.90000e+01
1.09574e+02 8.90000e+01
1.09784e+02 8.90000e+01
1.09994e+02 8.90000e+01
1.10184e+02 8.90000e+01
1.10375e+02 8.90000e+01
1.10564e+02 8.90000e+01
1.10752e+02 8.90000e+01
1.10940e+02 8.90000e+01
1.11128e+02 8.90000e+01
1.11320e+02 8.90000e+01
1.11510e+02 8.90000e+01
1.11699e+02 8.90000e+01
1.11889e+02 8.90000e+01
1.12078e+02 8.90000e+01
1.12269e+02 8.90000e+01
1.12459e+02 8.90000e+01
1.12646e+02 8.90000e+01
1.12835e+02 8.90000e+01
1.13024e+02 8.90000e+01
1.13213e+02 8.90000e+01
1.13405e+02 8.90000e+01
1.13594e+02 8.90000e+01
1.13782e+02 8.90000e+01
1.13970e+02 8.90000e+01
1.14160e+02 8.90000e+01
1.14352e+02 8.90000e+01
1.14540e+02 8.90000e+01
1.14730e+02 8.90000e+01
1.14920e+02 8.90000e+01
1.15109e+02 8.90000e+01
1.15303e+02 8.90000e+01
1.15493e+02 8.90000e+01
1.15680e+02 8.90000e+01
1.15870e+02 8.90000e+01
1.16059e+02 8.90000e+01
1.16247e+02 8.90000e+01
1.16439e+02 8.90000e+01
1.16628e+02 8.90000e+01
1.16817e+02 8.90000e+01
1.17007e+02 8.90000e+01
1.17195e+02 8.90000e+01
1.17386e+02 8.90000e+01
1.17576e+02 8.90000e+01
1.17765e+02 8.90000e+01
1.17955e+02 8.90000e+01
1.18144e+02 8.90000e+01
1.18337e+02 8.90000e+01
1.18525e+02 8.90000e+01
1.18714e+02 8.90000e+01
1.18904e+02 8.90000e+01
1.19093e+02 8.90000e+01
1.19284e+02 8.90000e+01
1.19474e+02 8.90000e+01
1.19662e+02 8.90000e+01
1.19852e+02 8.90000e+01
1.20040e+02 8.90000e+01
1.20230e+02 8.90000e+01
1.20420e+02 8.90000e+01
1.20608e+02 8.90000e+01
1.20796e+02 8.90000e+01
1.20985e+02 8.90000e+01
1.21174e+02 8.90000e+01
1.21366e+02 8.90000e+01
1.21554e+02 8.90000e+01
1.21743e+02 8.90000e+01
1.21932e+02 8.90000e+01
1.22121e+02 8.90000e+01
1.22313e+02 8.90000e+01
1.22503e+02 8.90000e+01
1.22691e+02 8.90000e+01
1.22880e+02 8.90000e+01
1.23069e+02 8.90000e+01
1.23259e+02 8.90000e+01
1.23451e+02 8.90000e+01
1.23639e+02 8.90000e+01
1.23829e+02 8.90000e+01
1.24019e+02 8.90000e+01
1.24209e+02 8.90000e+01
1.24401e+02 8.90000e+01
1.24588e+02 8.90000e+01
1.24801e+02 8.90000e+01
1.24997e+02 8.90000e+01
1.25187e+02 8.90000e+01
1.25379e+02 8.90000e+01
1.25567e+02 8.90000e+01
1.25756e+02 8.90000e+01
1.25944e+02 8.90000e+01
1.26134e+02 8.90000e+01
1.26327e+02 8.90000e+01
1.26516e+02 8.90000e+01
1.26706e+02 8.90000e+01
1.26894e+02 8.90000e+01
1.27084e+02 8.90000e+01
1.27273e+02 8.90000e+01
1.27465e+02 8.90000e+01
1.27655e+02 8.90000e+01
1.27843e+02 8.90000e+01
1.28032e+02 8.90000e+01
1.28221e+02 8.90000e+01
1.28413e+02 8.90000e+01
1.28603e+02 8.90000e+01
1.28792e+02 8.90000e+01
1.28980e+02 8.90000e+01
1.29169e+02 8.90000e+01
1.29362e+02 8.90000e+01
1.29552e+02 8.90000e+01
1.29741e+02 8.90000e+01
1.29931e+02 8.90000e+01
1.30121e+02 8.90000e+01
1.30312e+02 8.90000e+01
1.30502e+02 8.90000e+01
1.30692e+02 8.90000e+01
1.30881e+02 8.90000e+01
1.31070e+02 8.90000e+01
1.31260e+02 8.90000e+01
1.31452e+02 8.90000e+01
1.31642e+02 8.90000e+01
1.31831e+02 8.90000e+01
1.32020e+02 8.90000e+01
1.32209e+02 8.90000e+01
1.32403e+02 8.90000e+01
1.32592e+02 8.90000e+01
1.32781e+02 8.90000e+01
1.32969e+02 8.90000e+01
1.33158e+02 8.90000e+01
1.33348e+02 8.90000e+01
1.33538e+02 8.90000e+01
1.33727e+02 8.90000e+01
1.33916e+02 8.90000e+01
1.34105e+02 8.90000e+01
1.34294e+02 8.90000e+01
1.34487e+02 8.90000e+01
1.34676e+02 8.90000e+01
1.34865e+02 8.90000e+01
1.35054e+02 8.90000e+01
1.35243e+02 8.90000e+01
1.35433e+02 8.90000e+01
1.35621e+02 8.90000e+01
1.35810e+02 8.90000e+01
1.36000e+02 8.90000e+01
1.36188e+02 8.90000e+01
1.36380e+02 8.90000e+01
1.36570e+02 8.90000e+01
1.36758e+02 8.90000e+01
1.36948e+02 8.90000e+01
1.37137e+02 8.90000e+01
1.37329e+02 8.90000e+01
1.37519e+02 8.90000e+01
1.37708e+02 8.90000e+01
1.37897e+02 8.90000e+01
1.38088e+02 8.90000e+01
1.38277e+02 8.90000e+01
1.38469e+02 8.90000e+01
1.38659e+02 8.90000e+01
1.38848e+02 8.90000e+01
1.39037e+02 8.90000e+01
1.39226e+02 8.90000e+01
1.39417e+02 8.90000e+01
1.39608e+02 8.90000e+01
1.39823e+02 8.90000e+01
1.40018e+02 8.90000e+01
1.40207e+02 8.90000e+01
1.40401e+02 8.90000e+01
1.40590e+02 8.90000e+01
1.40780e+02 8.90000e+01
1.40970e+02 8.90000e+01
1.41158e+02 8.90000e+01
1.41349e+02 8.90000e+01
1.41540e+02 8.90000e+01
1.41729e+02 8.90000e+01
1.41918e+02 8.90000e+01
1.42106e+02 8.90000e+01
1.42294e+02 8.90000e+01
1.42487e+02 8.90000e+01
1.42676e+02 8.90000e+01
1.42866e+02 8.90000e+01
1.43055e+02 8.90000e+01
1.43244e+02 8.90000e+01
1.43436e+02 8.90000e+01
1.43624e+02 8.90000e+01
1.43814e+02 8.90000e+01
1.44002e+02 8.90000e+01
1.44192e+02 8.90000e+01
1.44384e+02 8.90000e+01
1.44573e+02 8.90000e+01
1.44762e+02 8.90000e+01
1.44951e+02 8.90000e+01
1.45140e+02 8.90000e+01
1.45331e+02 8.90000e+01
1.45521e+02 8.90000e+01
1.45710e+02 8.90000e+01
1.45900e+02 8.90000e+01
1.46090e+02 8.90000e+01
1.46278e+02 8.90000e+01
1.46470e+02 8.90000e+01
1.46658e+02 8.90000e+01
1.46845e+02 8.90000e+01
1.47032e+02 8.90000e+01
1.47221e+02 8.90000e+01
1.47412e+02 8.90000e+01
1.47601e+02 8.90000e+01
1.47789e+02 8.90000e+01
1.47977e+02 8.90000e+01
1.48167e+02 8.90000e+01
1.48358e+02 8.90000e+01
1.48547e+02 8.90000e+01
1.48735e+02 8.90000e+01
1.48922e+02 8.90000e+01
1.49110e+02 8.90000e+01
1.49299e+02 8.90000e+01
1.49491e+02 8.90000e+01
1.49680e+02 8.90000e+01
1.49869e+02 8.90000e+01
1.50059e+02 8.90000e+01
1.50247e+02 8.90000e+01
1.50439e+02 8.90000e+01
1.50629e+02 8.90000e+01
1.50817e+02 8.90000e+01
1.51006e+02 8.90000e+01
1.51196e+02 8.90000e+01
1.51388e+02 8.90000e+01
1.51579e+02 8.90000e+01
1.51768e+02 8.90000e+01
1.51956e+02 8.90000e+01
1.52144e+02 8.90000e+01
1.52335e+02 8.90000e+01
1.52525e+02 8.90000e+01
1.52714e+02 8.90000e+01
1.52903e+02 8.90000e+01
1.53092e+02 8.90000e+01
1.53280e+02 8.90000e+01
1.53473e+02 8.90000e+01
1.53662e+02 8.90000e+01
1.53853e+02 8.90000e+01
1.54043e+02 8.90000e+01
1.54232e+02 8.90000e+01
1.54423e+02 8.90000e+01
1.54612e+02 8.90000e+01
1.54828e+02 8.90000e+01
1.55026e+02 8.90000e+01
1.55217e+02 8.90000e+01
1.55408e+02 8.90000e+01
1.55598e+02 8.90000e+01
1.55786e+02 8.90000e+01
1.55975e+02 8.90000e+01
1.56164e+02 8.90000e+01
1.56356e+02 8.90000e+01
1.56544e+02 8.90000e+01
1.56733e+02 8.90000e+01
1.56920e+02 8.90000e+01
1.57109e+02 8.90000e+01
1.57297e+02 8.90000e+01
1.57488e+02 8.90000e+01
1.57677e+02 8.90000e+01
1.57867e+02 8.90000e+01
1.58055e+02 8.90000e+01
1.58244e+02 8.90000e+01
1.58436e+02 8.90000e+01
1.58626e+02 8.90000e+01
1.58815e+02 8.90000e+01
1.59003e+02 8.90000e+01
1.59200e+02 8.90000e+01
1.59399e+02 8.90000e+01
1.59590e+02 8.90000e+01
1.59779e+02 8.90000e+01
1.59967e+02 8.90000e+01
1.60156e+02 8.90000e+01
1.60348e+02 8.90000e+01
1.60538e+02 8.90000e+01
1.60727e+02 8.90000e+01
1.60917e+02 8.90000e+01
1.61107e+02 8.90000e+01
1.61296e+02 8.90000e+01
1.61487e+02 8.90000e+01
1.61676e+02 8.90000e+01
1.61864e+02 8.90000e+01
1.62052e+02 8.90000e+01
1.62242e+02 8.90000e+01
1.62433e+02 8.90000e+01
1.62621e+02 8.90000e+01
1.62810e+02 8.90000e+01
1.62998e+02 8.90000e+01
1.63188e+02 8.90000e+01
1.63380e+02 8.90000e+01
1.63569e+02 8.90000e+01
1.63759e+02 8.90000e+01
1.63948e+02 8.90000e+01
1.64136e+02 8.90000e+01
1.64323e+02 8.90000e+01
1.64514e+02 8.90000e+01
1.64704e+02 8.90000e+01
1.64893e+02 8.90000e+01
1.65084e+02 8.90000e+01
1.65274e+02 8.90000e+01
1.65465e+02 8.90000e+01
1.65654e+02 8.90000e+01
1.65842e+02 8.90000e+01
1.66030e+02 8.90000e+01
1.66226e+02 8.90000e+01
1.66419e+02 8.90000e+01
1.66609e+02 8.90000e+01
1.66798e+02 8.90000e+01
1.66989e+02 8.90000e+01
1.67181e+02 8.90000e+01
1.67372e+02 8.90000e+01
1.67562e+02 8.90000e+01
1.67752e+02 8.90000e+01
1.67941e+02 8.90000e+01
1.68130e+02 8.90000e+01
1.68320e+02 8.90000e+01
1.68511e+02 8.90000e+01
1.68698e+02 8.90000e+01
1.68888e+02 8.90000e+01
1.69077e+02 8.90000e+01
1.69265e+02 8.90000e+01
1.69458e+02 8.90000e+01
1.69652e+02 8.90000e+01
1.69859e+02 8.90000e+01
1.70055e+02 8.90000e+01
1.70245e+02 8.90000e+01
1.70436e+02 8.90000e+01
1.70625e+02 8.90000e+01
1.70813e+02 8.90000e+01
1.71001e+02 8.90000e+01
1.71190e+02 8.90000e+01
1.71384e+02 8.90000e+01
1.71574e+02 8.90000e+01
1.71764e+02 8.90000e+01
1.71954e+02 8.90000e+01
1.72145e+02 8.90000e+01
1.72335e+02 8.90000e+01
1.72528e+02 8.90000e+01
1.72716e+02 8.90000e+01
1.72905e+02 8.90000e+01
1.73095e+02 8.90000e+01
1.73285e+02 8.90000e+01
1.73478e+02 8.90000e+01
1.73668e+02 8.90000e+01
1.73858e+02 8.90000e+01
1.74047e+02 8.90000e+01
1.74248e+02 8.90000e+01
1.74443e+02 8.90000e+01
1.74634e+02 8.90000e+01
1.74822e+02 8.90000e+01
1.75011e+02 8.90000e+01
1.75201e+02 8.90000e+01
1.75391e+02 8.90000e+01
1.75579e+02 8.90000e+01
1.75769e+02 8.90000e+01
1.75957e+02 8.90000e+01
1.76147e+02 8.90000e+01
1.76335e+02 8.90000e+01
1.76527e+02 8.90000e+01
1.76717e+02 8.90000e+01
1.76907e+02 8.90000e+01
1.77097e+02 8.90000e+01
1.77287e+02 8.90000e+01
1.77480e+02 8.90000e+01
1.77669e+02 8.90000e+01
1.77858e+02 8.90000e+01
1.78047e+02 8.90000e+01
1.78238e+02 8.90000e+01
1.78430e+02 8.90000e+01
1.78621e+02 8.90000e+01
1.78810e+02 8.90000e+01
1.79000e+02 8.90000e+01
1.79190e+02 8.90000e+01
1.79381e+02 8.90000e+01
1.79571e+02 8.90000e+01
1.79760e+02 8.90000e+01
1.79950e+02 8.90000e+01
1.80139e+02 8.90000e+01
1.80328e+02 8.90000e+01
1.80519e+02 8.90000e+01
1.80709e+02 8.90000e+01
1.80899e+02 8.90000e+01
1.81088e+02 8.90000e+01
1.81275e+02 8.90000e+01
1.81467e+02 8.90000e+01
1.81656e+02 8.90000e+01
1.81845e+02 8.90000e+01
1.82034e+02 8.90000e+01
1.82224e+02 8.90000e+01
1.82415e+02 8.90000e+01
1.82604e+02 8.90000e+01
1.82793e+02 8.90000e+01
1.82982e+02 8.90000e+01
1.83171e+02 8.90000e+01
1.83360e+02 8.90000e+01
1.83551e+02 8.90000e+01
1.83741e+02 8.90000e+01
1.83931e+02 8.90000e+01
1.84119e+02 8.90000e+01
1.84309e+02 8.90000e+01
1.84502e+02 8.90000e+01
1.84703e+02 8.90000e+01
1.84903e+02 8.90000e+01
1.85091e+02 8.90000e+01
1.85280e+02 8.90000e+01
1.85473e+02 8.90000e+01
1.85660e+02 8.90000e+01
1.85850e+02 8.90000e+01
1.86039e+02 8.90000e+01
1.86227e+02 8.90000e+01
1.86418e+02 8.90000e+01
1.86607e+02 8.90000e+01
1.86797e+02 8.90000e+01
1.86986e+02 8.90000e+01
1.87175e+02 8.90000e+01
1.87365e+02 8.90000e+01
1.87556e+02 8.90000e+01
1.87747e+02 8.90000e+01
1.87936e+02 8.90000e+01
1.88124e+02 8.90000e+01
1.88312e+02 8.90000e+01
1.88505e+02 8.90000e+01
1.88693e+02 8.90000e+01
1.88883e+02 8.90000e+01
1.89072e+02 8.90000e+01
1.89275e+02 8.90000e+01
1.89474e+02 8.90000e+01
1.89662e+02 8.90000e+01
1.89851e+02 8.90000e+01
1.90039e+02 8.90000e+01
1.90228e+02 8.90000e+01
